3895	3644
-36591	-35767
4527	4620
-19035	-12567
6620	6567
4316	4479
6295	6385
-31000	-30449
-1472	2709
5037	5485
4591	4332
-17146	-21755
-1542	115
3946	4026
-2582	-979
647	1244
4272	4273
5899	6003
111	-185
-642	-444
-22181	-24455
5695	3362
723	268
-7401	-6544
5963	5679
-4082	-5738
4897	5415
5044	5456
583	650
5388	5573
-22959	-21667
-28958	-28432
4227	3085
4431	4156
2912	2473
4897	4820
5695	5873
1381	985
-11179	-11814
4871	5667
2689	-656
5325	5209
4661	5197
6780	6903
5982	6444
-25857	-25861
7182	7267
5822	5967
5497	5532
4731	4285
4386	3385
2580	3632
4246	2732
-11587	-13867
4463	4332
4757	4568
12721	-11314
5701	5520
6352	2132
4903	5238
-34868	-36055
2823	2709
5561	5597
7137	7362
4693	4815
3838	4091
3129	3244
5165	5797
-26418	-24938
-776	-2062
5382	4491
2612	2826
-30330	-29720
4757	4832
6792	6879
257	597
5822	6079
-2314	-2126
6320	6379
6537	6279
4871	4415
5286	4867
4591	4650
-438	-8644
2051	1821
1406	203
3850	3791
251	2303
5242	4756
4584	-826
4559	4685
4961	4750
5133	5003
4463	4138
3697	2809
4840	4509
2676	4362
5037	4938
-7445	-6191
5522	5379
-29028	-29679
-9762	-11762
-1095	4609
-3036	-591
-34395	-33826
4214	4973
5133	5650
5459	5638
-40841	-38049
5497	5509
3806	1091
-31064	-31361
4833	6197
6122	6944
5899	5903
4808	5144
-33738	-33379
4412	4320
-5722	-3773
755	1403
4699	3462
-12749	-14367
1878	1744
-955	-291
1508	2638
3493	4338
3895	4691
-3004	-3656
-28090	-27855
455	1038
1508	921
-228	-19320
6103	6185
4603	4509
4693	2185
7507	7503
1004	1179
-26705	-27479
6027	6615
-30898	-30849
-37574	-37614
315	703
257	738
-18039	-21532
3933	3438
3053	3373
7654	8103
4489	4756
4871	5115
4584	5315
-9998	-5244
3410	4909
1847	1897
4757	4479
1023	1679
-28141	-27696
3206	4103
5682	5497
-9915	-11514
5114	5156
-7254	1232
5382	5467
-42034	-41655
1942	2097
4106	4320
-38416	-37826
4444	4532
5682	6020
4380	4632
2651	3485
959	-968
5114	5238
3346	3097
5822	5967
-36374	-35543
1566	2762
4367	4450
4559	4373
-4944	-11185
7124	7162
-36272	-36967
-16501	-17426
3723	3985
5931	4985
4884	5326
-33132	-32714
1476	1979
5759	5832
532	-1350
2957	3032
-11166	-8667
4616	4703
1221	1038
4291	4756
3601	3956
6856	6979
5178	5015
3959	2473
-39667	-39437
4776	4873
-1689	-785
6543	6267
5044	5338
1266	1179
-5046	-8426
4489	4856
5682	5479
5529	4779
-9290	-5620
4942	5285
2510	2915
-2359	-203
2319	2226
4616	5479
5382	5015
-16016	-16608
-9896	-10297
3289	3968
3882	3620
-2142	2968
5305	5238
1438	1521
1815	1732
6607	6132
2166	1768
5912	5962
-11402	-13061
4463	4909
5025	5273
-22162	-21767
4667	4726
-29845	-26226
-32800	-32561
4871	4867
5120	4726
-3067	-2626
4980	5315
4323	4285
5695	6120
4648	4520
-2110	703
5446	5232
6135	5820
1285	1326
6805	6632
4993	3673
-35385	-35584
4852	4509
53	1873
-8243	-11450
3570	3503
-10419	-17597
3806	3726
2338	2291
-27452	-26249
6027	7297
-4969	-7238
5120	3697
1189	1715
4023	4738
-1549	2668
1910	815
5790	5479
6607	6762
6729	7126
-1874	332
-3253	-5320
-26220	-25538
53	832
4616	6079
-4516	-1297
4865	5067
3978	3526
3321	3138
-40605	-39961
-1887	-1297
5931	5667
4680	5420
6946	3256
-4223	-2926
5931	5379
4489	5067
4865	5038
6882	7073
-15831	-18038
7022	7009
5790	5585
6709	6862
4629	4791
5637	5626
-29188	-28008
3601	3738
953	985
4769	4556
-12461	-18861
-2404	-268
-2346	-2756
2159	2097
4808	4832
5088	3920
4871	5132
4903	5115
832	4520
2555	1679
3646	5103
-604	-1256
-38805	-37914
1068	1691
1585	2003
4559	6291
2631	-2556
-26386	-29208
3710	5638
5663	5509
876	1679
6869	-1279
5088	2891
-6597	-8967
3161	3985
2989	3073
1470	844
1834	1909
921	1626
-3176	521
3276	2926
5133	5379
4489	3973
4208	4997
1489	1509
4584	4609
-4427	1015
4980	4544
5057	4503
283	4932
-1580	609
3787	4691
-470	462
-6226	-9803
-34823	-34161
5739	6097
5088	5715
443	2444
4680	4685
5305	4950
4348	4350
-2059	-1362
-4471	-6026
-3093	-7697
-936	-2626
4303	4938
7507	7597
1706	1850
4355	4297
6588	5885
5746	5585
2504	3020
-8888	-13144
5803	4479
7105	6685
8030	8179
2817	-3526
2	-174
5746	5779
6071	6085
6543	6432
2721	2862
5810	5197
5401	5403
-20164	-15956
4942	4691
4693	4220
21	-385
-62	1132
5465	5838
7437	7662
5803	4738
4801	3485
5325	4803
-1657	1362
5382	5479
-12391	-12526
-10840	-13320
4591	4973
4788	5285
-10323	-6691
6027	6185
5822	6032
4444	4338
6543	6732
6295	6591
4948	5667
2006	1497
194	126
5076	5156
2600	2079
3085	3303
2459	1368
1834	5197
-1076	203
5746	6226
4495	4403
-29833	-29885
4884	4273
4591	5115
985	1156
6812	6997
3442	6262
5293	4962
1993	1756
4552	4585
2395	2820
5197	5250
1961	21
6339	6450
2989	1003
2612	2456
3238	3656
5274	5326
4272	4362
4055	3844
6307	6097
3333	4009
-30081	-29155
4993	4897
-2410	-4368
7750	7073
1253	1250
5133	5167
1942	1979
4240	4338
-33081	-32037
4163	4844
-26954	-26620
5873	5756
4820	5785
4508	3720
4508	4385
4118	3791
174	168
-26374	-26408
3870	3709
4680	4509
6180	6197
-10540	-1644
4865	2132
7124	5520
-872	-1150
1681	4115
5631	6591
-37714	-36820
4871	4620
6058	5262
908	1562
4820	2132
5012	5026
6792	6809
1196	1309
5822	5520
6888	2697
4291	3985
4463	4779
845	-279
3818	3868
4725	5132
2989	3568
4144	3362
-33776	-33955
6231	6344
5356	6367
5261	5167
2804	2391
1661	2173
3225	3085
5605	5897
4399	3668
5478	5538
1942	1585
5261	4620
3021	4909
-34351	-33379
5510	5420
2836	191
4929	4897
-12557	-10662
174	-238
334	1262
5918	6215
5037	5715
-2168	997
4635	5091
5254	5785
5835	6450
1221	1315
4731	4803
5573	5615
-13923	-9844
4897	4532
7309	7320
7156	6850
4272	4544
1642	3426
-7133	-6179
4463	4415
-11842	-15632
-37388	-36861
4820	3644
-1606	-1438
5873	5303
-9858	-13456
640	-421
5605	3303
1176	1432
4118	4685
5318	5273
-4739	-4268
5216	5615
4035	2991
2944	3397
-33113	-32861
6524	6109
4757	5015
3793	3620
4661	4415
-13074	-15250
6116	5967
1381	-1203
-32883	-31949
5427	5079
4035	3697
5835	5962
1910	-644
5459	6203
5037	6044
-4835	3603
5274	5415
5605	5132
4367	3973
15	2762
5912	6067
7060	7179
1929	1703
4820	5185
4572	4338
6371	-4215
4942	5144
-38250	-38255
4980	4950
-1204	-9703
4195	3685
-1561	-432
3678	4038
1955	2044
4712	3303
5465	4950
6199	5691
4744	4832
-323	-3226
5012	5132
4246	4320
1910	1915
5216	5550
4386	4426
2300	2056
-9073	-8920
4801	5167
-18460	-17885
5069	4632
1585	1521
5414	5297
-34619	-34202
206	-485
-362	-1374
1693	1809
4540	4509
4833	4468
7137	7244
1649	4403
1674	1962
5542	5209
4903	5285
3723	3932
3097	2997
-6207	-7744
5778	5597
5114	5250
5759	6150
5663	5262
-31288	-31138
2836	4962
6633	6732
3276	2397
5037	5144
-5754	-10185
1853	4479
4635	4815
-3125	-2256
5114	5756
6320	5950
4476	4450
-11057	-10156
2191	4426
-15984	-16750
130	1756
3729	3097
1783	2044
5663	7020
-22194	-22079
-17018	-21614
-1466	-3773
4680	4691
5529	5926
2446	2226
4272	3450
-923	-8720
3991	3944
6882	6809
3002	3279
1610	1850
5790	5356
6665	6809
5759	5832
4380	3815
-25448	-24685
4355	4309
1093	-450
2931	1850
5522	5156
4214	4873
1847	1573
5005	5209
-24868	-22161
4840	2697
6307	5185
4974	5297
5178	7126
3148	4544
5184	5797
3589	3438
3072	2509
-15971	-16750
187	1079
6307	6085
155	73
1476	4062
4661	5132
564	1232
5076	5338
4993	4932
-14937	-12161
4744	5903
-13936	-9756
-25263	-25132
3072	3191
4520	4085
4540	4768
4603	4750
2695	2397
672	1050
5025	4985
2332	703
4431	5156
2408	-291
-51039	-49737
-6711	-7238
4520	4920
1961	2979
4667	6538
-18581	-15020
-215	-303
5146	5520
4635	4909
66	-6626
5229	5356
5586	5638
6371	6444
4495	4985
4693	4573
4208	4820
2568	2326
6007	6003
5037	-568
5261	5744
6339	5797
-10451	-11932
3506	4385
-37280	-37667
4667	5420
-7369	-7379
5005	4909
2376	2697
226	1221
-1095	-279
3742	3668
6339	7532
4042	4856
5242	5732
1706	1885
1540	2185
-1261	1144
-151	-1097
6429	6132
4520	4338
-25282	-28026
-4286	-5138
-35729	-34961
4820	-20820
5184	5379
4527	4909
-3923	-5138
6231	6291
6480	6697
5490	5350
-15856	-11344
-1153	-1344
6288	6367
4520	4573
-23872	-21885
-24887	-24802
-35059	-34096
6039	5962
6352	6379
4380	4662
1164	2121
5771	5420
4348	5797
1489	1668
4961	6044
2740	2903
-2168	-7032
5293	5862
4099	4438
-15001	-16750
2134	2368
4348	5038
6888	7073
532	-132
5229	4932
-1281	779
5369	6150
3831	3785
162	179
2963	1909
5037	5379
6760	5626
5746	6385
5573	5809
2006	1132
4176	4168
5931	6238
691	321
4176	3985
1221	168
3678	3420
4871	4568
5293	5850
647	-344
723	1403
3461	3909
4118	4932
3206	3526
-13827	-13444
-157	268
4769	4832
-24561	-23344
-987	-368
6384	6485
4808	4426
3002	2573
768	1832
-1421	-1050
4087	4973
1208	1426
-744	-750
3270	3726
4661	4209
2210	1585
3474	-2126
-387	2291
2868	4985
-25187	-24791
-10349	-10714
-5173	-5585
5197	5050
2976	3515
6307	4509
4616	6526
6046	5756
1425	997
-4644	-5950
-37969	-37020
5088	4556
-2927	-1526
4661	6226
2791	3044
-7413	-11956
4603	4726
4712	4509
3933	3903
5012	5132
5931	5820
423	426
-432	-1126
-859	532
-14484	-14132
334	1362
5088	4726
3461	4244
3646	3726
4412	4285
5465	5350
3959	3868
5101	5050
2823	2938
4942	4756
2580	2744
2051	2238
-38512	-38514
4648	5338
6480	6215
-968	2091
-37874	-37355
-1064	-1597
5382	4597
1330	1338
4712	4585
7354	7179
-259	-279
2159	2109
1802	1821
5867	5979
1406	1391
-1281	-462
6397	6197
4840	5038
5599	5479
1234	2997
-19111	-19761
6212	6262
4163	4950
953	1132
4897	5067
5759	5862
3346	3409
3570	4726
-11415	-9020
-32692	-32455
-11294	-10262
-17031	-19355
4884	4650
2740	3191
-27471	-27008
6071	5756
3933	3720
1330	1973
-323	-2244
-355	-291
3308	3362
704	-1162
6435	4973
3933	3909
2619	3150
-23980	-17197
4820	5356
6805	6879
4144	4520
3353	3697
-1734	-2415
1955	2156
-23827	-26255
1789	2215
-35589	-34890
5414	4638
-8428	-13561
4961	4997
2083	4156
6716	5662
5542	5950
6543	6215
1942	2173
-9373	-25249
538	1850
4118	4103
5133	5156
4980	5273
1974	2756
4540	4791
-14593	-17273
-38805	-38502
5944	6485
-6003	-3656
4444	4026
5057	5350
5152	4820
2727	2562
5293	5403
6607	6462
3353	3644
4367	4632
4520	4673
1974	2509
-30515	-30461
-1938	438
3040	2926
4572	4738
-783	-762
-32226	-32243
4897	4638
4508	4450
-362	1003
1942	1926
1049	1479
5305	5967
5401	4985
4520	1973
6480	6291
5637	5403
4808	3620
334	515
-33240	-33055
-31428	-30138
4540	4568
5465	5838
2408	2315
4457	5897
1789	1091
5401	5232
3302	4509
-5173	-5632
-21255	-19697
5114	5026
4731	4726
4074	3697
6824	6967
-9181	-11303
3710	4038
3742	3697
5293	5732
4980	5315
3550	2056
6212	5456
4572	4456
-32774	-32496
-5754	-5985
4335	4803
5944	6032
3333	3332
4552	3985
5401	5303
2912	3879
-623	-485
4871	4867
6869	6603
6007	5715
3601	3632
7054	7226
4527	4220
5369	3773
6167	6626
-27765	-17403
6671	6720
6180	6997
5886	5915
4731	5550
-12200	-12256
4476	4650
-2002	-1932
-7350	-6273
6167	6409
-2378	-3526
4572	4832
813	1379
5618	5832
4648	5232
5325	5479
4227	4209
4961	4691
-6916	-7238
5369	6044
5325	5238
6760	6826
5542	5691
3525	3291
5274	4962
-29967	-32079
3838	3032
5586	4950
-30158	-30020
4323	3762
2383	2056
5133	5950
3353	-2885
-25697	-23332
3538	-6615
4380	4585
5618	5650
2568	3556
5995	6203
5542	5379
4087	4415
5554	3256
-559	750
7156	4450
1508	4285
-7784	-8538
6652	5991
-11996	-8697
4648	5120
2536	3150
-33693	-33879
5459	6344
-7426	-6626
4463	4920
-3706	3409
2523	2862
5841	6085
2695	5250
-9213	-12473
5542	5832
3933	4020
1923	2397
2880	7944
5069	4779
7354	7179
6186	6303
1502	1832
6512	6591
328	5167
3385	556
3774	3356
2083	1168
5669	5832
3678	3844
3493	3320
4463	5173
-3674	-3091
4584	5779
4380	4332
4457	4620
2038	2626
4948	4715
-30879	-30449
4240	5056
5057	6579
5350	5962
3321	1232
5605	5650
-16578	-19061
3308	3791
-4318	-1609
-5550	-4368
5618	6679
5210	5056
6007	6226
2459	2638
551	662
6575	6097
6352	6444
3882	5120
2600	38
3774	4191
-11198	-3485
4731	4509
6256	-4315
4246	4332
5293	4726
5261	5338
6071	6044
1189	4920
7322	7232
6256	6326
4010	2538
4699	6056
5350	5015
-36387	-36537
5286	5167
5478	5650
-4688	-2897
-432	973
-28703	-27361
3065	4191
-31422	-31273
6843	7032
3901	3620
6046	5938
4508	5173
5714	5915
4195	4297
1489	4073
-19086	-16526
2306	3191
-311	-79
4023	3844
6575	4362
883	-797
-1574	-409
4974	4179
2880	3450
4929	5156
3008	4426
6090	6591
5356	5197
360	609
4942	4391
-9073	-4697
4355	4820
-10840	-5932
4195	4179
238	-1515
5637	5532
5216	4873
-10681	-8815
-16169	-18108
3206	3609
3474	3473
3550	3632
6326	6420
2472	2497
6741	6356
-2263	-6585
4897	5167
4412	4756
4871	2579
3978	4020
5401	5785
5069	5132
2931	2744
5650	5056
4463	3426
3442	3462
-15831	-18850
4055	4156
-25812	-25402
3601	5003
-2391	491
5886	5885
5184	4244
5746	6567
3346	1262
4520	3762
5350	4715
5803	4750
-18990	-13156
6671	6685
4693	4832
4808	4662
6231	5509
4259	4309
4303	3803
5886	5562
6639	6697
2836	1326
3397	1862
2976	2926
-266	2826
98	4726
5573	5691
5841	5262
4661	4815
5076	5209
5759	2162
-3846	-56
6588	6826
-8964	-11420
2957	3203
2893	2926
5739	6162
2631	2462
4476	4920
6946	3985
4023	4856
162	2573
-4708	-3668
2166	2444
4527	4103
2676	5003
4852	5050
5037	4873
4099	4415
4757	4673
2848	2956
5012	5015
-10413	-8485
6729	6826
6824	6732
7947	7891
-8403	-9350
-16233	-20179
5605	5367
4942	5132
-33221	-33784
6339	6385
1330	1909
5497	5785
5446	5379
5184	4920
1617	1038
6416	6409
1661	2368
4757	4585
4572	4491
1425	-626
3678	3620
5414	5103
4974	6267
3818	3826
5529	6197
-3661	-3509
-2659	-915
6046	6344
-323	2915
2127	2603
334	-226
5216	4885
-968	-109
5261	4820
4591	4385
4489	4820
4980	3685
4106	4568
5005	4544
-10349	-5285
-2372	1885
1789	3932
4348	4962
5931	6344
5005	3709
5005	5650
7245	7256
5101	5532
5427	5391
5478	5832
5037	-1362
4980	5403
4948	4350
1929	997
2644	2391
4163	4803
6167	6838
4808	4815
4278	4091
-8888	-13138
-981	-1415
5714	5785
3914	4285
2893	-1291
-16552	-9638
3863	4468
4929	4568
3493	3462
-9073	-7691
928	3462
4712	4503
2989	1209
-31690	-20073
-8537	-5950
1891	2132
4055	5467
4808	4438
1298	932
-464	-226
-7458	-7720
1298	1350
4399	4403
4993	5356
-33534	-33014
-9481	-8856
3774	4232
6633	6550
-5116	-3938
1349	1368
3550	5991
-12985	-13791
883	726
5044	4768
2931	4438
-183	-444
5465	5250
4227	4568
3582	4232
2459	3226
-6131	-8138
6812	6862
4355	4556
-9507	-2256
1821	644
3040	3226
-6916	-23902
-32085	-34237
2817	3126
532	3062
-234	-1397
3136	3062
-36495	-37149
4801	5220
6058	6032
4591	4685
-23323	-9791
5746	5785
5778	5509
4808	4685
-298	138
-36508	-35661
5886	5715
2893	3644
-29692	-30738
2600	2873
98	544
6601	6709
-16207	-16708
-25104	-27467
6167	6056
4476	4844
-18786	-14185
6448	6450
4463	4909
608	362
3487	2515
6288	6397
5529	6315
-1983	-3550
5293	4568
2772	2485
-13731	-12961
1489	1338
7245	7462
5114	5167
98	1756
6499	6632
34	4638
5069	5779
-6316	-8356
3448	1662
5433	4779
5478	4556
2676	2626
4540	4820
-24485	-23255
6071	6238
5650	5197
5254	5103
-2895	-3626
2772	2997
4833	5467
4367	4126
6805	6826
4087	3932
5069	4985
1719	1703
5739	5862
4431	3697
5695	5938
3582	4062
1738	1909
3021	2785
4629	4750
5701	6432
6256	5820
3614	4168
-5907	-10362
5012	5356
5542	5679
6039	6203
4884	4962
5714	5915
-18977	-20779
5899	6567
4693	5379
5261	3644
4980	4350
4508	4115
47	297
3442	3450
4961	5273
4840	5056
1266	1873
4871	4468
5254	5638
5286	5638
-11108	-11356
4227	4373
2491	2656
5931	5638
2159	3385
2223	-2197
3972	4138
6792	6862
5561	5415
1878	62
-355	-132
-28614	-28585
4316	4203
-25250	-24491
4272	5262
-8320	-12838
6231	6385
3895	2509
455	2485
4291	-2050
6071	5885
1457	6215
5586	5597
-1683	3903
5790	5850
-7835	-5503
