12784	16105
3392	7322
-6000	-5444
9653	-363
-12262	-13199
-9131	-5150
261	4787
3392	7218
-21654	-16715
-6000	5665
-6000	-5693
261	-2147
-6000	-12044
-6000	-11519
15914	-4509
-18523	-12870
-2870	-11767
-6000	-5849
-6000	4897
-9131	-13840
3392	-733
-6000	-7113
261	4256
19045	-7656
261	16913
-2870	1687
3392	13241
15914	-5895
6522	4897
-6000	-3481
-2870	9845
-9131	-13055
261	-692
261	-9463
-2870	-9197
-12262	-12408
28437	20268
3392	3477
-9131	-7737
-6000	665
-9131	-4099
-2870	11381
261	1883
-2870	19725
-2870	953
6522	-4815
-2870	7259
-9131	-4555
-9131	-7789
-2870	6352
-2870	953
-9131	-5046
-15392	-13199
-2870	9314
-2870	-5029
-6000	3153
261	8142
261	27393
-9131	-12183
261	-5046
-6000	-6224
22176	2957
-6000	-8666
3392	3292
3392	7640
22176	515
261	13102
-9131	-12760
-9131	-10335
-12262	-13759
3392	21832
3392	-1039
-15392	-12818
-6000	237
-12262	-12125
6522	10227
-2870	-1789
261	-652
3392	7322
-18523	-16225
3392	14367
261	-375
25306	976
-2870	4828
-12262	-8435
261	-7021
-9131	-9804
-12262	-10572
-2870	6525
-12262	-10173
3392	11208
6522	-3198
-2870	-9273
-9131	-7182
3392	-12725
-2870	-3568
-12262	-9411
-2870	924
-9131	-12183
19045	13766
9653	14245
-9131	-8014
-6000	6248
3392	8027
261	-1223
3392	-11426
-2870	2362
-2870	-8955
261	-7136
-2870	1340
261	-11952
31568	7212
-2870	3979
-2870	-906
-6000	-8649
-9131	4510
-2870	8512
261	22231
-2870	14886
3392	-3216
-2870	-5704
3392	14973
-6000	-8782
-2870	-8874
-2870	214
-12262	-14619
261	-5693
-6000	4164
-6000	1023
-12262	-10641
261	5371
6522	17155
34698	19032
-9131	-10058
-12262	-14539
-2870	-9209
3392	4389
-2870	-2020
9653	-17
15914	11659
-2870	-2811
-6000	-1154
31568	6381
3392	18847
6522	15175
6522	-1743
3392	19592
261	2876
9653	-4099
-18523	-14937
-2870	3783
6522	-5265
261	8979
3392	3858
3392	17918
3392	9482
-2870	1773
-6000	-3677
22176	9257
261	-6114
261	8437
3392	-2615
-2870	-9088
261	4083
-6000	-4965
3392	-6143
-9131	-7367
-6000	5013
-9131	-8747
-2870	-663
261	5573
3392	4799
-2870	2374
3392	10492
-15392	-15480
261	7813
3392	133
-6000	-6339
-2870	-10629
-2870	4470
-6000	1456
261	4452
-9131	-10393
261	7241
12784	2333
3392	-9527
261	6219
-2870	-929
-6000	-6651
-6000	4591
-6000	-7061
-9131	-5346
6522	1831
-2870	1779
-12262	-4111
22176	3488
3392	-8972
-12262	-8054
-9131	-13828
261	-623
19045	23386
-9131	-5161
-9131	-12858
261	10688
-2870	-1807
-2870	-5479
3392	3119
6522	-3423
12784	2714
-9131	-11969
9653	3049
31568	26556
-6000	-4116
-2870	1814
3392	9112
3392	35367
261	10556
6522	4273
-2870	2559
-18523	-16375
9653	17658
-2870	3038
-12262	-13401
12784	-1570
-2870	12975
261	-6293
-2870	-4688
3392	6115
3392	28126
6522	330
3392	8304
3392	25511
-9131	-10098
12784	4533
-12262	-13638
6522	14592
6522	-2725
-2870	-5242
-9131	-12523
-9131	-11426
-6000	-6744
-2870	-5444
-6000	-2084
15914	13662
-2870	9921
-6000	-11727
-2870	-3348
9653	4360
-9131	-5745
9653	2784
9653	-3383
-9131	-9688
44090	23570
-12262	-14411
-2870	13674
261	7761
261	11526
28437	-282
-12262	-12223
6522	11145
-2870	-6328
-15392	-15480
-2870	-4723
3392	-479
-2870	-6928
261	5076
261	1906
3392	3633
12784	1196
-9131	-10254
-2870	-14048
-6000	-1697
-6000	-4422
-6000	1883
3392	17560
3392	2253
6522	21555
3392	1248
-9131	-13372
-9131	-8187
3392	-80
-15392	-16398
-18523	-15936
19045	6433
261	10255
-9131	-12847
-6000	3384
-9131	-13903
15914	14644
-6000	-13534
-6000	-5173
9653	-4775
3392	7351
15914	8685
-2870	4389
25306	23178
-2870	411
3392	19661
40960	9707
3392	890
3392	18027
261	1750
261	8465
9653	9043
-2870	13674
-6000	-6368
15914	5717
15914	-5109
25306	2691
9653	5555
261	3650
22176	18426
-2870	-623
28437	10330
261	-317
-2870	636
12784	5440
-2870	-2852
-15392	-10243
261	5850
9653	17473
-9131	-11143
-6000	-6940
12784	29235
261	2270
-2870	-1039
-2870	-2858
3392	-3475
6522	809
9653	2651
9653	-4936
3392	4216
-2870	-9607
-9131	-14556
-2870	10931
9653	11872
6522	-190
12784	3835
6522	-253
-6000	-9117
3392	-4555
-12262	-13055
-6000	-14504
-2870	3246
-2870	-3527
261	-6686
-9131	-11109
22176	5382
3392	4851
12784	10694
9653	11052
9653	18703
261	4429
-6000	-2904
3392	-1928
261	10729
9653	10769
-6000	-12766
3392	3736
9653	14644
3392	1906
-6000	-4630
-9131	-14238
-6000	9193
-2870	5925
3392	20626
-2870	-11357
22176	11116
3392	8373
9653	-3822
3392	12334
-2870	10839
-12262	-13026
-6000	-3799
-9131	6167
261	8009
-6000	-5918
-6000	-2852
-6000	-12431
-6000	-5006
12784	15920
-2870	-7737
6522	7732
-2870	7692
3392	11543
9653	16341
-2870	4019
-2870	-3955
9653	5925
-2870	-2061
-2870	-3926
261	-14227
19045	-9688
3392	4360
12784	9534
-2870	-12893
261	6416
-2870	4233
22176	-6692
261	4724
261	10596
261	10319
-2870	5278
-2870	3038
261	1046
3392	16226
3392	-4365
9653	6104
-2870	-2286
9653	-11461
9653	-6368
261	3367
-2870	-1264
9653	8356
-12262	-13413
-2870	1485
-6000	-11755
-6000	-6778
261	11404
-6000	-11582
-2870	9828
-2870	-6478
-2870	4776
9653	20839
12784	-5040
261	-9365
3392	22606
-6000	-9636
261	5890
3392	2253
-9131	-7696
3392	9499
261	6063
-2870	8154
261	-542
22176	2530
-6000	-7881
-6000	5249
-2870	209
-2870	6352
-9131	-12789
3392	-3343
-12262	-12033
3392	10071
-9131	-7563
9653	2172
261	4112
-9131	-6195
6522	-7881
-12262	-10999
-9131	-9896
28437	19661
-9131	-15047
22176	717
-9131	-10785
-6000	301
261	7692
3392	-6963
-2870	5249
-6000	-6380
-2870	-2638
3392	6635
-6000	-6871
261	19078
-21654	-16438
-2870	-4007
261	10440
-9131	-14619
261	-715
-6000	-5508
15914	-51
-6000	-9024
-12262	-10618
-2870	8927
-6000	-6518
-6000	-6703
15914	-981
-6000	1998
-2870	-5895
261	930
-9131	-8383
6522	6341
261	-1703
-6000	965
-9131	-12870
-12262	-14302
261	4724
-2870	5983
3392	-201
-6000	-4099
-2870	-7869
-2870	2611
-12262	-13095
22176	6895
19045	9193
-6000	6554
261	10971
-2870	-7442
-9131	-11063
261	31810
-9131	-3585
-2870	-3885
-2870	-282
261	5053
3392	10463
-9131	-9463
19045	3182
15914	4828
-6000	-3943
3392	37451
-9131	-10705
12784	5665
-6000	1947
3392	17698
-9131	-11727
-18523	-16334
-9131	-8383
-9131	-9278
-15392	-14371
-9131	-6195
6522	-3972
-2870	-4417
-2870	-6449
-18523	-16583
-2870	-2684
-6000	-3718
-12262	-7471
-15392	-15272
261	-5
-6000	7149
-2870	-1685
-18523	-13875
9653	-2245
261	2039
-6000	-7858
-18523	-15087
6522	2172
-2870	-7719
-12262	-15220
261	13997
-9131	-12685
-2870	-1431
15914	17392
261	19130
6522	-3758
12784	5359
-9131	-12818
-2870	6473
6522	-4007
261	3927
12784	5480
-6000	-12379
261	-3666
6522	-4249
3392	10042
261	-12287
-2870	133
9653	-3464
-9131	-5508
-12262	-12258
261	14153
-9131	-5133
-18523	-15763
37829	12681
-21654	-16040
-6000	1271
3392	-7633
19045	8009
3392	5226
9653	-1172
-6000	15042
6522	8795
261	24079
-15392	-15387
9653	-6917
6522	8489
-12262	-13245
-6000	5053
-2870	13056
-6000	-10393
19045	4164
-2870	2079
-2870	8766
-2870	-12367
261	10521
-6000	-9844
-6000	3621
3392	6352
261	8621
3392	8795
19045	6537
261	1086
6522	11780
-6000	-4884
261	-12847
3392	-3135
261	10919
3392	15013
3392	-1645
9653	-3885
261	-3129
-6000	-8839
6522	9418
-6000	-7165
261	6953
261	-704
3392	7201
28437	13148
-2870	3765
28437	2455
22176	-6645
-6000	-12870
25306	-3106
12784	23132
28437	-8453
-2870	-4313
3392	-7500
12784	-11727
261	-2453
-6000	-6028
-2870	5134
261	-7408
-6000	-11016
12784	34414
-9131	-6634
31568	12207
6522	6860
-12262	-14579
31568	4227
-2870	924
-6000	2097
-15392	-15243
261	-225
-9131	-11911
3392	7305
261	23045
12784	2039
9653	16584
-9131	-13083
261	27993
-2870	-12841
3392	6300
9653	14355
261	3286
261	-5398
3392	1127
261	7068
3392	6046
15914	1975
15914	-10976
3392	289
-18523	-14452
9653	3194
3392	-3810
-12262	-7973
-6000	-1206
3392	30632
3392	-5785
25306	2662
-2870	953
261	4019
-2870	-7217
12784	9909
261	-1368
9653	6098
-9131	-5797
261	10995
3392	18899
6522	12455
-12262	-12870
-9131	-12327
261	15868
6522	9222
12784	13714
-2870	-3810
-2870	4452
261	6219
25306	9949
3392	-2245
19045	9355
-6000	-11888
-9131	-969
-2870	-6778
3392	-4780
3392	20441
261	-1980
-6000	-9290
3392	16624
-2870	-12789
3392	8333
261	11352
-6000	1282
261	-6276
6522	-4780
261	8385
261	3869
-9131	-9342
-12262	-10976
6522	16237
-2870	-1431
3392	10648
9653	-4844
3392	-4630
-15392	-10935
-6000	-14077
3392	5347
-18523	-15179
-6000	-10577
261	3581
-6000	1300
261	23761
-6000	-4111
-6000	-2615
-2870	1421
3392	-6888
9653	11762
6522	-6513
-2870	-12962
-2870	3223
-2870	13766
261	12842
-9131	-10364
-2870	-1645
-2870	-6079
-15392	-13996
-6000	-7962
261	5613
6522	13633
261	1098
-6000	1005
9653	6063
3392	14927
9653	-13638
19045	566
261	10463
-2870	-10722
-12262	-12760
-2870	6058
-12262	-9463
15914	-3441
-2870	-9607
-2870	5215
261	4724
-2870	2893
-2870	-7633
19045	982
-6000	3251
261	19194
3392	12294
6522	10694
-2870	1404
261	12559
9653	-507
12784	5076
261	289
6522	-13245
-2870	-8216
-12262	-13003
261	-6345
-12262	-11675
-6000	-13932
261	2120
3392	3581
28437	7259
-12262	-13135
3392	9083
-9131	-12991
6522	-623
-9131	-10976
3392	18270
261	15493
-12262	-16277
3392	13212
-6000	1646
9653	-10549
-2870	-13678
261	6058
6522	7120
-9131	-13268
-2870	-3094
-9131	-13072
261	17381
-18523	-15826
261	5809
-2870	-3348
-6000	-11305
-2870	14482
-2870	2374
19045	-7182
-2870	-10618
-6000	-13944
3392	17155
-6000	3794
-6000	-8383
12784	924
-12262	-13586
-6000	-2586
-6000	-2471
-9131	-7852
261	-10803
261	13385
-15392	-14902
-18523	-16057
12784	5024
261	12253
261	1791
261	-5456
-9131	-12870
261	14205
31568	8864
-6000	-3568
-6000	-5548
-2870	9655
6522	24113
-12262	-11727
6522	-8943
-2870	6404
-6000	-7685
28437	-1899
-6000	-11120
-12262	-6726
6522	9083
261	942
-6000	-7309
-2870	-230
25306	226
-2870	-9446
-9131	-13961
12784	6699
-6000	-3822
-2870	-4047
261	486
-6000	-1437
-9131	-9301
6522	25799
-2870	1883
-9131	-10479
9653	-7945
-9131	-8995
-6000	-2367
-6000	-5312
-9131	-9475
12784	11404
3392	-6235
-2870	-3037
261	7530
-9131	-7841
-15392	-15029
-2870	6537
3392	25672
-12262	-12500
-12262	-9394
-6000	2865
12784	-5537
3392	7813
-6000	-1789
261	-7153
3392	-5652
-9131	-9140
3392	15054
-2870	5122
261	8154
261	14297
9653	64
-6000	-2217
-18523	-16121
-2870	-9105
261	5613
261	-5652
-2870	7744
-6000	-12483
-2870	9401
28437	3875
3392	11445
-9131	-13932
-12262	-7540
261	9487
9653	8864
-2870	9153
3392	9135
-6000	3223
-2870	-6437
3392	9487
-9131	-12367
-9131	-14498
-6000	7784
261	6791
-12262	-12980
-18523	-15393
-12262	-14966
-12262	-12419
-12262	-11374
261	3275
-2870	-5802
-6000	-7113
-6000	-4711
-9131	-11600
12784	-1212
-2870	-5496
9653	16861
-6000	-5057
-6000	543
-2870	-1726
-2870	-5773
-2870	8766
-2870	-969
-2870	3130
6522	-1091
-15392	-14539
3392	4776
9653	22647
3392	22260
6522	-1778
261	9326
3392	6352
-9131	-1131
-2870	4631
9653	-9365
-6000	-10497
-12262	-13199
-2870	-294
9653	10348
-2870	-10439
15914	-6183
3392	17219
-9131	-6755
-6000	-9659
-6000	1063
-6000	3477
261	3869
-2870	-6079
261	994
-6000	-4324
261	16399
6522	-3995
-12262	-14914
3392	9643
19045	15146
22176	18270
-9131	-7777
22176	10348
-6000	-5519
-6000	-12298
261	-2113
-6000	7218
261	20718
37829	20828
261	-9740
-2870	8731
261	7218
-2870	2928
3392	2097
3392	14153
-2870	15643
261	15729
261	-13124
15914	3367
261	7559
6522	11976
3392	12998
-15392	-14700
6522	8090
-6000	-6183
-6000	861
-9131	-10733
261	5238
261	-981
-9131	-6871
6522	14499
261	7801
3392	22843
6522	30193
-6000	-11172
-6000	5757
261	11965
-9131	-7725
-2870	-5081
12784	1589
261	5342
261	-2638
-2870	7680
-2870	5145
-2870	10105
261	11884
22176	2957
6522	26452
-9131	-14660
-2870	-8349
9653	26573
261	3557
-6000	-9411
6522	15204
-2870	12577
-2870	4112
-6000	-6224
-9131	-11859
-18523	-14897
3392	8027
261	-2280
22176	12536
37829	-3793
-9131	-10306
-2870	-7182
-15392	-15711
-9131	-450
3392	9487
3392	12975
6522	27555
261	-6039
-9131	7617
261	-11767
261	11630
-12262	-14313
261	14471
12784	16076
6522	1271
-2870	-11767
15914	370
6522	-3227
-9131	-11397
261	-5173
3392	15862
-6000	-5057
-2870	-715
-2870	7570
-2870	-2523
261	1034
261	8079
-6000	7518
-6000	-9486
-9131	-8880
-6000	1710
-6000	-5427
6522	4175
-12262	-11900
-9131	1600
3392	-9353
-6000	6566
9653	19633
-2870	8621
19045	14886
6522	18957
-12262	-13597
-6000	-7390
261	14713
-9131	-11623
-12262	-12483
261	8552
-15392	-13615
3392	7570
3392	-4128
25306	16370
-9131	-7338
-12262	-12951
261	-10202
3392	1935
-2870	-8025
-2870	-6830
15914	-7142
-12262	-14914
-6000	-4445
-6000	-3926
-6000	-6068
3392	17646
261	3078
3392	13633
-2870	4337
-9131	2004
-2870	13275
261	-2552
3392	-13696
261	942
6522	3529
-6000	-7973
-6000	-5086
-12262	-14989
-2870	-3395
-2870	-2269
12784	4360
-12262	-10560
3392	-10653
-6000	-2638
261	-3504
261	1098
3392	14390
-6000	18091
-12262	-11744
-2870	-14227
-2870	11410
3392	-6386
-6000	-6847
-6000	-4284
-12262	-6969
6522	6658
-2870	-10878
3392	2108
-9131	-13135
261	7351
-12262	-12633
-21654	-15520
261	6473
15914	13119
-15392	-15763
6522	7559
-2870	-4734
9653	16751
261	-11328
-6000	-8689
-6000	-3625
-2870	4083
-9131	-13338
-6000	174
-2870	-12806
-2870	-7921
261	3910
-6000	-5877
261	434
261	-1223
261	6323
-6000	8373
22176	-1755
31568	353
-6000	-6917
-18523	-14198
261	1392
-9131	-7587
12784	13824
-12262	-14157
3392	-1899
-2870	370
-9131	278
261	3517
3392	3835
22176	11895
12784	-7419
-2870	-7921
-6000	884
3392	93
9653	5573
6522	23570
-9131	-7269
-6000	2189
-6000	-4821
-15392	-16386
-9131	-10681
-2870	-14342
-2870	-7673
-6000	-721
-2870	-12090
261	18691
12784	9788
25306	-2944
28437	20880
3392	-7950
-6000	-11328
-6000	2160
-2870	-519
12784	2443
-12262	-9527
9653	5942
3392	-1991
-9131	-12142
261	-6397
6522	8090
-2870	-9128
-2870	-5895
6522	6369
261	6872
261	4187
3392	13039
31568	18587
3392	7703
-2870	1866
-6000	-8476
261	7536
-6000	2559
-12262	-7685
3392	2582
3392	19471
28437	-889
47221	11872
19045	-4607
-9131	2662
9653	10585
-2870	13622
261	2016
261	-7182
261	10971
-6000	-5046
-9131	-13280
6522	-375
6522	2039
-2870	-5456
-6000	-7552
22176	-1033
9653	-6131
6522	-6738
-6000	1005
-9131	-6830
6522	1017
-2870	-5006
-9131	-629
3392	-11859
-2870	93
-2870	-11091
261	-2245
3392	16093
261	-11224
-9131	-14273
-2870	-5121
-15392	-14995
261	-7101
-12262	-8741
-2870	4758
3392	13333
9653	8304
3392	18264
-9131	-12656
261	-7229
28437	21665
3392	15019
-15392	-14048
261	6987
-15392	-14850
-12262	-11917
3392	-13124
-15392	-13823
-12262	-12673
-15392	-14129
-6000	-1368
-2870	849
-15392	-11958
-12262	-12847
3392	16076
-2870	12577
261	6987
-6000	1196
-2870	7311
-9131	-14452
-2870	10637
261	8541
-6000	-8574
25306	3159
3392	-7592
-9131	-14238
3392	10873
-15392	-12523
-12262	-3395
-2870	-2280
-6000	-929
3392	18530
19045	-7985
-9131	-282
261	3223
25306	16463
-6000	-889
6522	-519
261	-4913
-2870	2253
15914	3794
9653	12028
-6000	-8516
-2870	9574
3392	16399
3392	12536
-2870	-8545
3392	14592
12784	5584
-6000	7016
-6000	-2072
-6000	-5109
-6000	-5849
-2870	12865
3392	3246
9653	6831
-2870	-121
3392	1017
3392	-1939
-15392	-14498
3392	15544
-9131	-15162
9653	28311
-18523	-16519
-2870	1167
-9131	-12708
261	-1472
-6000	-10456
-12262	-12801
-12262	-12633
15914	4233
261	10839
261	17669
-9131	-4555
-12262	-10497
-9131	-12858
-9131	-12315
-6000	-10520
-9131	-11998
12784	8067
25306	12640
3392	2743
-9131	-8297
-15392	-15895
3392	5954
-2870	-13771
3392	19459
-2870	-3464
-6000	1617
-2870	2969
-9131	-10935
-6000	260
-9131	-14885
-15392	-13176
3392	3459
-6000	-11553
6522	11555
9653	9153
-9131	-9105
-12262	-11213
-6000	-2985
-6000	-9486
-6000	3500
3392	-8118
-6000	-4630
-6000	-2228
261	5705
-2870	2004
-2870	16792
261	5648
261	-9117
-2870	8512
-6000	-6674
15914	3950
-2870	-7535
9653	-2419
261	-611
-6000	-6380
-9131	-7910
3392	2599
3392	9112
-12262	-10976
-18523	-16663
6522	8783
-6000	-7153
-6000	1392
-18523	-15988
25306	-6778
6522	-323
22176	14020
261	16289
-6000	-9498
-2870	6462
-2870	5596
-9131	-11103
-2870	-8759
261	-11571
3392	8009
15914	3725
-2870	1912
-9131	-12327
-2870	13356
-6000	9499
-2870	-5029
261	-3839
-9131	-6778
261	3038
-6000	-7725
9653	1687
3392	9713
34698	-2904
-2870	1998
3392	1831
-2870	-5069
6522	3396
-6000	849
9653	-7177
12784	-6449
-9131	-10029
-9131	-9792
-2870	-1420
-15392	-16173
-2870	6854
-2870	9285
-2870	6473
-6000	-10335
-9131	-13401
-6000	-7309
-2870	5902
-9131	-9555
261	1150
-6000	-3608
-2870	-3481
-6000	-13771
15914	7201
-2870	382
-9131	-8464
-2870	18928
3392	22751
-9131	-12564
-2870	463
-2870	9655
12784	17935
6522	-2852
-12262	-10231
9653	-5814
6522	-733
3392	8009
3392	-2321
-12262	-8822
3392	-6345
-12262	-346
261	6768
261	12386
261	3910
-2870	-8522
3392	25049
-2870	-7575
19045	2079
3392	14367
-6000	-12327
12784	2980
-6000	-12737
261	14632
-2870	3159
-6000	-7898
9653	18079
-9131	-12725
25306	9840
-9131	2304
-2870	3153
9653	19378
-9131	-5029
-2870	3355
-12262	-8839
9653	1958
-2870	-7633
3392	21567
-2870	2189
-15392	-14013
-6000	-7633
-6000	1023
-9131	-8297
-9131	-3129
34698	15775
9653	1646
3392	10677
3392	2310
-6000	-1010
-9131	-12443
6522	5573
6522	2622
-2870	3979
6522	-9065
6522	-2759
-6000	-4630
-2870	-3620
3392	-4007
-2870	6860
261	6635
25306	994
15914	-4711
-6000	-7800
6522	4100
6522	-2401
-2870	3661
-2870	5994
9653	6208
261	-173
-6000	491
-9131	-2326
-6000	1843
261	1098
22176	1964
-2870	-848
6522	9164
-12262	-13522
-2870	-467
-12262	-11807
15914	76
-2870	4776
19045	19119
-9131	-9498
15914	-5519
3392	3644
28437	19887
12784	1473
-9131	-12448
-2870	7495
-2870	-865
3392	2784
-6000	-8609
3392	9534
3392	9643
-15392	-12829
-2870	-2419
261	-6755
-2870	12600
6522	5411
-2870	-900
-12262	-14833
3392	105
9653	7438
261	10388
3392	-3706
261	2876
9653	5648
9653	-4365
3392	4268
-2870	607
-6000	-5889
-2870	-8788
-9131	-7321
6522	8644
-9131	-13095
15914	-531
-12262	-14331
-6000	-225
6522	15839
261	14338
15914	3471
6522	-3291
22176	16249
261	14182
-6000	-8689
-9131	2587
3392	-4284
261	-6518
-6000	-1235
6522	4810
261	17456
261	157
261	4441
261	15146
-6000	-4832
3392	5625
-2870	-6940
-6000	-3874
-2870	-4290
-6000	-12269
3392	3303
-2870	-5057
261	5307
261	5636
-6000	-8585
-9131	-10006
15914	17750
6522	13518
-6000	-10751
-18523	-15924
-6000	-8164
3392	20458
6522	-4699
3392	16901
15914	16636
261	-12460
3392	-11836
22176	-3701
261	13570
-12262	-14435
9653	6462
3392	16792
-12262	-11703
6522	10694
3392	9257
261	8927
-6000	9366
-12262	-12443
261	-7009
6522	16301
-2870	-3666
25306	-7113
-9131	-9197
3392	8367
-24784	-16571
15914	4655
261	-6028
261	9845
-2870	29131
6522	9921
261	15573
-12262	-5733
-2870	5174
3392	17271
9653	10914
3392	-1818
-9131	-5906
15914	8956
-2870	6023
-18523	-15122
34698	12536
3392	-1252
261	14777
3392	-7101
-12262	-6715
-2870	-12777
-6000	-4261
6522	5226
-2870	10463
261	6323
261	7813
6522	-5444
-6000	-14319
-6000	-11386
261	-588
-2870	6104
-2870	3113
261	11168
-6000	-3885
261	-8557
-9131	-13401
261	7617
-12262	-13707
261	2068
22176	7178
-6000	-9342
15914	5902
-2870	6987
-9131	-12870
6522	-6784
6522	-7673
19045	740
-6000	-1264
261	27555
-12262	-13199
-9131	-10335
9653	-6871
-2870	-1529
-15392	-14810
-15392	-13557
261	2703
-2870	15135
12784	566
-2870	-11109
-2870	-1939
-2870	-825
261	4522
3392	-2378
261	6138
-2870	-4457
6522	4643
28437	3477
3392	11843
-6000	-4284
-18523	-16305
-6000	17895
3392	2986
19045	21792
261	-4855
-9131	-11109
261	11803
-6000	-3348
15914	5740
9653	-12489
-12262	-10774
-15392	-13026
-6000	-10029
12784	-1818
-6000	-6195
6522	34559
3392	11046
12784	2997
3392	8517
-2870	13160
-15392	-14250
-6000	1150
-9131	-2095
261	23946
3392	5913
3392	-3267
40960	34772
-12262	-12009
3392	-14423
28437	503
-9131	-10139
-2870	-398
-6000	5278
-6000	-6726
6522	-2378
9653	6537
-15392	-16253
261	8154
12784	-398
-2870	-12847
-9131	-11132
261	8079
-2870	-11530
12784	532
-2870	-987
-9131	-13176
261	-12165
-9131	-3556
261	-2586
9653	-1570
261	-10312
261	-9446
3392	-12113
261	3263
-2870	7172
3392	-294
3392	19644
12784	5613
-2870	-611
-12262	-9619
-12262	-9099
-9131	-1033
31568	13466
12784	13783
6522	-8522
261	8991
-6000	-7540
261	3407
-9131	-2719
-12262	-13361
-9131	-8331
-12262	-11640
261	-415
-2870	12969
19045	-138
9653	-2644
-15392	-12142
-21654	-16507
15914	330
-6000	-6420
28437	3835
261	27098
-15392	-15260
-15392	-14435
-6000	-7471
-6000	-6513
-6000	-4301
-12262	53
6522	659
12784	901
261	-2321
3392	8552
3392	17248
-12262	-11305
-9131	-9353
261	-253
261	4574
22176	2732
-2870	-8066
261	1323
6522	-4948
-18523	-15364
12784	9355
261	81
261	7865
261	3072
12784	-4209
-12262	-12379
-6000	-3423
-12262	-14943
-2870	-7021
3392	-8967
22176	13714
22176	8252
19045	10111
-12262	-14804
-2870	-8031
261	-13545
6522	13674
261	-6899
19045	3673
261	-3319
-9131	-10243
-2870	-11969
25306	23322
-18523	-15878
25306	5440
261	-7656
-6000	-5491
12784	953
-2870	8731
9653	873
-9131	-11449
-6000	-14845
261	5925
-6000	-8095
261	11127
-12262	-14914
-12262	-7021
-9131	-10006
25306	15244
-9131	-6778
261	4891
261	5307
-6000	-2869
6522	11185
19045	3384
6522	-11634
-2870	-5109
22176	4285
-2870	12478
261	-2523
-6000	-6062
9653	-5427
-15392	-14319
-2870	-8626
-9131	5931
3392	5717
-6000	4626
261	10371
3392	705
9653	-2910
-2870	7282
59744	20083
-6000	-7084
9653	21965
19045	1750
6522	2108
3392	-2696
-12262	-9856
-2870	11895
-12262	-2950
-9131	-13147
-2870	-3319
-2870	-2471
3392	8211
-21654	-16236
-2870	10123
-2870	17046
261	6023
261	15106
-12262	-12131
25306	26902
25306	16168
-15392	-16092
-2870	2714
261	-4064
261	422
261	2547
261	-4087
-6000	-1622
6522	2160
261	5024
-2870	9788
3392	-3267
-12262	-8505
-9131	-8412
261	-11623
9653	-7511
6522	18743
261	20943
22176	-3481
44090	16237
-6000	-7234
12784	19788
6522	-2269
-9131	-7881
9653	555
6522	-3966
3392	14540
-6000	-9434
-6000	-5387
-2870	21134
-9131	-5958
261	330
3392	17935
-9131	-8343
261	13425
-2870	4666
15914	359
3392	6231
261	-2072
3392	19194
261	-2696
-6000	-10243
261	-1807
-6000	-6328
261	13293
19045	14263
-6000	-9146
22176	5544
-18523	-15428
-12262	-11120
-6000	-3013
-12262	-14227
-2870	6976
3392	10810
-9131	-12206
-2870	12432
-2870	5411
-6000	-10364
-9131	-13811
-2870	5971
9653	13570
-2870	-1737
261	8818
19045	-998
6522	-1737
-12262	-9342
-2870	1958
-6000	399
12784	1381
3392	-9140
-2870	1513
-15392	-14406
-2870	4349
-18523	-16225
12784	4787
9653	1577
-6000	-7454
-2870	-7113
261	14736
15914	14089
261	6190
-9131	-15826
9653	555
6522	-5000
-12262	-9856
3392	-13384
-6000	-12789
6522	13183
-9131	-14186
-12262	-11623
-15392	-14712
261	4603
19045	4880
-6000	-7587
-6000	994
15914	6699
261	10891
3392	8009
-2870	-2205
261	11139
9653	-6634
-9131	-5006
-2870	382
-2870	-7217
-15392	-14718
-2870	5053
261	-2961
3392	-9382
-12262	-14995
-9131	-8557
-15392	-14741
-2870	8997
15914	8512
-18523	-14487
-9131	-7494
-15392	-15561
-2870	-8279
-2870	5821
-15392	-13638
-9131	-7350
-2870	6947
12784	8517
12784	5451
-9131	-11334
19045	19275
-15392	-9330
3392	22115
15914	7825
-6000	-6651
261	-10814
-12262	-12310
3392	13951
261	7669
19045	3338
9653	6277
6522	8558
-2870	81
9653	25828
-2870	3696
-15392	-11825
-9131	-10352
-2870	10330
261	-2858
31568	9978
3392	965
9653	-5
6522	-1437
261	4758
22176	-1062
-6000	3713
9653	-346
-2870	6722
12784	-1991
261	-2309
-6000	-10243
-9131	7426
12784	23628
261	-225
6522	3806
261	3817
-2870	2426
-2870	5994
261	11936
-6000	-5693
261	9176
-2870	-2269
-12262	-13228
-2870	-2858
-9131	-12310
-2870	-7748
261	-10295
-2870	8702
-9131	-12379
6522	21451
12784	-1327
9653	9101
-6000	-5046
-6000	-2188
9653	8107
-12262	-15509
-6000	3355
-2870	4337
-2870	-1264
261	15747
9653	14846
261	14182
261	-10306
261	-2655
-6000	-11755
-6000	-7442
-9131	-10999
25306	3020
261	-4220
-6000	-600
261	-4139
-2870	5677
3392	12149
12784	-4393
9653	-6784
261	2212
3392	1109
3392	-6293
-18523	-15826
9653	22485
-6000	-11068
-6000	-10618
6522	-4232
6522	-3002
6522	6722
-6000	8731
9653	4920
-6000	-917
9653	7218
3392	-5006
3392	-1778
-9131	-6940
-9131	-8666
9653	9268
3392	9845
-6000	-5773
-18523	-16479
34698	11093
3392	81
-12262	-15376
-15392	-14354
261	5503
-6000	-5006
-2870	14765
3392	-9804
261	-12269
-6000	-8256
-12262	-14088
-9131	-13043
-2870	-5762
3392	-4486
28437	2986
-6000	-14833
-2870	-6305
-9131	-8516
-2870	-4099
31568	-981
-6000	-2511
261	-1726
-9131	-14065
6522	-3718
-6000	-8707
3392	-8372
19045	9776
261	2611
-15392	-13199
-15392	-15803
-2870	2212
6522	8858
-15392	-15763
-2870	-282
-2870	2137
-12262	-13840
-2870	10203
3392	4152
261	8408
261	1242
-9131	-4682
-18523	-15312
-9131	-8701
3392	4285
3392	2720
-6000	-8522
15914	-6692
261	10954
-9131	-1033
261	9909
3392	9857
-6000	-6010
-12262	-12483
-12262	-15601
-2870	-3475
-9131	1525
-18523	-16282
3392	-11063
15914	-1662
31568	2957
261	-9504
31568	26677
9653	-6663
3392	15019
-2870	7201
-6000	-12356
261	2732
-6000	-14273
19045	10613
-12262	-13921
3392	10556
261	4672
-12262	-8251
-6000	-11992
-6000	-4376
6522	-7737
-2870	-4497
3392	5850
6522	3915
-9131	-6541
-12262	-15416
-6000	-13228
-9131	-5306
-6000	3182
3392	7259
-9131	-13228
9653	-2563
261	4961
-2870	11393
-6000	3038
-15392	-11409
28437	12987
3392	10613
261	5931
-2870	751
-12262	-8851
6522	-2575
6522	-4232
-2870	-3966
-9131	-12165
-6000	-10664
15914	-4965
9653	5625
19045	11272
-12262	-14140
-9131	12669
-6000	4193
-15392	-15434
3392	6635
-6000	-2147
15914	7536
22176	1698
-2870	4857
6522	-825
261	-1524
9653	145
-6000	-5387
-6000	-4301
-6000	4897
261	9314
6522	-9105
6522	3090
9653	12311
-12262	-12471
3392	2957
-15392	-15208
15914	5942
-2870	-7563
-6000	-1391
9653	5134
-15392	-14954
-9131	-10629
3392	17075
3392	-7806
-6000	-80
-12262	-7869
-2870	-7552
15914	-282
3392	11578
261	5861
15914	-3025
-2870	-12523
261	-3452
-9131	-10029
3392	-1882
6522	-9977
12784	-4422
-2870	4060
-9131	-1836
9653	-1131
50352	4747
3392	17710
6522	-5693
-9131	-8118
15914	665
261	5145
12784	10677
9653	19696
28437	14084
-9131	-9007
-2870	-1206
-6000	-12939
22176	-415
-2870	-5323
261	4897
-12262	6445
261	1017
3392	19367
-9131	-5641
12784	12219
261	-6328
-12262	-4780
12784	24991
19045	14084
261	8783
-9131	-3441
-2870	1057
3392	-6899
9653	6964
-2870	-2800
-6000	-2707
-2870	6300
-6000	-7257
15914	8529
-2870	-1235
3392	1669
-6000	5278
261	3898
3392	20591
-2870	-4844
-12262	-15162
-9131	-5756
261	-8943
261	-5802
261	14488
-6000	-12033
-6000	5041
-18523	-16507
261	3101
6522	-10416
-6000	-7858
-2870	-1968
261	393
-6000	-1449
6522	21648
22176	3592
3392	-6992
-12262	-10127
-18523	-16144
-2870	-5086
-6000	4204
3392	-10456
-12262	-438
-6000	728
-18523	-16017
-2870	5625
9653	-681
3392	28068
3392	-4405
-2870	5163
12784	-7817
-12262	-15179
-6000	-10214
-6000	-14810
15914	-3371
-9131	-9648
261	12698
-9131	-13690
-9131	-14498
261	10879
6522	7374
-15392	-14007
-6000	-12258
-2870	133
3392	5890
-12262	-10375
-9131	-13055
-6000	2836
-9131	-11692
-12262	-9885
-15392	-15434
3392	1577
-2870	3078
12784	-4007
-2870	-7950
-9131	-12269
19045	6196
-6000	11451
261	9563
-2870	6768
261	-3065
-12262	-14279
-9131	-11016
34698	8552
-12262	-14608
15914	11555
-12262	-12402
-12262	-13586
-2870	214
-12262	1352
261	5942
-2870	2137
-2870	-277
-21654	-16109
3392	-3701
261	10042
261	6323
3392	15758
-6000	-3423
28437	18408
261	-1206
261	-837
3392	13547
25306	11064
261	11116
-12262	-14677
-2870	9892
-6000	-7685
19045	-6201
-12262	-13332
6522	1964
22176	10665
-9131	-8891
-2870	2847
-2870	-3094
-6000	-5456
6522	2986
3392	-2153
15914	4429
-12262	-13413
31568	13397
261	25031
-6000	-5612
9653	14840
12784	9759
261	-10999
261	3049
-2870	5613
-2870	-715
-6000	-9711
261	11872
6522	9124
-15392	-10693
-6000	-4954
-18523	-16103
-6000	-7361
-12262	-11507
-2870	1947
19045	10094
-9131	-10653
3392	26556
-2870	647
261	-1304
3392	17190
-9131	-4405
261	12698
261	2836
3392	6289
15914	1179
261	14979
22176	2189
-12262	11127
9653	-5029
22176	14592
-2870	-2367
-2870	-3042
3392	873
-2870	13997
-6000	-5947
6522	3338
-12262	-13984
-6000	1352
-6000	-7500
261	11168
-6000	-7829
19045	18945
261	3915
-15392	-16017
3392	9216
-6000	4857
-2870	-2217
3392	-12223
19045	-1172
3392	4562
3392	-1911
-2870	-7500
-12262	-13199
3392	6912
-2870	-3839
-6000	-9365
-9131	-10722
-2870	7016
-15392	-9192
-6000	7663
-15392	-15566
-6000	-1102
6522	-7985
6522	17577
31568	10613
-6000	3378
-6000	-3302
-12262	-13465
-12262	-12246
9653	699
19045	7391
15914	13674
261	4112
-9131	-10121
6522	7467
15914	-2667
-6000	-7073
3392	18651
3392	35223
-6000	-4688
40960	5677
3392	10533
261	6433
6522	289
-2870	-11334
-6000	-5537
261	-3187
-2870	-6461
-2870	-14279
261	-8424
3392	13039
-18523	-16583
9653	-467
15914	-3885
-9131	9285
22176	18426
-9131	-8903
-2870	3910
-2870	-2950
-2870	11941
-15392	-14712
15914	5925
-6000	965
-6000	-4671
6522	6023
22176	40899
9653	-6345
-6000	3367
25306	10931
-2870	543
261	12
-6000	-4590
-9131	-4601
-6000	-4261
3392	25430
261	1762
-2870	-11161
261	705
261	7784
-18523	-15670
25306	20100
6522	4672
-9131	-12673
6522	-8389
261	260
-2870	6727
-12262	-11634
-2870	30777
3392	780
6522	-3718
6522	8569
261	11543
-6000	-6368
-2870	-3106
261	7345
261	11237
261	-3574
3392	18414
-9131	-9411
-9131	-16011
-6000	-8770
-6000	-9065
261	21278
6522	3511
6522	11277
-6000	-15243
-9131	-11357
-9131	-3504
3392	7085
261	-225
-6000	-11334
9653	8119
-6000	6369
3392	249
-2870	-4688
3392	8702
-6000	-3729
-6000	-8077
-2870	2680
261	5301
3392	4562
6522	19569
-2870	890
9653	4747
261	-5000
9653	12750
-6000	-1304
12784	-6917
-12262	-14995
3392	2755
6522	-10162
6522	14909
15914	14222
261	10411
-2870	5290
261	3829
3392	2662
28437	-3383
3392	11393
261	-3441
31568	3384
-18523	-15578
-9131	-11623
-2870	-9683
12784	7917
15914	486
-6000	-3955
6522	-10935
40960	-161
3392	-4671
-9131	-10427
-9131	-7327
261	-2759
-9131	-8256
3392	-305
-12262	-13413
3392	-7685
9653	2893
6522	-7050
9653	14263
3392	-3331
9653	7559
-6000	-12656
-12262	-8256
12784	-4474
6522	-1818
261	3159
-9131	2507
261	9978
-12262	-5970
9653	2131
-2870	-3874
-12262	-11253
15914	4204
-6000	-4578
-2870	6196
6522	10521
3392	5186
3392	-8545
261	7946
-2870	-3891
-2870	-11703
261	-10456
12784	15013
-15392	-13441
-9131	-14129
-12262	-13545
15914	-6368
6522	16312
3392	26902
-6000	-5017
-6000	-7869
-15392	-16201
9653	-9024
6522	16145
261	11381
9653	10111
-6000	-9925
-2870	-4157
-2870	1473
-2870	-6345
6522	-1091
261	6260
-9131	-1039
3392	11272
-6000	-6022
-12262	-14435
261	7374
25306	16699
3392	226
261	982
261	1640
3392	4839
261	237
-6000	-5213
-2870	7189
-6000	12415
-6000	-600
-6000	-7390
-9131	-12512
3392	12507
-9131	-13332
-18523	-16282
3392	9539
-6000	-8984
34698	4787
3392	7865
-6000	2443
3392	5902
-6000	-5981
25306	10082
-6000	-4157
3392	11185
-6000	9257
-6000	665
261	10781
-6000	-6276
-6000	301
-2870	12525
-12262	-15312
12784	2680
-6000	-13493
-2870	-1437
6522	-5283
-12262	-11172
22176	-3903
-2870	-3753
-2870	532
261	17023
-2870	3939
-15392	-15907
-9131	-10231
-6000	168
-12262	-5733
-2870	-8239
-2870	-8915
-2870	14263
3392	6895
28437	3477
-12262	-13043
-2870	4216
-2870	1467
-6000	-14793
-9131	-10745
15914	-4775
-2870	7934
-2870	-109
-2870	1456
-9131	-11600
12784	-1299
-12262	-14088
-9131	2813
-9131	-7829
6522	28894
-15392	-15168
15914	14130
3392	11127
9653	4961
3392	6323
6522	740
261	-8349
-6000	9418
-6000	-8597
3392	-317
-15392	-15110
3392	1537
-2870	-450
6522	16220
-9131	-12327
6522	32157
28437	1525
-9131	-3637
-2870	-3926
3392	-1131
-2870	5359
-12262	-3793
-9131	-12085
-6000	7391
-12262	-9371
-2870	769
-12262	-3042
-9131	-6426
261	64
-9131	-10814
-2870	3234
-9131	-12616
34698	2403
-2870	-1859
9653	-3400
-6000	-3701
-2870	-3042
3392	14349
3392	11237
15914	-3556
-6000	-6276
-2870	1271
9653	-1154
-6000	8437
261	13905
3392	1525
-9131	-9948
-6000	-6212
-12262	-14279
-2870	4695
261	8333
9653	8027
3392	-8389
-6000	-1743
-15392	-16450
9653	214
-12262	-13719
-18523	-16490
-2870	-7737
-9131	-2788
6522	30828
25306	6762
261	15770
-2870	7882
3392	5076
-2870	5134
31568	-1501
22176	34224
-6000	-6784
-2870	16624
-12262	-9925
261	-3077
261	4193
-9131	-11651
12784	8448
-6000	-8574
261	1017
-6000	7796
3392	20071
261	7322
9653	8252
6522	14153
3392	16116
9653	6762
-2870	6658
-15392	-14718
261	28311
-9131	-10681
261	-28
3392	10533
261	-531
-2870	-479
6522	5653
-2870	8818
-6000	1525
15914	12057
-2870	-6501
-2870	705
15914	5423
-2870	5780
261	7905
261	3915
9653	-9007
-9131	-9128
3392	12444
-21654	-16594
261	116
-2870	-4763
-12262	-9065
-9131	-9007
19045	11197
15914	5492
-2870	9534
-6000	503
261	-6836
3392	-6888
6522	838
12784	8465
-2870	-456
-2870	3090
261	5215
-2870	8968
6522	-4815
261	12865
-9131	-10884
9653	27555
9653	-2338
