2252	6320
5880	12915
27364	11622
6603	1660
-745	-1595
-3229	-2133
2068	5261
-5521	1763
4399	1198
-5591	-8764
-5845	3384
-2322	11770
-13018	-15422
15524	13616
25488	21566
373	-4073
-6590	-11067
7607	6055
-3387	-8055
-10468	-11449
12199	4197
6630	-4585
609	-3808
-4298	-1563
5473	3312
-12860	-16239
-14801	-18870
9837	7752
-6287	-4885
-7887	-7920
-5797	-6506
18903	9651
-8044	-10205
-7440	3954
2511	7272
6853	7505
-1235	780
-7549	-8217
-3733	5490
-14792	-20491
15660	11609
-9140	-7979
-6594	937
-1152	-2282
-1279	3088
-3934	3941
-5753	11357
1556	565
517	179
-3027	2477
-6853	-5689
640	475
11178	982
-7707	-2937
24656	17490
17663	20529
4824	-2636
-7028	6320
3935	1503
-8246	-7763
-3777	-4347
-4022	10006
-2432	8291
9048	14316
-1025	3465
-9837	-2564
11252	15093
666	6805
-3505	2253
-5757	-7444
-4714	-10529
-990	8094
-14604	-16275
-8110	-9770
14359	19268
7782	11151
-1257	394
-7663	1660
-7208	-11337
-5047	7609
5425	10877
140	75
-11107	-14789
12015	10864
-14126	-18021
2620	4542
-293	919
-10292	-10515
-10156	-11853
17189	12493
7760	9297
-14069	-17052
22671	10365
-10590	-14026
-3413	-5348
14569	16507
-11366	-9725
-6375	-9478
-13671	-13433
10805	7537
-4907	-1967
2095	-5671
14096	11865
-6625	-6636
11660	7479
-5288	-6520
9929	10657
1775	-3247
1508	138
14714	14900
5359	1925
-495	1449
530	951
-2199	-5945
-13771	-15157
-6292	-8809
-3746	17
-7974	-2187
-3886	-6677
4846	1799
-5841	2536
-14556	-18816
-13741	-17483
-14700	-18327
-5954	5544
-10174	834
-9723	-5698
1157	-903
-10783	-4306
-10424	-1289
-1880	-2555
13171	6244
-11164	-8594
-14030	-18206
-10428	-13110
8698	3119
1770	7981
-2852	-5307
-7839	-5011
-6007	3398
-7869	-6587
-12794	-15193
16063	20368
-4197	-7108
10915	13212
26509	12085
-3277	5629
19258	11896
-14442	-19759
-6743	-6488
-7917	-2344
-1297	15609
-4035	-5896
403	789
-1472	-2156
-6108	-6695
-4500	-5213
21383	13880
21676	15744
22991	19600
4299	-827
-4877	-5370
-12939	-14048
-13298	-17249
-14091	-15346
246	-2120
1534	6630
14964	6563
2739	-670
-2475	-5213
-11519	-12899
-8505	-8284
-9920	-15454
-13346	-14039
3229	9557
14674	5292
-3409	542
-11576	-13523
-2773	-2210
-2265	1638
-5937	-6744
-530	1216
-6147	-5357
995	3214
16462	11214
-14166	-20841
-10152	-7063
8190	5638
-438	13544
19407	8480
898	4848
5320	-149
12676	9930
17492	7860
14065	9939
-3137	-5851
11848	23317
-3588	-3557
-2747	-8279
-8413	-12540
-12111	-12104
-8272	-10084
-6463	-2600
1376	-2591
19788	18837
-10831	-1936
2038	-1613
8978	13575
7423	14123
-2971	-7139
289	4798
-4925	5629
13605	6778
6923	8978
3690	3106
5289	7039
-1880	-5334
3330	10046
-2589	9903
4509	9696
403	-1393
-1840	978
-1463	-827
-4346	-5236
-6616	-6340
-3939	1665
4058	3685
-10866	-13622
-12001	-9061
14845	11137
21155	10037
13605	18181
17005	11645
-6432	-6596
-12531	-17330
21606	11595
7769	1952
-14551	-17164
-5521	-9043
-1284	-4315
3361	1669
-4789	-4118
-12926	-13685
-9022	1377
1919	15007
5289	5517
-4688	-3494
8001	16484
5854	5997
-11659	-7067
-13767	-16028
-12790	-15265
-13224	-13343
-13162	-18587
-3444	-3390
2625	466
-3479	-6394
-9425	-11548
-5950	4502
-6428	-7377
2423	-6205
25173	15030
3900	5624
-11339	-14565
-4355	-8208
12234	7856
1792	-91
4106	9288
4417	7160
-7992	-2088
-7646	-10758
13071	8318
2366	-625
4071	7200
13369	6432
-2984	3474
8439	13845
-10507	-11799
14162	9000
-968	4551
2051	1095
1819	3088
8781	11034
-7900	-7727
10902	1175
-929	-3337
3059	-149
20826	8453
-11874	-11283
-13403	-17986
5745	19016
-12518	-13218
-7584	-1761
-3882	-6282
-12181	-17694
-14056	-16378
17575	15268
-3641	8758
-5249	-9626
2691	5835
8619	7303
3773	3420
-10616	-14246
-920	-5864
15034	12201
-74	-4971
11901	8740
-3562	7057
-1564	-5002
8610	1095
-7834	-6838
15678	13616
-13631	-16993
-298	394
4426	8085
-4416	-4270
-3343	12403
-8080	354
-13390	-15072
2734	10617
-10349	-11153
-2861	-6484
-3413	-5671
9114	14778
-11738	-14448
-11563	-12935
259	-580
-7725	-2941
-4311	-1298
7383	11708
-5319	-1613
1762	3209
-12523	-8863
-7523	-3705
-7488	-9263
-12492	-14466
6029	-2771
16015	9458
-7089	-8432
-12128	-14924
2226	1315
-14512	-17685
2117	2603
8325	16556
3475	-7171
-14455	-16693
4645	3618
12987	-23
20274	9193
-6143	7519
-2291	-1936
-6428	-8423
-14875	-19018
-683	8583
-14301	-16468
15594	12170
-9762	933
-7067	1270
-3404	-3148
21063	16224
21343	16210
-12737	-17038
17890	13687
-5148	-8688
6564	8233
17579	11371
-11537	-15656
4080	587
-2353	10046
4732	1297
-10616	-15943
-2462	-3916
4421	816
-6371	-2677
1963	-3184
-2322	-7004
10937	16983
4899	4955
3865	-3233
9215	6675
13859	16861
-11782	-16271
-2769	2069
-7054	-3301
2441	12049
-333	1943
-8772	-8217
-8356	-2654
-8053	-7759
763	3654
4816	9072
9504	6437
346	9167
1586	2715
-1551	-885
9763	9849
-12772	-14179
-8364	-10960
-3098	-5693
12435	7887
-8465	2809
5026	5997
-5104	-2255
-13671	-18529
8816	4758
-9469	-10632
-1595	-611
-8474	-8634
3418	6244
-1034	6073
-5963	-7660
-14893	-20554
3869	-2977
8803	15146
-10634	-9159
-7711	-4854
-1647	8807
-8185	4771
5249	9894
20598	8947
6441	4192
-4202	444
-9552	-13249
3015	7461
8886	11874
-486	1225
-6344	-11144
6853	11555
5986	5404
-9284	-3152
12878	13732
-5113	-6650
16874	17382
-13868	-18506
-4154	2702
13040	7425
-5021	-6282
2949	2998
1188	89
530	7366
23315	12947
11717	19528
-7878	2127
17698	12691
7129	7586
-4890	-7426
20445	13598
-9999	-11853
20769	16255
11756	3290
-9162	-11453
5613	1427
-8066	-10699
-2134	14635
15358	7707
-10752	-3741
-10078	-8455
9075	12008
11375	6652
-14332	-16670
9600	6666
-7006	-11166
-5240	-903
-11291	-13052
4610	13710
-8548	3258
9289	6486
-13671	-15777
-565	-1666
11287	7290
-14731	-16922
-929	5939
4053	10926
16935	14073
-12457	-14425
-5061	-2376
-10980	-7144
16992	9400
2371	2405
3221	-652
-12663	-10533
1604	102
-416	224
-10932	-10847
-9740	-12724
10236	10262
8518	11775
2787	-1312
-12961	-16405
-13872	-17433
4605	1974
-1862	1566
-12715	-14394
-5034	6109
12646	19730
21440	16992
27223	19093
25019	16395
14004	10805
-14477	-16293
3733	10320
-4092	-4643
13180	8233
-10143	-4365
-8268	1054
3041	2293
5162	3995
-5521	-5379
-10354	-11386
-11046	-7660
2025	2854
23083	14657
-12225	-11063
3124	3101
-9626	-8221
763	583
-13732	-15225
-13232	-18075
2620	5113
4982	21230
-2283	7348
-7265	-540
-8237	-9321
-9793	-11471
-13798	-17775
13916	7896
1429	7155
7081	3205
1074	3285
-7339	-10834
-6358	-8217
-1516	3443
-13412	-16791
4250	4767
4995	16965
-8408	-8154
4399	15039
-14678	-18933
16300	14536
-675	-2977
-12159	-12001
-5402	-8172
23468	10500
9167	5984
4461	1431
3738	-1788
19867	16354
3265	5705
-9105	-9788
6897	3730
-9512	-4270
15099	14886
-8697	-13002
-6375	1979
-10376	-7480
-3343	-4073
-3488	6082
-10240	-4858
-7681	-5990
2726	5050
8084	8134
1775	10626
22097	10823
-6787	-118
-4609	13827
17794	11676
456	7546
-14621	-18206
-9157	-12351
-52	-4535
14617	15937
-9122	-3916
684	5804
6884	13548
-2716	-4585
3059	3725
3383	-1698
15126	4215
3291	-836
-508	12466
-2112	-4715
8255	15470
3251	-3049
4987	-2789
-6007	-6766
4802	15178
15783	5651
4220	2908
2708	9553
-10529	-13106
11511	5368
-5897	2446
-302	15272
1784	-2201
-11839	-7494
11918	7232
-4627	-8001
-1454	-5025
-9802	-5456
-14293	-17236
-4820	5898
-13254	-13968
3470	242
15498	12430
-10678	-13599
-3334	5876
-1735	7950
15248	8296
4399	-2169
5946	4866
-8386	-16666
-6642	-302
28919	19537
9346	12376
21939	15559
16690	10213
19520	9198
-13482	-21052
942	11788
10792	6311
-9087	-2677
8041	6590
15682	14913
-14025	-16544
-8579	-9245
-9920	-9052
3164	-2888
8969	7268
-7974	-9352
-9052	-10407
4158	-822
-3488	-23
-11243	-14439
-11304	-7696
-7002	-9070
9622	7990
11011	10037
-9648	-10901
-6533	-10327
-11857	-16217
-8654	-10322
-14748	-18870
-7501	-6107
-5494	6064
5013	15093
-2274	6082
10845	9539
-2541	7416
-2879	-831
-8259	-1631
2664	7241
-11484	-11835
-9284	-9819
-2730	1876
20384	3492
2691	6567
1196	147
6376	3407
15419	5768
-14849	-18021
10319	7968
11375	13153
6213	2527
8790	5472
-1279	5916
22075	14891
12019	7856
-7549	-11534
14135	6917
12273	9158
-3746	-2299
26610	19393
-14328	-16266
-14687	-17846
-13451	-15548
4215	6872
4088	15613
1319	9966
17281	10635
-1121	10370
-6485	-9236
-8855	-11732
14631	14078
14736	8246
6222	9202
-13508	-16693
-11252	-12966
6283	18675
21768	6019
3514	11393
-10104	-14407
-11357	-7121
3944	-1289
6783	6935
-1047	-2964
-4434	-8410
9364	7443
-241	14487
-2454	1561
-13657	-18915
24590	10060
-13316	-14493
-6445	-8580
-10393	-2820
-5959	-7880
13360	6913
303	1404
-10923	-13546
-13048	-16657
10358	10356
5959	12812
-3312	-1514
-2120	2720
-3207	7604
-11848	-12042
7142	11860
-5231	-7247
13426	7977
-14678	-21573
4544	-4715
-4351	-6919
