-7744	-21710
-5256	-5117
-8987	8157
-904	4839
22104	-1798
962	-5117
14642	1520
18373	-8436
14020	21431
-6500	1520
14020	-1798
18373	8157
8424	-15073
2827	-11754
-4634	-15073
7180	-5117
-5256	-5117
7802	1520
-14584	-8436
-904	8157
2205	14794
16507	-5117
-9609	-8436
-13340	-11754
-5878	11476
-4634	4839
4071	8157
-12096	-5117
-282	11476
3449	8157
-7122	4839
-7122	-1798
3449	-1798
-17693	-15073
-4634	-15073
-5878	-8436
340	8157
-7744	4839
10911	11476
-5878	-1798
-8987	-1798
21482	-5117
-2769	-8436
17129	-1798
-6500	-15073
-13962	-8436
-7744	-5117
12155	8157
-13962	-8436
-4013	11476
-1525	14794
-7744	-1798
-3391	-15073
-2769	1520
2205	4839
9045	-8436
-13962	-5117
7802	11476
-7744	8157
2205	8157
-11474	8157
-11474	-8436
-904	-5117
-2769	4839
-1525	-15073
-3391	-18391
-5256	1520
6558	18113
962	18113
-904	1520
17129	-11754
6558	21431
3449	-5117
7180	-5117
-5256	-15073
-10853	-5117
6558	18113
-1525	-1798
7802	-11754
-5256	-8436
-2147	14794
-11474	-15073
-9609	-8436
-5878	11476
-7122	1520
-8365	-15073
-7744	-8436
2827	-15073
-8987	-1798
-17071	-11754
-5256	-15073
-8987	-15073
11533	4839
-7744	-8436
-2769	8157
-4634	-15073
-12718	-15073
-15827	-11754
7180	1520
-11474	-1798
-6500	-11754
-1525	11476
1584	1520
4071	1520
8424	-11754
5315	-15073
18373	21431
12776	21431
37027	14794
-8365	-11754
-7122	-1798
-15827	-11754
-10853	-1798
-6500	1520
-8365	-11754
-8987	-11754
-4634	-1798
-2147	-8436
24591	-1798
4071	14794
11533	24750
-282	-1798
-1525	8157
34540	14794
-3391	1520
-7122	4839
-2147	8157
-5878	-15073
-8987	1520
-1525	-11754
-5256	-8436
-12096	-5117
-10231	-8436
-10231	-11754
-3391	-15073
-10231	-11754
-11474	-5117
4693	18113
-12096	-15073
17129	-11754
-8987	-11754
9045	14794
340	-11754
-2147	-5117
-282	14794
-7122	-1798
-2147	-5117
-8987	-1798
7180	14794
14642	4839
-10231	1520
8424	4839
-8365	-5117
-2147	-1798
-10853	-11754
-282	-5117
-4013	-1798
2827	-1798
-9609	-15073
-10231	8157
-282	-11754
-1525	-8436
-9609	-5117
-3391	11476
6558	-11754
-14584	-8436
2827	31387
6558	14794
-7744	-8436
-4634	1520
-4634	-8436
-1525	8157
962	14794
-7122	-1798
-8987	-5117
-10231	-5117
-4634	4839
12155	14794
12776	-5117
-10853	-5117
-5878	-8436
7180	18113
9667	18113
-5878	11476
-904	4839
-5878	8157
2827	-15073
-8365	-5117
-904	-5117
-7744	-5117
9667	-8436
6558	4839
-5878	-1798
23969	-1798
-8365	-11754
-11474	-8436
-904	1520
-1525	-1798
2205	-15073
-7744	-11754
12155	8157
26456	8157
7802	8157
-11474	-1798
23969	-1798
340	11476
-15205	-8436
-1525	-8436
-8365	1520
-4013	-1798
17751	8157
-7122	-8436
-904	14794
-1525	21431
-5256	1520
-5256	1520
30809	11476
-5256	-11754
-9609	-5117
-8987	-11754
-3391	-1798
-4634	-8436
-282	-1798
-9609	4839
-11474	-15073
14020	-8436
-1525	8157
-10231	-5117
-6500	-5117
4071	24750
-4013	1520
-4013	1520
-7744	-1798
7802	8157
-7122	-8436
2205	14794
962	-11754
-7744	11476
-14584	-8436
-1525	-5117
-10231	1520
-8365	-5117
-5256	-15073
12155	8157
-2147	-11754
-2769	-11754
-10231	-5117
-3391	11476
-7744	1520
-6500	4839
7180	-5117
5936	18113
12155	1520
-904	-1798
33918	8157
-13340	-11754
5936	14794
-282	14794
-8987	-11754
4071	-15073
4693	11476
1584	4839
-2147	8157
2205	14794
2205	8157
-7744	8157
-7744	4839
32675	11476
2827	-1798
-2769	-5117
-8365	1520
962	14794
7802	4839
14020	-11754
-10853	-5117
2205	-11754
-9609	-8436
2205	14794
10911	18113
17129	18113
-14584	-8436
-9609	-11754
-7122	-1798
37027	18113
-3391	4839
-904	4839
30187	14794
9045	14794
340	11476
2827	8157
962	-8436
10289	8157
-2769	8157
3449	-1798
18995	24750
-10231	4839
3449	-8436
-4013	-1798
27078	11476
-6500	4839
-1525	14794
14020	18113
9045	-1798
-5256	-8436
6558	-11754
-2147	-11754
2205	-8436
-6500	1520
-904	18113
-904	11476
-3391	-5117
7802	-8436
-9609	-5117
5936	18113
18995	1520
-282	-8436
962	1520
-1525	-8436
17751	-11754
8424	-8436
340	-18391
4071	18113
-7744	-1798
-8365	4839
-7744	-1798
-2769	11476
7180	14794
5315	1520
-5256	1520
-7122	-5117
-13340	-11754
-4634	1520
-5878	21431
-10231	-11754
-7744	11476
-10853	-8436
-1525	-15073
-6500	-8436
5315	-1798
-4634	-11754
-5256	-1798
2205	1520
2827	-15073
-2147	-8436
7180	-5117
-10853	-11754
-282	11476
-5878	-1798
-8365	4839
-10231	-15073
10289	1520
-10231	-18391
-8365	1520
-10853	-5117
2827	-1798
22725	-5117
-13340	-8436
-1525	11476
-13340	-11754
-4013	-5117
-3391	11476
-7122	-8436
-6500	8157
-8365	-8436
5315	-8436
2827	-5117
-6500	-5117
-9609	1520
-5256	8157
22104	21431
8424	4839
-10853	-5117
-11474	-21710
-10853	-15073
-10231	-11754
-14584	-15073
-14584	-8436
340	-11754
-1525	-11754
-8365	-11754
-5878	8157
-10853	-8436
-7744	8157
-2147	-5117
962	11476
-282	-1798
-7744	-1798
-10231	4839
-5256	8157
6558	-5117
-8365	-8436
1584	-11754
5315	-15073
-904	28068
-282	1520
6558	28068
1584	-1798
-10231	-5117
-4013	-8436
3449	8157
-8987	-11754
-8365	1520
-4013	1520
-9609	4839
340	-11754
37027	18113
-4013	-5117
1584	8157
4693	4839
-904	4839
-5878	-5117
12155	-8436
1584	1520
2827	-8436
-2147	-15073
16507	11476
-8987	-1798
-4634	-1798
-10853	4839
-8987	-5117
-5878	-15073
2205	-1798
1584	-5117
-1525	-15073
-5256	-11754
8424	11476
-10231	-5117
-4013	14794
-11474	-5117
-7122	-8436
-7122	-5117
25835	-15073
25213	8157
6558	14794
-282	-5117
-1525	-5117
-9609	-1798
-2769	-5117
-5256	-1798
962	4839
-8987	-11754
3449	18113
-4634	-5117
-8987	4839
18995	-1798
-14584	-8436
-3391	14794
-7122	1520
962	-15073
-5878	4839
-6500	-5117
-2147	-5117
-2147	1520
-13962	-8436
3449	8157
9045	14794
-5878	-8436
-15827	-11754
-282	1520
-5256	-11754
7802	-11754
-9609	-5117
3449	14794
23347	8157
11533	8157
1584	11476
4693	-15073
12155	14794
5936	-1798
-7122	-5117
4071	-8436
12776	11476
1584	4839
-10231	-8436
-6500	-8436
-2147	8157
340	14794
962	11476
-3391	18113
14020	1520
-8987	-5117
4693	-8436
-2769	11476
-5256	-1798
-8365	21431
-7122	-1798
-10231	-8436
-2769	11476
1584	-11754
-10231	-11754
-8365	-8436
17751	-8436
1584	4839
-10231	-11754
10289	-1798
-5878	-5117
14642	1520
-4634	-5117
-2769	4839
3449	-1798
-5256	-8436
-1525	1520
-10231	-8436
-7122	-5117
7802	-1798
340	11476
-5256	1520
5936	-11754
-2769	-5117
13398	-11754
17751	14794
3449	8157
-5878	-5117
17129	14794
-2769	11476
-15205	-8436
5315	-5117
2205	-5117
24591	-5117
-6500	-11754
-3391	18113
-3391	-1798
-282	-11754
18373	-8436
10911	4839
340	11476
-3391	-11754
-5256	4839
10289	21431
-9609	11476
-7744	8157
15885	11476
-10231	1520
-5256	-5117
12155	1520
-904	8157
-3391	11476
1584	14794
18373	1520
-5256	1520
-282	28068
8424	14794
17129	-1798
21482	-1798
7802	-5117
-10853	-15073
34540	8157
-4013	11476
-6500	4839
20860	-8436
10911	8157
962	-5117
2205	18113
3449	8157
-7744	-5117
-7744	-8436
28944	11476
3449	1520
962	-11754
962	11476
-4634	-11754
3449	14794
7180	-11754
18995	-11754
340	4839
1584	1520
-9609	-1798
-5256	-5117
2205	8157
10289	-11754
-8365	-1798
-8365	-11754
-7122	1520
18373	-8436
-6500	-11754
9667	-1798
21482	-11754
-3391	11476
-9609	-5117
-282	11476
3449	-8436
-6500	-5117
-2769	-11754
-6500	-5117
-14584	-1798
-5878	8157
-11474	-5117
-10231	-5117
-12096	-11754
2205	-1798
1584	1520
16507	-1798
-1525	-1798
10289	-11754
2205	1520
-7744	-8436
-8987	-8436
12776	18113
-12718	-8436
-1525	8157
340	11476
-3391	18113
11533	8157
-3391	11476
-7744	4839
-282	-1798
-6500	-11754
7180	18113
-9609	-5117
-8987	-1798
-8987	-8436
7180	-1798
-4634	4839
-4013	-5117
-7744	11476
-3391	1520
-7122	-5117
-4634	1520
-9609	-21710
10289	14794
-9609	-1798
18373	8157
-5256	8157
4071	21431
-8365	1520
-8365	-5117
-2769	-11754
16507	1520
13398	11476
-282	11476
12155	1520
-8987	-1798
-4013	-1798
5315	11476
10911	14794
3449	-1798
10911	18113
17129	14794
28322	11476
-4013	1520
-2769	1520
-12718	-15073
-14584	-5117
-15205	-11754
-8987	21431
-9609	-11754
2827	18113
7180	-5117
-2147	24750
-8365	8157
-9609	8157
-4013	-8436
-4013	8157
11533	-8436
-5878	-1798
21482	8157
7180	14794
-4634	-1798
24591	-15073
16507	8157
-4013	-5117
9045	28068
-1525	-8436
17751	8157
-7122	4839
7180	18113
4693	-5117
-2769	8157
-4013	-5117
-7744	-5117
-4634	1520
-4634	-15073
-7122	-8436
-3391	14794
-282	4839
-3391	11476
-9609	-1798
-4634	8157
-2769	8157
-7744	-11754
4071	-5117
-3391	-15073
18373	-8436
7180	-5117
8424	8157
340	-18391
-6500	-5117
5936	1520
-2147	1520
15885	18113
-7744	4839
-3391	-11754
-5878	1520
7802	-5117
9667	-5117
340	28068
-8365	-5117
-7744	11476
5315	14794
1584	-1798
962	4839
21482	-1798
-5256	-15073
6558	1520
2205	-8436
-2769	8157
18995	-11754
-3391	11476
-5878	1520
-7744	4839
-4634	8157
-5256	-8436
2827	-1798
-12096	-5117
-7122	-1798
962	-5117
2205	8157
9045	1520
3449	1520
-5256	-1798
-1525	-11754
-1525	-8436
-6500	-8436
-5878	11476
-8987	-1798
-10231	-11754
17751	14794
2205	-11754
-8365	-1798
17751	14794
3449	4839
2205	11476
-4013	4839
-10853	-8436
7802	-1798
962	11476
3449	-5117
3449	18113
13398	21431
20860	24750
-904	8157
-7744	-5117
-9609	1520
-4634	-5117
17129	8157
1584	8157
2205	-1798
-4634	-5117
-1525	-8436
-4634	4839
-7744	8157
14020	18113
3449	-8436
-1525	11476
-8987	-5117
-8987	-11754
-8365	4839
-2147	14794
-11474	-11754
17129	-15073
9045	11476
12776	18113
-6500	1520
-9609	-15073
4071	14794
962	4839
-3391	11476
-282	-5117
-2147	-18391
-8987	-1798
4693	-15073
-5878	-8436
-2769	4839
962	1520
-5878	-1798
13398	1520
1584	-5117
1584	11476
-3391	11476
-10231	4839
1584	11476
-7122	-8436
-8987	-11754
-9609	-11754
-4634	-5117
16507	21431
-4013	8157
-4013	1520
6558	4839
15264	8157
-282	-11754
-8365	4839
-2769	-1798
-1525	-8436
-7122	-1798
5936	-11754
12776	1520
-3391	-8436
-10231	-11754
10911	1520
-8365	-8436
-7122	-5117
-904	-1798
-7122	1520
2827	11476
-8987	-1798
-2769	4839
-8365	-5117
5936	-1798
962	-1798
-2147	8157
-9609	-5117
-5256	-11754
-5878	-5117
-8987	8157
16507	-8436
-16449	-8436
-9609	-1798
-2769	8157
-2769	11476
2827	-5117
-1525	-8436
-5256	11476
-8987	-11754
-6500	8157
3449	8157
-282	11476
23347	-1798
25213	-5117
5315	-15073
-7122	1520
-4634	-1798
-12096	-18391
30809	11476
-5878	1520
-13340	-15073
-9609	4839
-6500	4839
-9609	-1798
6558	-8436
-5256	1520
17129	-1798
-10231	-5117
-6500	-8436
-5256	-1798
-6500	8157
11533	1520
-14584	-5117
-3391	11476
-5256	1520
-8987	-8436
12776	1520
-2769	-15073
-6500	-11754
8424	-5117
15264	18113
5315	-5117
-12718	11476
17129	1520
-1525	21431
-6500	1520
-4634	1520
-2147	1520
5315	-1798
1584	28068
10289	-1798
12776	1520
3449	8157
-282	4839
-4634	1520
-12096	-11754
-8365	-1798
-7744	-1798
9045	1520
8424	-11754
340	-1798
-5256	-15073
-7122	8157
9045	21431
-282	-1798
7180	-5117
-7744	-5117
-5878	1520
-4634	1520
-2147	11476
1584	-1798
-904	-5117
4693	-1798
12776	-8436
-4634	1520
-1525	11476
16507	-8436
6558	-1798
-7122	1520
-6500	-8436
6558	-11754
-5878	8157
-1525	21431
-282	18113
-7744	-5117
-7744	4839
-4013	1520
3449	18113
14642	-8436
-3391	11476
-4634	4839
-5256	-15073
33296	14794
-7744	-5117
7180	-1798
1584	8157
-5878	1520
-7744	-8436
3449	8157
-2769	-5117
340	11476
-8365	-1798
10911	11476
-8987	-1798
-6500	-8436
27078	11476
7802	-1798
-5878	-11754
-10853	-8436
-2769	4839
-17693	-8436
-2769	-15073
27700	11476
-1525	-8436
33918	4839
10911	-5117
-7122	8157
9667	24750
-6500	4839
-904	-1798
962	1520
16507	21431
-8365	-11754
-7122	-8436
3449	-11754
-13340	-8436
10289	21431
2827	-5117
1584	28068
-8365	-1798
4693	-1798
-11474	-15073
17751	-11754
5315	-1798
2827	-1798
5936	14794
-4013	11476
-4013	8157
-7122	-11754
-11474	-8436
-2769	8157
10289	1520
2827	4839
-8365	1520
-5256	-11754
8424	11476
-1525	-11754
-8987	8157
-9609	-1798
-2147	-8436
-7122	-8436
1584	1520
-7744	-5117
-3391	11476
3449	8157
-6500	-11754
3449	11476
-904	1520
-7122	11476
-4013	4839
-5878	1520
-9609	-1798
-282	11476
340	11476
4693	-15073
-5256	-18391
-9609	-8436
-5256	-15073
-5256	-1798
-18936	-21710
37649	14794
-4634	-5117
-13340	-5117
-4634	-5117
17751	-11754
4071	-11754
14642	18113
-11474	-18391
-3391	-8436
7802	-1798
1584	28068
-7744	-5117
-8987	-1798
-2769	4839
-10853	-11754
-5256	-15073
-8365	-1798
9667	4839
-9609	-8436
15885	1520
9667	-8436
340	-5117
-282	1520
-282	14794
2827	-15073
-8365	-5117
-7122	-1798
-13340	-8436
-5256	1520
-2147	11476
-11474	-8436
-5878	-5117
-7744	4839
-13340	8157
2827	8157
-7122	-8436
1584	-11754
2205	8157
9667	1520
-12718	-15073
-7122	-5117
19616	-1798
962	1520
2205	-15073
-904	11476
10911	-11754
-14584	-8436
-18936	-18391
-4013	-5117
19616	18113
-4013	-15073
-15827	-11754
9667	4839
1584	1520
-6500	-1798
-5256	-15073
-4634	-5117
-8365	-1798
3449	1520
-8365	-11754
-10853	-11754
33296	11476
14020	-11754
-4634	8157
-8365	-1798
7180	18113
1584	-1798
-6500	-8436
5936	-5117
7180	-1798
-8365	-1798
22104	-11754
-13962	-11754
-5878	1520
-282	4839
4693	14794
-2147	-11754
-10231	1520
-8987	-11754
-5256	1520
-10231	-11754
-13340	-15073
-4634	4839
3449	8157
-2147	1520
-10853	-11754
-5256	4839
-904	1520
24591	8157
2827	8157
-2769	1520
-7122	-5117
340	1520
-1525	-11754
-6500	8157
16507	1520
11533	1520
-8987	-1798
33918	8157
24591	-5117
-10853	-8436
3449	-11754
-4634	1520
5936	-5117
-1525	-15073
5315	-1798
-10231	-11754
-3391	-11754
3449	14794
31431	14794
-4634	8157
-7744	-8436
3449	14794
-5878	1520
-7122	-8436
-5256	8157
-4634	-8436
-11474	-5117
-2769	-8436
-1525	1520
8424	8157
2827	4839
5936	11476
-1525	11476
4071	8157
-6500	1520
-3391	-1798
-7122	-1798
-5256	-11754
340	-1798
-7122	8157
7180	-5117
-282	1520
-10853	-18391
5315	-1798
-15205	-8436
-7744	4839
26456	8157
-1525	-5117
-282	-5117
-4634	-11754
10289	14794
-8365	-11754
-282	-15073
9667	14794
-904	4839
-9609	-11754
-3391	-11754
20860	-11754
-5878	8157
-7122	-11754
16507	-11754
340	1520
18373	1520
-2147	-5117
-5256	-8436
10289	11476
3449	1520
-7744	-1798
-5256	8157
-1525	11476
-2147	11476
-5878	1520
-8365	-5117
10911	-15073
-4634	-11754
10911	11476
-7122	1520
2205	-5117
18373	14794
-7744	8157
18373	8157
-15827	-11754
19616	14794
-3391	11476
9667	-5117
-8365	-5117
-8365	-5117
-7122	8157
-6500	-11754
-904	4839
2205	4839
-2147	-11754
-3391	4839
-7122	8157
-6500	-5117
30187	18113
-10853	-11754
4693	4839
7180	-5117
-5256	-1798
-10231	-5117
4071	18113
-8987	21431
-7744	-5117
12155	18113
-4634	-8436
30187	14794
-3391	-15073
-5256	-1798
-4634	-1798
-5878	-15073
2827	18113
-6500	1520
-11474	-1798
18995	1520
962	-1798
2827	-15073
16507	11476
-12718	-8436
7802	28068
-10231	-5117
-5256	-8436
-7122	-1798
340	18113
7802	-1798
-15205	-11754
-7122	-8436
-9609	-1798
2205	8157
340	11476
6558	4839
10911	-5117
-12096	-15073
-8365	-8436
17751	14794
19616	-1798
-2769	18113
11533	18113
-13340	-8436
16507	-1798
7180	11476
-1525	-15073
-8987	-5117
-2147	-8436
-12718	-5117
1584	-1798
9045	14794
17129	-5117
-5256	1520
-282	11476
-7122	-1798
-7744	-5117
4693	-15073
-7744	-1798
-6500	-11754
-8365	-1798
-7122	-8436
-8987	-11754
-7122	-1798
-6500	-8436
-6500	-8436
-282	-11754
-2147	-8436
-5878	8157
15885	-8436
-8987	4839
15264	21431
15264	11476
-6500	-8436
19616	8157
-8987	-1798
18995	1520
-10231	-5117
962	4839
14020	18113
340	14794
8424	14794
18373	-11754
-2147	-11754
962	-18391
-5256	-8436
-10853	-1798
-10853	-5117
340	-11754
-3391	11476
-6500	-5117
3449	-5117
18373	-15073
-5256	-8436
-9609	-18391
-7122	-1798
-6500	-11754
-4634	1520
27700	-1798
3449	4839
17129	1520
-5256	-8436
10289	18113
4693	-5117
10911	14794
28944	1520
24591	4839
4693	14794
-4634	-11754
-15205	-11754
-4634	1520
-7122	1520
17751	8157
2205	-11754
15885	11476
8424	11476
-8365	11476
962	1520
-2769	1520
4071	-5117
4071	18113
4071	18113
-3391	-11754
1584	1520
-5256	-5117
24591	21431
4693	18113
14020	-1798
-7122	-5117
-8365	1520
18995	8157
-3391	-15073
-8365	-8436
23969	-5117
-6500	18113
-12096	-8436
-12718	-1798
-8365	-5117
1584	-5117
18373	14794
-12096	-5117
13398	-8436
-17071	-11754
7180	-5117
-3391	-15073
-8365	-11754
-5878	11476
-7122	-8436
16507	-1798
-5878	1520
-13340	-5117
5315	-11754
-8365	-1798
-2769	11476
-904	24750
-4634	8157
-7122	-5117
-7122	1520
5315	-15073
18373	4839
-10853	-5117
-7122	-1798
-2769	11476
6558	-8436
-4013	1520
-7744	-11754
-7744	-5117
-2147	4839
-6500	-8436
2205	-1798
-5256	-1798
-8365	-5117
-11474	-15073
3449	-1798
-3391	-11754
340	-5117
-904	-11754
-5256	-11754
-6500	-21710
-5256	14794
-4634	8157
20238	-11754
9045	1520
-12718	-5117
-8365	-8436
25213	-5117
-5878	-5117
962	8157
-2769	14794
-5878	-5117
1584	8157
-2147	-5117
9045	11476
-8987	-11754
5315	14794
-3391	11476
-13962	-11754
-282	11476
-11474	-18391
-10231	8157
5936	8157
-15205	-15073
-13340	-8436
-14584	-8436
-12718	-15073
-14584	-15073
-5878	-8436
-8987	-5117
9045	24750
13398	-15073
12155	11476
-3391	11476
-4013	8157
1584	-18391
8424	21431
-8365	-5117
9667	11476
1584	-11754
9045	-5117
-7122	-8436
3449	14794
1584	28068
2205	4839
-6500	-5117
-282	-1798
9045	8157
16507	11476
16507	-8436
11533	8157
-5256	-11754
5936	18113
-4013	-1798
962	8157
-13962	-15073
-5256	-15073
9667	-11754
12155	14794
2205	14794
-13962	-15073
-17693	-8436
-1525	-11754
17129	14794
-3391	11476
-7122	1520
-5256	4839
-6500	14794
14642	4839
340	-11754
25213	4839
-282	14794
2205	4839
-2769	8157
-11474	-15073
-10853	-5117
-4634	1520
26456	1520
962	1520
-6500	-5117
3449	1520
-9609	-5117
-5256	1520
-5256	-1798
-1525	1520
-10231	-1798
-8987	-1798
5315	-5117
-11474	-5117
4071	18113
2205	-1798
-5878	-11754
35784	18113
-282	11476
3449	-1798
3449	14794
11533	24750
-904	-5117
-3391	4839
-6500	-1798
-9609	14794
-11474	-5117
12155	-11754
6558	-5117
5936	14794
2827	8157
-4013	11476
10289	8157
-5256	-1798
31431	14794
-8365	-1798
12155	21431
-13962	-8436
-9609	-1798
-11474	-5117
2205	-5117
28944	1520
-14584	-15073
-5256	8157
7180	-5117
-5878	-15073
-9609	-8436
11533	-1798
8424	14794
-1525	1520
-1525	14794
-12096	-18391
-9609	-1798
-10231	-5117
1584	-1798
-5256	1520
-11474	-8436
-7122	1520
33296	8157
-282	-5117
-2769	4839
7180	-1798
2827	-5117
-282	-11754
18995	-1798
-5256	-1798
-4013	-5117
-2147	-18391
3449	-1798
-8987	-5117
4071	14794
-12096	-15073
9667	-1798
-7122	1520
-904	-15073
12155	-5117
-13962	-15073
-2769	-11754
-282	4839
20860	8157
-11474	-18391
4071	4839
2205	1520
-8987	1520
-7744	8157
-2769	-11754
-7744	8157
-8987	-5117
2827	1520
-1525	24750
7180	-8436
-6500	1520
6558	-5117
-7744	-5117
-9609	-11754
5315	-5117
-6500	-5117
-5256	8157
-7744	-8436
-2147	-8436
-7744	-5117
17751	-5117
340	-11754
-7744	-11754
-10853	-5117
-8365	-8436
-3391	11476
18373	14794
-4634	1520
11533	8157
9667	8157
-2769	1520
26456	-5117
-904	4839
20238	-8436
9045	8157
-282	-11754
-10853	-5117
-4013	-8436
5936	1520
6558	-8436
-2769	8157
9045	11476
14642	-5117
-904	4839
15264	11476
-2147	4839
7802	14794
-12718	-11754
2827	-5117
-11474	-18391
6558	11476
-1525	-15073
-7122	-5117
-5256	-15073
12776	-8436
-4013	14794
-7122	-8436
-5256	-1798
-3391	-5117
15885	11476
2827	-15073
-8365	-11754
-6500	21431
-5256	-1798
2827	-11754
7802	14794
-282	4839
-3391	8157
1584	-1798
-10231	-5117
-1525	-8436
5315	1520
-4634	-5117
340	14794
-9609	-5117
-7122	-5117
-4634	-1798
-5878	-5117
18373	14794
-4013	-11754
1584	-5117
-8987	-11754
12155	-1798
-10853	1520
-5256	-5117
-904	1520
-6500	-11754
-6500	-5117
-1525	4839
962	-8436
6558	-5117
-7122	-11754
10911	1520
340	1520
2205	-15073
27700	4839
-4634	-1798
22725	4839
-4013	11476
-11474	-1798
-7744	-1798
-1525	-5117
5315	-5117
-5256	11476
5936	-1798
2205	31387
2827	4839
5315	-5117
-3391	4839
-7122	4839
-8987	-5117
-5256	-11754
962	-1798
-2147	-5117
18373	-1798
-8365	-11754
11533	11476
3449	14794
16507	-5117
-7744	-8436
-12096	-18391
-8365	-5117
-10231	-5117
-5878	8157
-6500	-15073
-6500	-5117
25213	-15073
10911	-1798
5315	-15073
-4013	1520
-2147	-8436
-7122	4839
2827	-8436
-4634	1520
-15827	-11754
19616	-11754
10289	14794
-4013	-11754
2827	8157
-2769	8157
20860	-11754
-2147	-8436
-8365	-1798
340	-18391
-7744	1520
-7122	8157
-7744	-5117
-7122	-1798
-10231	-18391
340	-5117
-4013	-11754
-13340	-15073
14642	11476
-12718	-11754
-4634	-5117
6558	24750
-5878	4839
-8365	-1798
-8365	1520
4693	21431
-2769	-1798
27700	8157
-1525	-18391
-11474	-18391
18995	21431
27700	8157
-7122	8157
-4013	8157
-1525	-8436
5315	-11754
5315	14794
-11474	-18391
-2147	-11754
-1525	11476
14020	11476
340	14794
15885	18113
-15205	-11754
-3391	8157
-10231	-8436
1584	-11754
-11474	-18391
-1525	18113
2205	-1798
-1525	-8436
15885	-8436
-12096	-18391
2205	-1798
-10231	-5117
-12718	-5117
10911	8157
-5256	-5117
-9609	-8436
-4634	1520
-3391	-11754
962	8157
-4013	-8436
25213	4839
15885	-8436
-7122	1520
-5878	8157
-5256	-1798
-5878	1520
1584	11476
-5878	1520
-14584	-11754
10289	21431
-4634	4839
-13340	-15073
-7122	-8436
-2147	11476
14020	14794
-8987	-5117
18995	8157
-12096	-8436
5315	11476
-2147	8157
-10231	-11754
17751	-1798
2205	4839
15264	4839
15885	-11754
9667	8157
-4634	-11754
9667	14794
-4634	8157
-7744	-5117
5936	14794
3449	18113
5936	-5117
7180	14794
9045	21431
10289	14794
-5878	4839
-8365	-5117
7180	18113
-9609	-1798
-13340	-11754
3449	-5117
-10231	-11754
11533	4839
-4013	11476
-13340	-11754
16507	-8436
15885	-11754
-282	-11754
-7744	1520
-5256	-8436
-5256	-15073
5936	24750
-6500	18113
17751	-8436
36405	18113
-2147	8157
12155	-8436
-18936	-21710
24591	-5117
-2769	8157
-1525	-5117
9667	-1798
-7744	-1798
-5878	-1798
-9609	-11754
-11474	-8436
9045	18113
8424	-1798
-11474	-15073
7180	18113
-10853	-11754
5936	-15073
-282	14794
-5878	8157
3449	11476
-8987	-1798
-5256	1520
16507	8157
-10853	-8436
28322	8157
5315	-5117
-282	4839
4071	4839
-1525	-8436
5936	-15073
-1525	1520
9667	-1798
2827	14794
-5878	-15073
-12718	-11754
-4634	1520
6558	-5117
340	14794
-6500	-11754
-5878	8157
2205	-1798
-14584	-1798
-4634	-1798
340	4839
-4634	11476
3449	-11754
-3391	-1798
6558	-5117
-4013	-11754
17129	4839
340	-11754
13398	1520
3449	-5117
-6500	21431
-7122	4839
8424	4839
-282	11476
4693	18113
-5256	-1798
-8365	-5117
-1525	4839
-4634	4839
-8365	-5117
15885	-1798
15264	18113
-904	-18391
-10231	-5117
6558	4839
-4634	4839
-5878	-15073
-13962	-8436
5315	-1798
2827	1520
-5256	8157
30809	14794
-2147	-8436
-2147	-15073
4693	-11754
-10231	-5117
25835	11476
-4013	11476
8424	-5117
5315	-1798
-8365	-8436
-5256	-11754
18373	-11754
-12096	-18391
-6500	21431
-9609	-8436
8424	4839
-5878	8157
-7122	-1798
-10231	-1798
17129	-5117
12776	1520
1584	-5117
-904	4839
-9609	-1798
31431	11476
-5256	-15073
-5256	1520
-8365	1520
-5256	8157
-10231	-18391
-2147	-1798
6558	1520
-7122	4839
-282	-11754
-2769	-8436
17129	-11754
26456	4839
-2147	1520
-12718	-5117
-2147	-8436
340	-11754
4071	4839
9667	11476
7802	-1798
-4634	11476
11533	8157
5315	-1798
-6500	1520
-5878	8157
-12096	-11754
-5878	1520
2205	-11754
4071	4839
11533	-8436
-904	-15073
2827	-5117
962	-1798
10911	4839
5315	-15073
-8365	-5117
3449	-5117
2205	18113
24591	-5117
25213	1520
-5256	-8436
-2147	-15073
-2147	8157
-9609	1520
5936	-5117
-7122	-1798
-12096	-8436
9667	-1798
-6500	21431
1584	-8436
-5878	21431
12155	8157
-7122	-8436
962	8157
-1525	-5117
23347	18113
9045	-8436
2205	18113
962	11476
9045	-1798
-1525	-8436
340	-11754
8424	14794
-7122	-8436
-7744	-11754
-2769	-11754
-904	-8436
-7122	4839
-282	8157
17751	11476
-5878	11476
2205	11476
-13340	-8436
-2147	-8436
1584	-1798
-2147	-1798
-7744	8157
-10853	-11754
-8365	1520
-5256	-5117
10911	8157
4693	-15073
-2769	-5117
340	1520
27078	11476
-17693	-15073
11533	8157
-10231	-11754
10911	-11754
13398	1520
-8365	-5117
-1525	18113
-7744	-1798
-7122	-5117
-2769	11476
-904	-1798
2205	8157
-8365	-8436
-3391	14794
28944	11476
2827	11476
-1525	11476
-16449	-11754
-2147	-8436
-8987	-5117
-6500	-1798
16507	-5117
-11474	-5117
-7744	-11754
-4013	8157
9667	24750
12155	1520
-5878	8157
340	14794
-5878	4839
21482	1520
28322	8157
32675	8157
-5878	8157
7802	1520
-12096	-18391
-7744	11476
-12096	-5117
-4634	11476
5315	21431
-7122	-5117
-4634	8157
-904	4839
2205	18113
7802	-8436
-7744	1520
27078	1520
-8987	-11754
-2147	4839
-2147	-11754
7180	18113
-2769	11476
-5256	4839
-18936	-18391
-5878	-15073
10289	8157
-5256	-15073
4071	1520
4071	-8436
-5256	11476
-5256	-1798
9667	-1798
-7122	-8436
32675	4839
-9609	-1798
-8365	-5117
-2147	-8436
9045	-8436
-7744	-1798
-7744	-5117
14020	4839
26456	4839
-904	1520
962	11476
-13340	-5117
-6500	4839
-1525	1520
2205	-15073
6558	1520
20238	8157
14020	-8436
-9609	-11754
962	8157
-9609	4839
2205	-5117
-4634	-5117
6558	-5117
-4634	1520
2205	8157
-904	1520
5936	-5117
33296	11476
9045	-1798
17751	-8436
-282	-5117
-6500	8157
-12718	-11754
-2147	4839
-8365	-1798
8424	-8436
962	1520
-4634	1520
-2769	14794
-8987	-11754
-7122	8157
-3391	11476
4071	1520
14642	11476
-7744	-5117
-6500	-1798
-904	8157
-10231	-5117
-1525	-5117
-7122	-1798
-282	18113
2205	1520
2205	18113
4071	18113
20860	11476
-9609	-5117
7802	-1798
11533	8157
-6500	8157
9045	11476
-7744	-5117
14020	11476
15264	-11754
4071	-11754
-5878	4839
-1525	11476
-15205	-8436
-10231	-11754
-10853	-11754
14020	-8436
-4013	-5117
962	-1798
-4013	-1798
-11474	-11754
-9609	-5117
-3391	8157
10289	-11754
-9609	-5117
-3391	1520
9667	14794
7180	8157
-4634	-8436
-13340	-11754
-4013	1520
-4013	1520
-7122	-8436
7180	-5117
-5256	-8436
-12096	-5117
-8365	-5117
-9609	-5117
962	1520
-7122	-5117
-2769	-5117
7180	-1798
-8987	-8436
-8365	-11754
-4634	-1798
7802	-5117
3449	8157
-5256	-15073
-904	11476
-8987	4839
-6500	-5117
-1525	-11754
4693	-1798
-2147	4839
4693	-5117
-5256	-5117
8424	8157
1584	-11754
-4013	-5117
3449	-1798
12776	-1798
-4634	1520
-904	-1798
-9609	-11754
22725	4839
-13962	-5117
25213	8157
4071	8157
3449	14794
10911	1520
14020	4839
3449	1520
24591	-5117
-5878	4839
-12096	-18391
-12096	-15073
-10231	4839
-2147	1520
-2147	8157
9667	14794
4071	-1798
9667	-1798
10289	-5117
-11474	-5117
-8365	-8436
-3391	11476
9045	8157
-5256	14794
-6500	-1798
-2147	-15073
-282	14794
-2147	1520
-7122	1520
-8365	-1798
7180	-1798
-5256	8157
-2769	-5117
-15827	-11754
-12718	-11754
9667	24750
4693	-1798
-4013	4839
-7744	-5117
-4013	-1798
16507	18113
9667	8157
-10231	-11754
5936	-15073
-7122	-5117
-10231	-8436
-3391	8157
-5878	8157
-2147	1520
-282	4839
10911	18113
-12096	-8436
-12718	-8436
-8365	-11754
-7744	1520
-2147	14794
962	11476
10911	1520
-8987	-11754
-14584	-11754
340	11476
-4634	1520
-1525	1520
4693	1520
-10853	-11754
4071	-1798
-12718	-5117
-8987	-11754
13398	1520
-7744	-8436
-7744	-11754
-904	24750
-2769	-11754
27700	4839
-7744	-1798
-8987	-5117
340	1520
-904	1520
-10231	-8436
-904	14794
340	4839
3449	8157
-10231	-8436
-6500	21431
-4013	11476
-2147	-18391
9045	-5117
-4013	14794
-5878	8157
-4013	14794
-5256	14794
-5878	-1798
-18936	-18391
-9609	-11754
-7122	-5117
962	1520
14020	18113
9667	-11754
-8987	-11754
-904	4839
-5878	4839
-904	-18391
-2147	-5117
-8987	-11754
23347	1520
-5878	-5117
4693	-8436
28944	1520
2827	-1798
-5878	-5117
-282	-1798
-7122	4839
-2769	4839
-11474	-5117
-6500	-8436
-7122	-1798
-8365	-5117
-10231	-1798
33918	14794
-10853	-8436
-2147	-15073
8424	-5117
-4634	-8436
-5878	-5117
-11474	-5117
-10853	-8436
-5878	-1798
-4634	8157
23969	-5117
25213	14794
14020	1520
-2147	-11754
-1525	8157
-10853	-11754
-5878	-8436
2205	14794
-4634	4839
15264	-1798
-1525	11476
5315	-1798
-5878	1520
11533	-11754
-5878	11476
7180	14794
-7744	1520
25213	11476
-7122	4839
-2147	1520
4071	1520
-4013	1520
1584	-5117
12155	8157
-2769	8157
-282	14794
26456	1520
-5878	-8436
23347	-11754
4071	-15073
962	-11754
17129	-5117
-12096	-5117
6558	-1798
-8987	14794
-1525	21431
-7122	-5117
-5256	-1798
-904	14794
-6500	1520
-7744	4839
10911	21431
35784	14794
2205	4839
-12096	-15073
6558	18113
10289	-8436
-4013	-5117
962	-11754
13398	4839
-13962	1520
-10231	-11754
-11474	-18391
-4013	4839
-3391	11476
-2147	4839
2205	1520
-7744	-5117
5315	-1798
15264	-5117
340	-15073
-8365	-5117
-7744	11476
-10853	-5117
25835	8157
-12096	-5117
-5256	4839
-13340	-11754
2205	-15073
-4634	-5117
-3391	-5117
4693	14794
-11474	-11754
8424	-11754
9045	-5117
-7122	-1798
5936	4839
-10853	-11754
-8365	-5117
10289	-5117
2827	-11754
-9609	-5117
15264	18113
-3391	-5117
-282	-8436
-6500	-5117
-8987	-11754
962	11476
17751	11476
18373	8157
-5256	-11754
-904	11476
-7744	8157
-8365	4839
-904	4839
-15205	-15073
-8987	-1798
-7122	-5117
-4634	-8436
8424	-8436
-7122	-1798
2205	4839
8424	1520
-7744	4839
-14584	-15073
-15205	-8436
-9609	-5117
8424	-11754
8424	4839
-1525	11476
-7122	-8436
-8987	4839
-3391	14794
13398	1520
-5878	4839
10911	-5117
-12718	-8436
27700	-15073
-7744	18113
-10231	-5117
-6500	-8436
-2769	-11754
10911	8157
16507	11476
-6500	4839
-10853	-1798
-3391	4839
-6500	-15073
-4013	1520
-3391	11476
-10853	-1798
33296	11476
17751	-1798
-4013	1520
-5256	4839
9667	21431
9667	14794
-7122	1520
-5878	8157
13398	1520
12776	18113
-7744	-8436
-9609	-1798
10289	-1798
-2147	14794
30809	14794
13398	8157
9045	4839
-15827	-11754
2827	18113
-3391	8157
-13340	-5117
-1525	8157
-8365	-1798
12776	1520
4693	28068
-2769	-1798
27700	11476
-5878	1520
-8365	4839
-8365	-1798
-2769	8157
5315	-5117
4071	18113
-6500	-1798
-8365	-1798
-2147	11476
-2769	-11754
-8987	8157
-16449	-11754
3449	-1798
-9609	-1798
-1525	-18391
-7122	-1798
2827	1520
1584	8157
-10853	-1798
3449	4839
962	-15073
-7744	-5117
25835	-5117
340	-5117
-5878	-8436
-5878	1520
10911	8157
-2147	4839
10289	1520
8424	-5117
2205	1520
-904	1520
-5256	-15073
-5256	4839
4071	-5117
-7744	-5117
10289	-8436
-7122	-1798
-8365	-11754
2205	-11754
-282	14794
-7122	-5117
-11474	-5117
29565	1520
-4634	1520
-10853	-8436
-8987	-5117
-282	14794
2205	1520
-10231	1520
1584	8157
-7744	-5117
-4013	-5117
14020	11476
340	28068
-7744	8157
14020	4839
-282	11476
-3391	11476
-5878	-15073
18373	8157
-4634	8157
23969	1520
-2769	-1798
-10853	-5117
17129	-8436
15264	11476
-5256	-11754
7180	14794
-7744	-8436
3449	1520
7180	4839
-3391	-5117
5936	1520
-2147	-11754
-14584	-11754
-3391	11476
22725	8157
-1525	1520
7802	11476
11533	14794
-5256	-11754
-8365	-1798
-10853	-1798
23347	18113
13398	-5117
-7744	-11754
5315	-5117
11533	11476
10911	1520
-10231	1520
23969	-5117
5315	-1798
-10231	4839
11533	-15073
-12096	-11754
1584	1520
-5256	-1798
-10853	-5117
3449	-8436
-282	14794
-5878	-8436
35784	14794
2205	-11754
-5256	-15073
-2147	-5117
-282	14794
5315	-1798
5315	1520
-8987	18113
-5256	-1798
-10231	-5117
-8365	-8436
-1525	-18391
-9609	-11754
1584	-1798
-5256	14794
-7744	-5117
-2147	-1798
-7744	-5117
7180	-1798
6558	18113
23969	-5117
-6500	-8436
-7122	4839
-8987	-15073
340	8157
32675	11476
12155	14794
-10231	4839
-8365	-8436
16507	4839
-7122	8157
962	-1798
1584	-11754
-2147	-1798
-5256	-8436
1584	18113
-10231	-11754
-5878	4839
-5256	8157
-3391	11476
20860	11476
-5256	-1798
3449	8157
-904	11476
26456	11476
-4634	-8436
-4634	-8436
-5878	-5117
-7744	4839
-7744	11476
-11474	-8436
-2147	-5117
-5256	-11754
-8365	-5117
-13962	-11754
11533	8157
-8987	1520
-14584	-1798
-1525	24750
-10853	-8436
-6500	-8436
-6500	-5117
22725	-1798
-3391	11476
-5878	11476
-7122	1520
-7744	8157
-7122	-5117
-14584	-8436
7802	1520
15264	-5117
5936	8157
-5878	1520
9045	-11754
28944	4839
-7744	8157
-10231	-5117
9667	-8436
-8987	8157
-904	14794
-2769	4839
-8987	18113
1584	11476
-8987	-5117
-2769	-5117
9045	-1798
4071	11476
2827	11476
-2147	11476
-282	14794
1584	11476
-282	14794
12155	8157
-8987	-5117
2205	-15073
2205	11476
-4634	8157
-8365	1520
-5878	1520
15885	14794
-904	4839
-5256	-1798
25213	24750
4071	-1798
32053	11476
7802	14794
5315	-8436
6558	-15073
-7744	-5117
15264	1520
9667	-5117
-282	8157
-1525	11476
15264	-8436
-7122	4839
-6500	-8436
12155	-5117
-14584	-8436
-4013	4839
-3391	-15073
-17071	-8436
14020	11476
15885	8157
33296	11476
-6500	-8436
-3391	4839
12776	4839
-5256	1520
20238	14794
-8365	8157
-904	-18391
962	14794
-11474	-15073
-2769	8157
23969	14794
-12096	-11754
33918	8157
-7744	4839
-5256	1520
12776	-11754
-5256	-11754
8424	21431
2205	-8436
5936	-11754
-9609	-1798
-4634	-5117
3449	-11754
-1525	-1798
-2769	4839
7802	1520
340	1520
-6500	4839
-8365	-1798
-7122	-1798
-282	8157
-10231	-18391
-1525	14794
2205	4839
962	4839
-5878	11476
-6500	8157
-10853	-5117
10289	4839
8424	-8436
-3391	-1798
-5256	8157
2205	18113
340	1520
-2769	1520
-1525	24750
-282	11476
-4634	-15073
23969	4839
-7744	11476
-7122	-8436
-904	-8436
13398	4839
10911	-5117
-2769	14794
-4013	-5117
-8365	1520
340	-11754
-10231	-11754
5315	8157
2827	8157
17751	-5117
-904	14794
14020	18113
5315	-15073
17751	14794
1584	-5117
-2769	1520
-7122	8157
7180	18113
-4634	1520
-10231	-5117
-8365	1520
340	14794
4071	-11754
-1525	14794
17751	14794
-7744	-8436
-4634	1520
-7122	-8436
11533	14794
-13962	1520
-1525	-15073
-4013	-11754
13398	4839
7180	-11754
-6500	-1798
27078	8157
-8987	-5117
-904	8157
6558	11476
-13340	-8436
-15205	-5117
-282	4839
340	-15073
340	18113
17129	-11754
-5878	1520
-4634	1520
4693	11476
340	14794
-5256	-1798
-11474	-8436
962	-11754
-1525	8157
-8365	-5117
14020	-11754
-15205	-11754
2827	14794
6558	18113
-7744	-8436
22104	11476
-9609	-11754
-5878	8157
5936	14794
-8365	-1798
-6500	1520
17129	14794
24591	-8436
-3391	-8436
-7744	-1798
-7744	-5117
30809	11476
-4013	18113
-1525	18113
-5878	-1798
-8987	8157
-6500	-8436
7180	8157
-5878	8157
-9609	1520
-11474	-18391
-3391	-8436
-5256	4839
-282	1520
18373	-1798
4693	1520
11533	18113
9667	-1798
-5878	-15073
-9609	-5117
-11474	-5117
15885	8157
-5256	8157
9667	-1798
-4013	11476
-4013	1520
962	-5117
-904	-1798
2827	4839
15885	-11754
-8987	-11754
13398	-8436
-6500	-8436
17129	-11754
10289	21431
-3391	-15073
-11474	-8436
2205	18113
-7122	-8436
9045	11476
5315	18113
12155	8157
-2769	8157
-6500	4839
9667	14794
-8365	-5117
-904	4839
-2147	11476
5936	-15073
-12096	-18391
-8365	-5117
3449	-1798
15885	-11754
-14584	-5117
-5256	-11754
-1525	-5117
-282	-5117
-8365	-1798
5315	-1798
3449	-1798
-13340	-5117
8424	14794
-13962	-15073
-10853	-11754
-8987	-8436
25835	8157
8424	-5117
10289	21431
14020	-1798
-12096	-8436
11533	8157
5315	21431
-5878	-15073
-4634	-5117
-282	11476
-7744	-5117
-2147	8157
-5256	-1798
340	-15073
-7122	8157
-5256	4839
962	-11754
6558	-5117
7802	-8436
-13340	-5117
-17693	-15073
-8365	-8436
13398	1520
-4634	1520
-9609	-1798
1584	4839
11533	11476
-2769	-11754
-282	1520
-4634	-15073
26456	18113
-8365	-1798
26456	1520
-10853	-11754
-4634	-1798
25213	4839
32053	4839
-7744	-1798
17751	-8436
-282	1520
-1525	-11754
5315	1520
12155	8157
-7744	4839
-2769	-5117
7802	1520
9045	11476
-5878	-15073
12776	8157
2827	8157
-8365	-8436
-8987	-5117
-282	-11754
962	1520
-9609	-18391
-4013	-11754
-282	11476
-5256	-1798
-8365	-8436
-1525	11476
1584	11476
-282	-18391
6558	-1798
2205	-1798
-4634	1520
12155	1520
13398	1520
-10231	-11754
10289	14794
-4013	-1798
-10231	-11754
-8365	-11754
-5256	-11754
-2769	-1798
-282	-5117
-6500	-15073
-8987	-5117
-8365	11476
5936	11476
-5256	-8436
-4013	-1798
-282	11476
340	1520
1584	1520
-11474	-18391
-7122	-5117
-7744	-8436
-904	-15073
24591	1520
-4013	8157
-14584	-8436
4693	14794
-9609	4839
-8365	4839
-2769	18113
-13962	-11754
-282	-1798
17129	8157
-9609	-8436
-5878	8157
12155	14794
20860	-5117
-5878	-15073
-5256	-5117
8424	18113
-13340	-8436
17751	14794
-5256	8157
-10853	-11754
-8987	-1798
-4013	-1798
-904	-1798
3449	4839
17751	-8436
-18314	-15073
14642	-11754
-4634	11476
-7744	-5117
-10231	-11754
-12096	-15073
-3391	4839
-4634	4839
8424	18113
-8365	-5117
-3391	-15073
8424	24750
2205	-5117
340	11476
-5878	8157
962	1520
7180	-1798
962	4839
340	-11754
2205	-5117
14642	-8436
17129	14794
-4013	4839
-1525	-18391
340	14794
2205	-5117
-5256	1520
-7122	-1798
9667	14794
-2147	14794
8424	8157
7180	-11754
-5256	-1798
2205	4839
12155	-8436
-5878	11476
-6500	14794
-7122	-1798
13398	1520
-7122	-8436
7180	11476
-5256	4839
10289	11476
-2147	-1798
-10231	-11754
-4634	8157
2205	-5117
15885	11476
-9609	1520
-12718	-8436
-16449	-8436
2205	1520
-2147	14794
4071	-5117
-10231	-5117
14642	11476
-4013	-1798
5315	18113
-3391	18113
-8365	-8436
18373	14794
-10853	-8436
-282	-5117
-1525	8157
-5256	1520
-3391	8157
-282	1520
-13340	-11754
-2147	4839
9045	14794
-12718	8157
-4013	-8436
29565	14794
-6500	4839
-4013	11476
10911	21431
-5878	-5117
-9609	1520
-5256	-8436
5315	4839
-2769	4839
2205	-11754
-6500	-5117
4071	14794
27700	24750
3449	-1798
-5256	-11754
-10231	-8436
-11474	-11754
-6500	-8436
-7744	-1798
4071	1520
1584	28068
7180	-1798
9045	18113
-5256	1520
-10853	-11754
-5256	-1798
10289	18113
-4634	-11754
-12718	-8436
-6500	1520
1584	8157
-5878	1520
2205	1520
22104	28068
-13340	-8436
3449	-15073
33296	8157
-5256	-1798
-2769	11476
-7744	8157
-8987	-5117
340	11476
-8365	-5117
-5256	-5117
-2769	8157
4693	-15073
-12096	-15073
1584	1520
-7744	1520
-6500	-8436
-904	-8436
340	8157
-282	11476
-10231	-5117
7180	-5117
12776	4839
-904	4839
