-5820	3499
-8930	-7903
-5820	524
-2710	-17818
-5820	7465
-8930	-5920
19062	9448
400	16388
400	4490
-8930	-6912
-12041	-13852
-12041	-8895
-5820	-1458
-5820	-1458
-5820	-4929
3511	9448
-12041	-6416
6621	524
6621	7465
31503	11926
-2710	6473
-2710	3003
-12041	-12860
6621	5482
6621	-2450
-2710	4490
400	5978
3511	2012
-8930	-2946
3511	4490
-8930	-12365
-8930	-3937
3511	18371
3511	7961
3511	-3441
3511	8456
9731	10439
-2710	3995
-8930	-15339
-5820	-3937
9731	4490
-2710	-467
22172	15892
34613	14405
400	12422
-15151	-19801
-15151	-14843
6621	2012
-2710	2012
-2710	7961
6621	13414
6621	-13852
40834	-467
-2710	4986
-5820	-4929
-2710	-6912
-5820	-13356
-8930	-13852
400	6969
-5820	-4929
400	10439
-2710	4490
-2710	-5424
400	2012
-5820	-2946
-12041	-5920
-5820	-5424
-8930	-12860
-8930	-17818
-12041	-13852
3511	2012
-2710	6969
400	4490
12841	4986
-5820	-16331
400	3003
-5820	9943
400	6969
-18261	-27733
400	1516
-2710	-5424
-2710	6969
9731	-6912
9731	-467
-18261	-23271
-18261	-25254
400	-2946
3511	12422
3511	-467
-2710	5482
-5820	13414
-2710	-17818
9731	2507
-12041	-21288
12841	4490
19062	11926
12841	5978
12841	-3937
-2710	3995
400	12422
-2710	10439
-12041	-15835
-12041	-20296
9731	4986
-5820	10935
9731	9448
400	5482
400	6473
-5820	4490
-12041	-17322
3511	10439
-15151	-15339
-5820	7961
12841	524
-8930	-467
3511	-9390
-8930	-2450
-15151	-18314
-8930	-6912
-5820	-12365
12841	10439
-18261	-21784
-12041	-14348
12841	-2946
15952	-5424
-12041	-13356
9731	16884
3511	3499
3511	8456
12841	10439
-5820	-7903
-2710	-1954
-5820	-7903
-2710	-467
-2710	-7903
9731	-2946
400	6969
9731	3995
3511	10935
12841	2012
400	5978
25282	29
-2710	2507
400	4490
3511	6969
22172	5978
40834	8456
400	-963
400	4490
12841	24320
15952	-2450
3511	6969
-5820	9448
-8930	-13356
3511	9448
-5820	9448
400	29
15952	8952
-8930	-12365
-12041	-21288
-2710	8456
-5820	5482
-5820	-963
6621	6473
15952	3499
-2710	3995
15952	11926
-2710	4490
-15151	-21784
28393	14901
-8930	-1954
-8930	4490
-12041	-13356
9731	5482
6621	17380
19062	29
6621	14405
6621	-7903
-2710	4986
-2710	-467
-5820	-1954
-15151	-18809
12841	3499
400	10935
3511	22337
19062	-5424
-5820	1020
3511	8952
-5820	-4433
15952	1516
-8930	-9390
-2710	-3441
-2710	1020
3511	12918
-15151	-18314
-8930	-13852
400	6969
12841	5482
-2710	-4433
-8930	-2450
-2710	4490
12841	-5920
25282	9448
-12041	-13852
-12041	-18314
400	14901
-2710	8456
-8930	-6912
-2710	7465
-5820	-467
400	-1458
-5820	-11869
3511	7961
22172	8952
400	17380
-12041	-13356
-5820	-14843
-12041	-19801
-5820	4490
-2710	5978
25282	-3441
-2710	-3937
-8930	-963
-15151	-18314
9731	9448
3511	15397
-8930	-3441
-8930	-13356
400	3499
-5820	-1458
400	6969
-2710	2012
-8930	-11869
400	9448
400	-2946
3511	10439
400	29
25282	11926
3511	8456
-5820	-2946
-15151	-24262
9731	16884
25282	9448
400	8456
-5820	4986
-5820	3003
-8930	-9390
6621	10935
-5820	1020
400	4986
9731	5482
400	12422
-2710	-963
400	5482
-8930	-5920
-8930	-10382
-15151	-22279
-8930	-4929
-12041	-20792
400	-6416
-8930	-3937
400	8456
-12041	-17322
400	16388
-5820	-467
6621	19362
6621	17875
3511	8952
-12041	-17322
-5820	-8399
3511	-14348
400	-4433
3511	11926
400	10439
-12041	-16331
-5820	2507
400	10935
-8930	-8399
-5820	3003
-8930	-10877
9731	-2946
-5820	2012
6621	-7903
-5820	3499
-12041	-11869
400	-2946
-2710	1020
-2710	10439
400	6969
-18261	-29715
-8930	-7407
-18261	-28724
3511	3499
9731	1020
3511	8456
3511	15892
-12041	-14348
6621	4490
-2710	-3441
6621	3499
-12041	-20792
-12041	-15339
-5820	4986
-5820	-9390
19062	-7407
-5820	-6416
400	29
-5820	-1458
12841	29
-5820	3003
15952	-963
400	10935
-2710	-2946
-12041	-15835
9731	3499
-2710	11926
400	6969
12841	5978
9731	-4929
19062	10935
-8930	-3937
25282	524
3511	14405
3511	4490
-15151	-22775
400	5482
-2710	-11373
-15151	-19801
400	4490
3511	9448
12841	12422
12841	7465
9731	-467
400	8952
-5820	-467
12841	6969
-5820	-3937
-5820	-963
400	13414
400	7465
-8930	-13852
-5820	-19305
-2710	4490
3511	14405
-5820	-963
-8930	-467
-8930	-2946
22172	4986
9731	-1954
-5820	-6416
-2710	4490
12841	-963
-5820	-1458
-8930	-8399
34613	12918
-12041	-19305
-2710	524
-5820	-7407
400	11926
400	-4433
6621	12422
-5820	-10382
6621	3499
400	7465
-8930	-11373
22172	7465
-8930	-11373
-5820	3003
15952	1020
-5820	1020
400	-4929
-8930	-13356
25282	8456
-2710	3995
12841	8456
-2710	14405
-5820	-6416
3511	14405
400	-2946
400	3995
-5820	2012
-8930	-16331
-2710	9448
-2710	11926
-2710	4986
-8930	-5424
-2710	29
9731	19858
-2710	3003
34613	18371
-8930	-9390
6621	17875
400	8456
400	9943
3511	6969
-12041	-13356
-8930	4490
-8930	-12365
3511	8456
-2710	-1458
-12041	-5424
6621	10439
-15151	-19801
-8930	-6912
6621	-2450
-2710	5482
28393	14405
-5820	-3441
400	6473
9731	524
3511	-5424
-5820	3003
-2710	-4929
9731	14405
-2710	-9886
22172	5978
-2710	4986
3511	2507
6621	2507
-8930	-10382
-8930	-3441
6621	-10877
-18261	-27733
-5820	-2450
-15151	-18314
-8930	-10382
9731	-2450
-5820	-11373
-2710	1020
3511	9448
-8930	-11373
-5820	2012
-5820	-467
40834	-1954
400	3003
-15151	-19305
3511	11926
-2710	6473
9731	-3937
400	9448
3511	2507
-2710	524
-2710	9448
-2710	-17818
-2710	7961
400	10935
-5820	-6416
31503	3995
25282	12422
-2710	-2946
-8930	-2450
3511	10935
-2710	-14843
3511	2012
400	-14843
-8930	-11373
400	3995
6621	8952
25282	7961
9731	-963
400	5482
9731	-1458
400	9943
400	6969
-5820	1516
-2710	-3937
-15151	-20296
6621	-2450
400	5482
400	2012
-5820	-2450
-2710	6969
-12041	-15339
-2710	-4929
-2710	3003
3511	9943
-8930	4490
3511	15397
-2710	4986
6621	524
19062	9448
15952	3003
-5820	-6416
400	13909
-8930	11926
9731	7961
19062	10935
3511	5482
400	-14348
-2710	-4929
3511	16884
3511	4986
400	-12860
3511	-467
3511	11926
-2710	2507
28393	14405
400	4986
15952	-4433
400	8456
-2710	29
-2710	6969
-2710	-5424
6621	-5920
-5820	5978
400	-467
-8930	-7903
12841	4490
6621	3499
400	9448
3511	9448
-15151	-13852
3511	7961
9731	-467
9731	14901
9731	10935
-5820	-3937
-8930	-12365
-12041	-10382
9731	12422
-15151	-21288
400	8456
3511	9448
3511	10935
-12041	-2450
15952	16388
-12041	-12365
3511	-1458
-12041	-11373
400	-15339
-12041	-11373
6621	11926
-5820	-14843
-8930	-2946
-15151	-22775
400	8456
6621	4490
-5820	2507
-2710	-10382
15952	10935
9731	3995
-5820	-13852
-5820	-6912
-12041	-2450
-12041	-21784
-2710	-3937
-2710	11926
400	7465
400	5482
-5820	4986
-15151	-26741
-12041	-12860
6621	5978
3511	7961
34613	14405
3511	10439
-8930	-5424
15952	-467
3511	9943
-12041	-9886
3511	4986
-2710	8952
-5820	-20792
3511	7465
12841	8952
-5820	-5424
3511	1020
-5820	-3441
-12041	-20792
-5820	-3937
34613	-1458
3511	-2946
15952	1020
-2710	-2450
-2710	8456
3511	6473
400	-14348
-8930	-5424
-5820	3003
3511	19362
3511	4490
6621	12422
9731	5978
3511	8952
9731	5978
3511	10935
6621	18867
-2710	5978
-5820	1020
6621	-4433
400	3003
-2710	3995
400	-963
400	12918
3511	11926
400	3995
3511	17875
-5820	5978
400	10935
19062	5978
-12041	-10382
15952	9943
400	8952
-18261	-16826
19062	6473
15952	7465
12841	12918
400	2012
-8930	-467
3511	13909
-2710	11431
6621	-2946
-15151	-28724
-5820	524
3511	16884
6621	9448
400	9448
-8930	-2450
-15151	-22775
-2710	-4929
6621	10935
-2710	29
12841	-1954
-8930	-9886
-5820	-1954
-2710	-8399
50165	8952
-2710	3499
-2710	-5424
9731	9448
400	7465
400	12918
400	9943
9731	-14843
9731	-5920
-5820	-7903
-5820	3003
400	11431
-5820	-4929
400	2507
6621	5978
-5820	1020
-8930	-5424
6621	-7903
-12041	-17322
28393	4986
-12041	-11373
-2710	4490
-2710	5482
-2710	6473
9731	15397
-2710	-963
-5820	-963
-2710	6473
-8930	-2450
-2710	3003
3511	1020
3511	7961
-2710	2012
-8930	-14843
400	2507
400	-10877
400	8456
400	11431
400	-9390
6621	-963
15952	-5920
6621	3499
-12041	-14348
9731	11431
15952	4490
-8930	-1458
-12041	-3441
3511	8952
-12041	-20296
9731	1516
-8930	-17818
-2710	3995
9731	14405
-2710	10935
-2710	-5424
3511	12422
400	-5424
3511	11431
-5820	-4433
-2710	-13356
9731	7961
400	7961
400	10935
-8930	-14348
6621	-7903
19062	7465
-5820	3995
-5820	-3937
-8930	-8399
-8930	-13852
-18261	-27237
-8930	-9886
9731	9943
9731	1516
6621	11926
-2710	-3937
-8930	-7903
25282	7961
-5820	2507
-12041	-19305
6621	-4433
-8930	-8399
3511	9448
-2710	-963
400	29
400	-8895
3511	1516
-12041	-6416
6621	12422
-12041	-13356
400	5978
-2710	4490
-8930	-5424
-18261	-19801
9731	-2450
-5820	5978
-2710	9448
-5820	-2450
400	-4433
-12041	-16826
3511	7961
-15151	-22775
-8930	-12365
-5820	-13852
12841	12422
3511	-1954
28393	524
6621	-10382
400	8456
19062	11926
-8930	-9390
-12041	-18809
400	3499
400	7465
12841	4490
-8930	-2946
6621	-12365
-8930	-20792
400	1020
3511	10439
400	13414
-8930	-10382
400	3003
-8930	-12365
3511	-15835
-2710	9448
-8930	-5920
400	6473
3511	-2450
6621	-7407
-2710	-3441
400	-3441
-12041	-9390
-8930	-7903
9731	-6416
-12041	-6416
-5820	3499
-5820	4490
400	-4929
6621	14405
12841	-7407
9731	17380
-8930	-13356
-2710	-467
-2710	10439
400	14405
-2710	5978
-8930	-12860
-8930	-3937
-12041	-8895
400	7465
-2710	-4929
-5820	-5920
15952	6969
-5820	-4929
-8930	-20296
6621	-9886
-2710	-963
-15151	-25254
-5820	-5424
12841	6969
31503	6969
6621	10439
-8930	-7903
-2710	-3441
-2710	1020
12841	524
-5820	-2946
-2710	3499
3511	15397
400	-9390
400	-3937
400	-5424
-12041	-10877
12841	13414
-2710	2012
47054	8456
15952	6473
-18261	-25254
-2710	3499
400	6473
-8930	-5920
400	-1954
-5820	3499
400	16388
-5820	-14348
6621	9448
15952	6969
-8930	-1458
-8930	-10382
-5820	-6416
-2710	-467
-12041	-16331
-2710	1516
-2710	-10382
22172	-467
-5820	3995
6621	7465
-2710	-3937
-12041	-21784
-12041	-12860
37723	9943
-2710	524
-5820	-6416
-5820	-4433
-2710	3995
-5820	-2946
6621	-467
-18261	-22279
-15151	-23271
-8930	-10877
400	11926
6621	4490
-15151	-12860
400	1020
3511	5482
-5820	-467
-2710	7961
-2710	5482
-12041	-13356
22172	15892
-5820	4986
400	12422
-8930	-10382
400	15892
6621	3499
15952	29
9731	2012
-8930	-11373
6621	1020
400	-6912
400	1516
-5820	5482
3511	3003
-2710	10439
-2710	524
400	5482
-12041	-22775
-5820	1516
3511	7465
-8930	-11869
-5820	-3937
3511	5978
-5820	-1954
-8930	-16331
9731	5978
-18261	-21784
-5820	-2946
3511	14901
400	8952
9731	4986
-12041	-8399
-5820	-2946
22172	9943
-5820	3995
400	3003
3511	6473
28393	14901
-12041	-12365
-5820	-12365
400	3995
-18261	-18809
400	12918
-12041	-18314
-8930	-4433
-5820	10439
3511	13909
400	-3937
-2710	-8895
400	-9886
22172	29
6621	9943
400	4986
-2710	524
31503	16884
400	7465
-12041	-6912
-5820	-9390
400	10439
3511	6969
-8930	5978
-8930	7961
-5820	-2450
-12041	-9390
-8930	-7407
400	8952
3511	11431
-12041	-20792
-12041	6969
3511	8952
25282	2012
3511	-4929
-2710	2507
-12041	-14348
-5820	3995
-5820	-20792
15952	-467
-2710	9448
-5820	-7903
31503	17380
6621	22337
400	6969
-8930	-9886
-2710	4986
12841	2012
-5820	4986
3511	5978
3511	13414
-12041	-15339
-5820	5978
-18261	-24758
-5820	3003
-5820	-4929
-5820	1516
-5820	-6912
-5820	-4433
-5820	-2450
-5820	-13356
-12041	-11869
400	11431
-5820	-467
15952	15892
-8930	-5424
-12041	-18314
-2710	-1458
-2710	1516
-2710	-1458
6621	29
400	7465
12841	9448
400	2507
19062	11431
400	6969
400	-3937
-2710	4490
-8930	-14348
-5820	-14843
9731	6969
-8930	-7407
-5820	-14843
-5820	29
400	4490
9731	-7407
-5820	-3937
9731	-5920
25282	4490
-2710	-14348
-2710	3995
3511	9448
3511	4490
6621	3499
-18261	-19801
-5820	-2946
-2710	-3441
3511	5978
400	-2946
3511	6969
400	4986
15952	4490
-5820	5482
3511	5482
12841	-6912
-12041	-6416
-15151	-19305
-5820	3003
400	-4433
-5820	-6416
-2710	6473
-12041	-21288
31503	1020
19062	-5424
3511	9448
-2710	4986
6621	-4433
-18261	-16826
3511	14405
3511	-5424
-2710	-17818
-8930	-1954
400	-3441
-15151	-15339
-8930	-9390
400	12422
6621	-1458
400	-1954
-15151	-23271
400	7465
15952	4490
-5820	-6416
9731	1516
-8930	-17818
-15151	-27237
-5820	2507
3511	-2450
400	5482
19062	13909
-5820	-8399
-8930	-10382
400	8952
3511	16884
3511	-963
9731	5482
-8930	-14348
-21371	-22775
-5820	5978
-5820	-1458
3511	-5424
6621	9448
400	5482
-8930	-3937
3511	5978
15952	8952
3511	11431
15952	7465
15952	29
-5820	-1458
400	-3441
3511	3499
9731	3499
15952	7465
-2710	29
-18261	-24262
-12041	-9390
6621	9448
-5820	524
-2710	10935
400	7465
-15151	-17322
-2710	-7903
-8930	-9886
400	7961
400	6969
-8930	-5424
400	4490
-8930	-12365
-5820	-4929
-8930	-7903
15952	-467
-2710	6969
9731	8456
3511	6969
-2710	-15339
3511	10935
400	5482
400	6473
3511	15892
-5820	-4929
-5820	-7903
-5820	7465
-8930	-13356
9731	6473
12841	14405
400	9943
-12041	-15339
-2710	2507
400	17380
-2710	2012
-12041	-13356
9731	11926
6621	5978
-8930	-963
6621	3003
-2710	8952
3511	11431
-15151	-18314
-18261	-24262
-2710	8456
6621	3995
-15151	-19305
25282	6969
9731	3003
-5820	-4929
-12041	-18809
-8930	-1954
-12041	-5424
-2710	29
-15151	-20296
-18261	-27733
400	8952
15952	5482
-5820	-4929
3511	8952
-5820	-12860
-5820	-2450
3511	3995
400	11926
-2710	3499
-5820	29
12841	9448
-5820	3003
9731	1516
-5820	-7903
6621	4986
12841	-5920
-5820	-5424
-2710	1020
-2710	-5424
15952	6969
6621	14405
6621	11926
3511	11431
3511	6969
3511	1516
-5820	-963
-5820	-2450
3511	8952
3511	11926
400	6473
6621	-5920
-2710	29
400	2507
-2710	6969
-21371	-29220
15952	6473
-12041	-7407
9731	10935
400	-9886
-8930	-2946
400	7961
3511	4986
9731	12918
3511	3995
-2710	-4929
15952	-1458
6621	10935
-2710	9448
-5820	3499
-5820	4986
400	4490
-18261	-21288
6621	10439
15952	29
-8930	-13356
400	2507
-2710	11926
-2710	5978
3511	18867
15952	13414
12841	20354
-5820	-467
28393	-963
-8930	-16826
-2710	10439
-2710	-4929
3511	524
6621	4986
-5820	3499
400	6969
-2710	10439
-12041	-4929
9731	-467
-8930	-8399
-15151	-17322
-5820	-3441
400	4490
-2710	-7903
3511	15892
-18261	-22775
400	1020
400	7465
22172	3003
3511	-467
-12041	-12860
6621	4490
-2710	-11869
3511	13909
-8930	-6912
6621	7961
3511	13414
25282	524
-2710	3003
3511	13414
-12041	-12860
-5820	-9886
3511	14405
-2710	6473
-5820	29
-2710	13414
-5820	-4929
400	3003
-5820	-12860
3511	10439
400	-10877
-8930	-15339
3511	524
-12041	-9390
-2710	10439
12841	6969
-2710	-4433
-2710	2012
-5820	-9886
-12041	-21288
3511	7961
-8930	-7903
15952	10935
-8930	-1458
400	-2946
-2710	-963
-2710	5482
3511	9943
400	-3441
-2710	524
-5820	3995
-12041	-11373
22172	6969
28393	10935
-5820	-12365
15952	3003
-2710	-9886
28393	2012
-2710	5482
3511	6473
-12041	1516
3511	11926
19062	6473
-2710	1516
400	1516
-2710	-10382
400	-1954
-2710	-7903
12841	12918
12841	1516
-5820	-5424
-15151	-18314
3511	9943
-8930	5482
-5820	1516
6621	-963
-2710	-1458
-21371	-29220
400	6969
3511	2507
-5820	-4929
34613	10439
-2710	-6416
400	5978
6621	7961
-5820	-4433
-2710	2507
12841	1516
400	-3937
400	-4929
-2710	11926
3511	15892
6621	3995
25282	13414
-12041	-8399
-2710	8456
9731	15892
9731	3003
-5820	-2946
400	11926
400	-4433
400	16388
19062	6969
3511	4986
15952	16884
400	-2946
-2710	6473
-5820	4490
-2710	7961
9731	11926
-15151	-26741
-5820	-5424
9731	11926
-5820	6473
9731	8952
6621	7465
-8930	-963
-5820	-4929
19062	7465
3511	5978
-5820	-467
-18261	-25750
12841	12918
-12041	-16826
-18261	-19305
-15151	-8399
15952	12422
-8930	-9886
-2710	10439
400	7961
-5820	3499
-5820	5482
-5820	2507
25282	9448
400	7465
-5820	-3937
-5820	2507
3511	4490
19062	10439
22172	17875
25282	17875
-2710	4986
9731	11431
12841	1516
-15151	-14843
3511	29
-2710	-10382
-12041	-27237
3511	8952
-2710	4986
-2710	-11373
-5820	2012
12841	-2450
12841	8952
-5820	6473
-18261	-28228
400	7465
3511	6969
3511	4986
-2710	524
-5820	2507
3511	524
12841	-467
6621	10439
-2710	9943
-2710	4986
-8930	-4433
400	3499
3511	9943
400	6969
-5820	-1458
-2710	12918
-12041	-6416
-12041	-12860
6621	13414
-5820	5978
25282	29
-5820	6969
-5820	-4433
400	8952
-15151	-19801
-5820	-467
-2710	12422
-12041	-16826
400	3499
-5820	-4929
400	-467
-5820	5482
6621	20850
-8930	-7903
-2710	4490
-12041	-16331
-5820	-5920
31503	4490
3511	2507
400	3003
-12041	-13356
-5820	-6416
400	6969
-2710	-13852
-2710	8952
-8930	-7903
3511	3499
15952	12918
-5820	2012
400	4490
-2710	-4433
3511	5482
400	10439
12841	7961
400	-2946
3511	10935
9731	10935
-12041	-12860
-5820	4490
-8930	-16331
-5820	6969
-2710	6969
-8930	-20296
400	-8895
15952	524
400	4490
-2710	4490
400	4490
-8930	-7407
9731	-3441
3511	9943
400	8456
-2710	-963
12841	6473
-8930	-4929
12841	-1458
400	4490
-2710	524
-12041	-18809
400	-7903
