1536	7130
16718	-705
11860	-3719
-13039	-12158
7001	-4925
12467	-103
-6966	16171
-8181	-6130
-13039	-7938
-13039	5925
-3930	-9747
-11217	-9747
5179	2308
3358	8336
11252	-103
9430	-4925
-10003	2911
12467	7130
7609	1103
2750	8336
-26400	-33856
-27614	-35062
-4537	-7336
-5752	1706
6394	1103
928	5322
3965	6527
10645	-4925
-2715	-1911
3965	-1911
-3930	-7938
13681	1706
-6966	-6130
-4537	4719
-1501	1706
-19112	-18185
10038	-3719
10645	2911
-893	7130
321	3514
-22756	-26021
-286	1103
-8788	-6733
928	-12158
-21541	-26021
-17290	-3116
-8788	-6130
321	-705
-6966	-705
5179	15569
-11825	-12158
-16683	-12760
9430	12555
-17898	-4322
10038	7130
9430	-1911
-13647	4117
4572	-705
-6359	-103
20969	-4925
6394	-1911
3965	-4925
-23970	-23007
-4537	3514
-8181	500
7001	5925
2750	7130
-10610	-3116
9430	10144
9430	25213
7609	3514
-15468	-14569
-6359	-12158
-10003	-1911
-6966	-10349
9430	1103
5787	-1911
2143	16774
-28221	-35062
-7574	-8541
-3323	-7938
-10610	500
-10003	5322
-6966	-5527
10645	4719
-16683	-10952
-2715	-103
-4537	-5527
11860	8336
-16076	-6733
-7574	-13966
20362	1103
8216	-1911
-5752	-10952
321	-7336
2143	7130
1536	-1308
321	7130
2143	13158
7001	-30240
-15468	-103
12467	-705
-2108	-8541
8216	8938
928	-4322
-16683	-16980
10038	7130
-2108	2308
14289	7130
5787	-2514
-2108	7130
14289	-4925
-19719	-5527
-6359	1103
16111	2308
15503	-2514
-6359	13158
-3930	4719
19147	1103
-5144	-4322
5179	1103
-286	-4925
-8181	4117
19754	-4925
-286	19185
6394	-5527
-893	7130
6394	3514
13681	4117
-286	10144
-2715	7130
-286	-7938
-2715	4117
-5752	-9747
-5752	-3719
3965	64994
-20327	-23007
-11825	-15774
-2108	1706
-1501	9541
5787	8336
321	-1911
-10003	-3719
-2715	8938
-286	8938
-14861	-10952
-893	2911
13681	-4925
17932	-8541
-286	10747
-20934	-12760
-1501	-1911
-8181	-7938
7001	-1911
5787	-2514
-2108	13158
12467	-9144
-5144	17980
-893	-1911
14896	-7336
-286	-4925
17325	3514
5179	4117
-3930	4117
-893	4117
-286	-1308
-893	-705
-6359	10144
-8788	4117
-7574	2911
6394	-4322
7609	-9747
16111	7130
-21541	-15774
928	3514
-286	13158
-3323	17377
-6966	-3116
-6966	-9144
11860	1103
-10003	-9747
1536	7130
16111	-3116
8216	-4322
2143	-6130
7609	2308
-12432	17377
-2108	13158
-893	2308
-3930	-4925
6394	-103
-8788	-7938
2143	4117
17325	7130
-11825	-1308
-1501	-7336
-893	3514
-4537	1103
-6359	14966
-2715	13760
4572	-6130
928	-7938
15503	3514
5787	4719
10645	2308
321	15569
2143	7130
3358	1103
4572	-2514
-286	-6130
-286	10747
-21541	-23610
14896	2308
-1501	10144
-17290	-4925
-8181	-2514
-9396	-7336
-13039	-7336
4572	16171
-6359	4117
10038	-3116
15503	1103
17325	-5527
18540	5322
4572	5925
-5144	16171
8823	1103
-5752	8336
10038	-103
-286	7130
9430	1103
16718	3514
3965	1103
-7574	-4925
4572	1103
13074	-3719
-3323	11952
-6359	4117
-4537	-13966
-1501	12555
-4537	-3719
-6966	-10349
-3930	3514
-5752	-4925
11252	10144
8823	5322
-20327	-10349
5787	7130
7001	4117
-19112	-9144
2750	16171
-5752	13158
2750	4719
-6359	4719
-4537	-3719
-893	-4322
10038	1103
6394	7733
11252	-1911
5179	22199
-286	5322
928	-9747
10038	-8541
-6359	-1911
10645	-705
5179	5925
-893	1103
-11825	-9144
-9396	2911
-6966	7130
-11217	-6130
-1501	-13966
14896	8336
8216	4117
-1501	-1911
-8788	-3116
928	1103
1536	-3719
11252	-10952
11252	-1308
13074	-5527
321	8336
-5752	8336
-1501	11952
3358	21596
15503	1103
-7574	-4925
-6359	-6130
321	-2514
-11825	-13966
-893	1706
928	7130
20362	10144
11860	-9144
-893	3514
-5144	500
8823	16171
-23970	-27829
-17290	-1308
1536	-8541
3965	9541
5787	-8541
-6359	-1911
-5752	-7336
2750	10144
321	-12158
14896	-9747
9430	2308
11860	7130
-5752	11952
-7574	-4322
8823	-3116
13681	-5527
4572	1103
12467	-1911
5787	2911
-5752	10144
7609	-103
7609	15569
-1501	-2514
-2715	6527
6394	-2514
16111	-6130
-3930	-10349
-12432	-15171
-11825	-7938
-1501	4117
-10003	-6733
11252	6527
4572	8938
-6359	16171
-8788	-1911
-3323	-7336
-1501	7130
2143	7130
13074	-9144
2143	-1911
15503	-103
7001	13158
3358	21596
928	9541
-17898	-16980
-5752	10144
-5752	2308
-8788	-6130
15503	3514
-3930	1103
6394	2308
1536	11349
12467	5925
17325	7130
14289	9541
13074	1103
3965	-2514
-286	-1911
-11825	-10349
-6966	-7938
-7574	-103
2750	-4925
14289	1103
2143	1103
-6359	7733
321	15569
1536	2911
6394	-1308
10645	11952
321	16171
3965	10144
-6966	-4925
17325	-7938
-3930	-103
10645	8336
9430	5925
-7574	-4925
7609	2308
2143	2911
10038	6527
-27614	-37473
10645	1103
-9396	-7938
7001	-1911
8823	5925
-18505	-4925
-8181	10144
-13647	2308
-1501	-4925
2143	22802
9430	2911
321	-5527
11860	-4925
-7574	-1911
-16076	-1911
15503	-7938
-14861	-9747
7001	-103
17325	-9144
-5144	-3116
-16076	-1308
-6966	-103
-9396	-8541
7609	-1911
5787	9541
2750	8938
11860	33651
-5752	13158
7001	-3719
-12432	-1911
-23363	-24212
19147	-13363
-6966	15569
22184	-7938
10645	-3116
6394	3514
10645	-3116
3965	1103
-893	10747
-22756	-21199
-9396	-2514
6394	7130
14289	13158
-3930	-1911
-17898	-8541
-3323	-705
3358	-7938
7001	5925
-10003	5925
-16683	-1911
3965	-3116
-9396	7130
321	7130
928	-3719
-2108	10144
-13647	-9144
7001	1103
11860	1103
3358	7130
-3323	4117
928	16171
4572	-3116
-3930	-9144
-2715	-8541
-23363	-26623
1536	6527
-23970	-28432
-3930	-12158
10645	7130
-11217	-7336
2143	-705
7609	3514
321	-7938
-8181	22199
-10610	-6733
