-8565	-3496
-8565	-2304
-8565	-3847
16238	-3092
-8565	2069
-8565	-1266
13225	-1780
14720	19085
6781	-4668
-7290	-12419
13341	-430
26820	3510
-8565	-13976
-8565	-7162
26820	-15716
-8565	12045
12750	-6903
-8565	1583
15427	-1506
8009	-1276
-8565	-1252
-8565	2900
2261	9051
-3326	-17057
6804	373
-8565	2910
-8565	-5370
-8565	5279
-8565	-15250
-8565	-15461
3756	17590
13689	8806
-8565	-5692
16007	-3549
-8565	7139
10212	-4039
-8565	10051
13457	-1232
5645	-7042
-8565	-1732
-8565	-12938
-8565	18849
26820	-9743
-8565	-12122
-8565	11579
7812	2324
5019	18604
-8565	-286
7592	-7254
-6363	11752
25070	-11146
-8565	31
9168	-11098
13457	3900
-8565	-10002
-8565	-6908
12645	-7201
-8565	-4885
14616	-4760
5112	-7359
-8565	-10589
-8565	-6206
-8565	2468
-8565	-2453
-8565	-7076
13364	17408
-8565	-3726
10038	9954
10165	-4039
-6247	-627
-8565	973
-5551	-3751
-8565	9123
-8565	9661
2098	-4303
6850	-11160
24815	2098
-8565	-7840
10096	9950
-8565	-3606
-8565	-12737
8009	5678
-6988	-8695
13341	26029
-8565	12319
9632	-13318
15705	2122
-8565	2540
13341	24832
8241	6230
-8565	12819
33091	-6225
-8565	-7172
-8565	-6807
16065	18128
4880	-17287
18962	1550
-8565	-286
-5783	5149
11602	-6869
244	11113
-8565	291
12518	-9608
-8565	-17566
-8565	-6187
13862	-8354
-8565	-13928
-8565	-4784
-8565	1372
13341	21238
-8565	-16533
14720	1305
-8565	-1559
-8565	-7172
5819	-16653
-6571	11872
6479	8484
174	-1747
13341	19142
-8565	-3400
20434	-1117
-8565	-5841
-8565	4082
-8565	-12641
-8565	-2910
-8565	377
-4160	11516
18788	-15639
-8565	-13981
-8565	-4303
7951	2372
11486	-15399
-8565	3780
-8565	9998
-8565	-14572
-6363	14169
6781	-12679
3756	8008
-8565	3780
-6988	-3630
-8565	13645
2805	8950
-8565	906
-8565	3717
13341	26029
-8565	9709
-8565	-1641
-8565	-15610
-8565	-11939
7986	1439
-5783	-276
-8565	-6254
-8565	-9301
8241	-6139
13341	-310
15775	-2866
10258	-3943
11950	2083
-8565	-5418
-3059	3424
-8565	-7013
-8565	11809
-8565	-2501
-8565	1838
-8565	-10694
6479	7643
-8565	670
-8565	-8546
-8565	-12938
-2236	11785
-8565	6634
10258	-16821
16238	-1655
13341	12021
-8565	6230
2805	8470
-8565	-6345
-8565	-13385
-8565	-11132
-6988	1113
-8565	-10939
-8565	-14149
-8565	3909
-8565	2929
13341	14409
20411	2179
14616	8042
-8565	-13525
4880	-2227
-8565	3659
-8565	-36
-6363	-41
-8565	-8080
4996	4640
-8565	13996
-8565	4029
-8565	-1122
-2236	15668
-8565	11978
3095	8349
-8565	-2362
9458	-6038
2805	-3251
-6826	4736
10721	15216
-8565	-6134
18151	-1852
13689	-11795
-5551	13232
15705	5317
-2758	-1679
-8565	3953
21570	1252
2805	10824
-8565	-4726
4451	2155
-8565	-4837
21825	-4202
-8565	3020
-8565	589
-8565	4861
8206	5207
-8565	2842
10768	685
3756	-1449
2446	377
9632	7163
12298	19186
4416	2155
-8565	11074
-8565	-8186
-8565	-4899
4648	7710
2689	13040
18788	-1290
13341	-310
8960	6754
-5783	9690
-8565	-5841
-8565	-6105
2771	7119
12750	-19455
2805	2641
11440	-7230
-8565	-680
2411	23756
3756	18484
-8565	15043
13109	-1828
14720	22252
14720	24534
13341	24832
-8565	9287
2446	3193
-8565	-13443
-8565	-8354
-8565	-12122
-8565	959
14616	464
-8565	-689
-8565	-6840
244	8003
-8565	-11708
-8565	2737
12761	-4087
4300	3424
-8565	-10690
-6826	-6994
-8565	867
6491	10680
15705	5024
-8565	-15437
8658	9945
13074	-1824
24213	26567
-5783	9099
-8565	3131
-5783	15116
18788	-1713
-5551	1257
-8565	2593
-8565	-8513
6271	2146
-8565	-2381
24213	-4500
-3059	3607
13341	12021
-8565	-9512
-8565	-11002
-8565	-15610
-8565	-5312
-6015	17888
15021	4524
-8565	-12583
8241	3059
13457	6653
19043	-8830
19043	-15682
-8565	-6566
-8565	-9008
13457	3020
11092	12453
-8565	1905
7951	1137
-8565	3876
10327	-5139
15798	-4116
-8565	-12434
-8565	-2496
13457	8883
12518	-2655
-8565	1583
2805	-10666
-8565	10344
-6247	12285
-8565	2131
2261	-11973
-8565	2256
-8565	-6369
11950	18066
13468	-1232
-8565	7187
6781	-15975
-8565	-9608
-8565	7763
-3059	4717
-6826	-13419
-8565	-6816
3756	17047
-8565	2271
-8565	-12146
-8565	5716
-8565	-5255
-8565	10464
-8565	-12098
-8565	-6418
-8565	-7542
-8565	1665
-8565	-3525
-8565	3198
13341	28004
-8565	7874
-8565	-9656
-3059	4303
6966	6240
13109	18013
-8565	-7076
-8565	12525
-8565	3323
-8565	-146
7812	-1689
24213	23275
8125	-11564
-8565	1766
11718	-5327
2886	-1208
-8565	-1852
3756	8008
7812	-12444
10791	5264
-8565	-12246
10768	7119
-8565	670
-8565	-8402
6850	-3217
-8565	-8763
-8565	-6523
-8565	699
19101	-5360
-8565	3020
-8565	2199
-6988	17
16065	-1449
-8565	14645
3756	291
-8565	-13539
-3685	-10771
12750	-4087
4648	9527
-3685	-1776
2446	2838
-2236	84
-8565	8849
-8565	19008
-8565	-1324
-8565	-11694
-8565	-14640
7951	-1675
-6247	6504
4718	-9474
13364	15130
-6247	7273
-8565	-13385
8496	-13606
-8565	-8325
-8565	-17686
10432	-353
-8565	-1252
-8565	-13486
-8565	-13232
8241	-6139
-8565	867
13862	-1665
-8565	3280
7650	-1434
14616	-17321
-8565	-8421
11950	12141
18962	1905
-8565	-353
-5783	10517
-6536	6860
13341	21238
7314	27494
-8565	-14572
-8565	1252
-3674	-7369
-8565	4082
13341	13929
-8565	6480
6931	6245
20411	2175
-3326	-8570
-8565	200
-8565	-6369
-8565	-2242
7314	10598
-8565	-10589
-8565	4534
4300	-1257
-5783	1319
31086	-8320
15021	-12977
-8565	-15000
-8565	-2775
6329	6326
9632	-9219
-8565	1502
-8565	-2261
-8565	1281
7198	-5793
-8565	-11060
-8565	1939
-8565	-6677
2805	-13549
-8565	-6788
-8565	-14346
-8565	1684
7233	-5788
-6363	19714
3756	14649
4880	-14620
3756	15553
-8565	4250
5205	1185
-8565	3025
9168	-16845
8241	3131
7986	5678
2446	-1795
13341	8431
-8565	-4399
-2329	-10656
-8565	-1526
2771	18638
-8565	-6542
-8565	-10646
-8565	445
-8565	-9950
-8565	-12198
-8565	-7590
-2758	-7624
-8565	-7701
33091	2170
-8565	1430
-4160	12165
-8565	5067
-8565	5543
8693	-4870
5019	20041
-8565	-10915
10466	12809
13341	24832
12750	-15245
10768	-15615
-8565	-9757
-2758	10747
-8565	-2972
-8565	-9656
-8565	-5149
-5551	14231
-8565	-11045
5459	3780
-8565	20368
-8565	-13337
-6247	15351
13457	10699
12750	-1574
-8565	2078
21825	18426
-8565	959
6375	10185
15021	11242
-8565	-15322
-3674	-2813
-8565	10262
15705	-12708
-8565	-1362
-8565	-15870
-8565	-7979
15856	-6812
13341	26029
28072	-8378
-8565	-3948
-8565	2290
3257	-5687
2910	-1208
-8565	-10122
-8565	-387
-8565	-13347
13109	18013
-8565	-8888
6781	1348
-2329	9806
-6247	-6172
24815	8926
-8565	16884
-8565	-2136
-5783	11343
13341	12021
5205	19445
13341	2862
4648	6004
6329	10719
-8565	9114
-3059	-440
-8565	13756
-8565	-16048
-8565	4717
-8565	-968
-8565	-12208
-7290	-8292
2689	11603
-8565	9868
-8565	-6773
5019	2621
7662	-1434
-3059	964
8241	-5740
-8565	-4726
2771	16355
11173	-2256
-2236	-5029
-3674	-17009
3141	8349
-8565	-12439
11950	22439
13341	26086
-8565	-15533
2805	5923
13689	1785
-8565	8796
5645	-14981
-3685	2045
19136	-5360
6329	-1631
-8565	-2674
-8565	-6836
18904	964
11730	-5327
-8565	-2631
-8565	-1353
-8565	23448
-8565	-13755
8960	12381
5019	20882
-8565	-752
3257	-10690
-8565	-13876
24815	-8585
2805	6773
5402	4779
18093	-1651
2689	-550
-8565	-7196
11486	-2871
-8565	-4274
21535	1257
2446	2958
-8565	-13289
11139	-3558
7951	2665
-8565	7533
-8565	690
-8565	1641
-8565	4073
12066	320
-6015	15702
15856	1728
-6247	6033
-8565	-915
-8565	9988
-8565	-12703
6781	5077
-2758	1425
2771	18556
13364	6216
-8565	-10939
-8565	-15130
-8565	4952
8496	-6028
-8565	-15783
10443	12804
6479	-944
-8565	-8301
-8565	863
19600	925
-6247	-7821
-8565	1958
3756	8008
5645	-1968
-6247	3501
-8565	2593
2307	-4082
-8565	-7970
15369	-1502
-8565	-1112
5065	-7359
-8565	4981
14616	-13265
2307	5913
3605	-8325
12078	320
13225	-305
16065	-6355
18788	-1713
18962	-5721
-8565	-16360
-8565	-9032
3756	17408
-5783	12698
-8565	3486
-8565	-4817
4880	-3986
11069	-3645
-8565	-3409
-8565	3323
-8565	-10589
8241	3131
3257	-18580
-8565	-12150
8241	5130
174	-12150
8241	-10060
10443	-353
4243	-1257
10258	-20046
-8565	-16326
-6247	613
18881	964
1403	-7715
-8565	-12256
-8565	-2631
-8565	4121
6491	9517
-8565	-2674
2446	4717
-8565	11050
6850	373
-8565	-7768
-8565	5077
-8565	-14106
8705	9940
15021	-16946
-8565	-13986
6479	2002
13341	21238
13341	-7734
-8565	22958
-8565	-9421
-8565	4645
-8565	867
9458	-15019
9168	-6725
-8565	-14567
-8565	843
6850	-14611
-8565	7725
-8565	2540
5228	13876
174	3347
-8565	1608
4648	10233
20434	-12011
-8565	-1891
5205	22968
8276	6230
2689	-1449
9841	-12049
-8565	-646
-8565	27
7337	10598
-8565	-7033
24815	-13784
-8565	5543
-6525	5096
13341	24832
7951	3131
174	12564
5819	-10906
15659	-2958
8206	-10060
-8565	-6418
-8565	12588
-8565	-12112
16065	11781
-8565	-12208
-8565	-1266
-8565	-12410
-6015	-2280
-8565	5139
2261	-3751
19658	925
3083	-2045
13341	-7013
3756	14649
-8565	-3726
-8565	-14467
-6363	4914
-6363	18532
-6015	2679
-8565	-2357
15021	-10545
3756	17047
-6247	8633
-8565	13746
-8565	13587
-8565	-10416
11173	-11122
-8565	20257
-8565	-13587
14152	-5298
-6363	16235
-6988	-1276
2805	-10762
-4160	9757
-8565	-13823
-8565	-747
10745	5264
4880	5067
-5783	-7465
-8565	-10646
244	7177
5459	3784
8241	5207
7546	-7258
-8565	4337
13364	-848
4764	-9474
-6015	21718
-8565	2266
-8565	-6043
-3326	7691
-8565	-1852
-5783	2083
-8565	4832
-8565	-13347
-8565	-6427
-8565	-2439
-8565	-12410
8960	11420
-8565	-3352
-8565	26442
-8565	4976
20434	4640
-8565	589
21825	4178
5344	3059
-8565	21651
-8565	-6369
7163	-7893
-8565	-10925
-8565	-1208
3605	810
-8565	-2559
-8565	5418
-8565	5716
18962	257
-2329	1665
-8565	3837
-5551	15586
244	11636
-8565	-16749
-8565	-5759
-8565	-5894
-8565	-1473
-8565	-3813
12066	-3837
-8565	3246
13341	-310
-8565	-14510
-8565	14669
6387	10176
-6015	23073
-5783	12165
15021	-5942
6479	-9032
6329	11492
-8565	-6480
-8565	15606
-8565	-6538
-8565	-6749
-8565	-12468
-8565	7802
-8565	-10939
-8565	-2616
-8565	6826
12645	-10497
4880	-6908
8960	-4322
-8565	2251
2689	8907
2771	-3212
-8565	12578
20434	-17311
-8565	-8950
11486	-8061
-8565	-12818
5019	11420
9516	2083
8960	9806
3756	17590
-5551	-1391
-8565	9099
-8565	-2674
16007	-15221
8148	-11564
-8565	-2088
-8565	911
11139	12448
-8565	3510
-8565	7460
-8565	14058
-8565	-14149
7163	-14279
13341	23155
-8565	-10219
-8565	-13169
-8565	3025
25070	-1910
-8565	-3347
-8565	-2141
-8565	-12468
-8565	-14270
-8565	-8835
-8565	-11122
15705	-16615
3617	810
3756	17590
2411	19565
-8565	-5077
6850	4447
-8565	8537
-8565	-2674
-6247	6504
24213	8369
-8565	-14755
10768	-9858
-8565	-14226
-3674	7384
13341	21238
8241	-5740
-8565	-2347
-2758	12117
11162	-3558
5205	11843
-8565	-5846
7812	-17364
-8565	-7431
-7290	-15543
-8565	-12093
-2236	16591
10258	-9113
-5551	11809
21825	17408
-3685	-6932
-8565	-9815
-8565	3635
-8565	-2775
-8565	11867
4648	6711
15427	2410
-8565	1728
-3326	4596
6329	-9815
-3326	-2722
-8565	-4961
-8565	-5432
3257	-16432
-8565	-8715
4300	3424
9841	-5332
-8565	-15226
5645	-18508
13364	16509
18962	-1617
3756	17047
-8565	-3140
2261	7883
3756	-1449
-8565	-5639
-8565	18729
-8565	-13539
-8565	-8008
-8565	493
3026	-2045
2689	-4620
3756	6571
2064	-4303
21825	14356
4880	5067
2411	22674
7951	-3313
11486	-7230
2678	-1449
-8565	21430
-6015	-2218
-8565	6000
-5551	-6110
2307	15971
31086	2324
23054	-4716
18788	4524
5205	21838
3756	-1449
-8565	25731
-8565	5413
-3685	-16802
14720	-6836
6781	3534
2411	3160
-8565	18321
-8565	6057
-3674	1997
-8565	6932
-6015	1905
-5783	-6466
11023	-3650
-8565	949
-2329	10858
-8565	-7359
5459	3664
-7290	-7523
-8565	-15130
-6363	1670
8705	-4870
-8565	-8479
-6363	-7287
-5783	11632
16007	-18551
13341	-310
12298	24198
4973	4645
-8565	-3693
13689	-7359
-8565	-12559
-8565	-795
-8565	-2304
18962	-3433
23054	-14034
-8565	-13933
-8565	-8859
18788	-11329
-8565	-8916
-8565	-8772
6491	3222
-6826	-12256
-8565	-8008
-8565	15625
15705	-4534
-8565	-3409
9632	-1756
6491	-12496
6491	-2400
10675	15212
-8565	1934
-8565	-12761
5309	3059
-8565	-2737
-8565	10233
-8565	3832
2411	10944
-8565	-12876
174	10560
26820	9604
-8565	-13981
13457	10632
2307	12501
-8565	9344
2261	1194
13341	26029
-8565	-11338
244	9056
-6363	-6403
13109	-7138
-8565	9114
-8565	-16326
-8565	-6062
11950	21478
-8565	-14149
9168	-18705
-2329	12458
-8565	-13486
3756	14649
-2770	2131
28072	1194
9168	-6201
-8565	-13462
-8565	-7955
-8565	9243
-6826	5207
11486	-17681
16065	19325
12692	-10493
-4160	8763
16007	2299
2307	14597
-8565	14332
-8565	5024
12692	-7201
