-18626	-17191
15425	24497
-14599	12130
-9868	-10095
1363	-5526
16954	7767
-3836	-6378
-12399	-4534
-27998	-10835
22978	16287
6199	11999
11180	23804
-4305	-3289
-7394	-17042
-8170	-13699
-116	6026
6725	16024
4671	8160
5520	6269
2487	1233
-2849	-1726
-4920	-9702
4274	5211
1760	9827
-2882	1654
18167	7009
-8922	-5601
1841	-3252
-9294	-11462
-1782	-40
3652	4846
4097	5446
-4822	-7876
6628	6840
-15132	-9664
2770	1691
-12181	-10470
5584	5483
-116	-3898
-3181	-1473
-9100	-1791
6442	6962
32140	16586
4420	-40
3587	-40
-15027	5071
4590	-7389
-15876	-14598
-1612	3470
3684	9518
-7822	-4235
9870	-40
-11857	-10142
-24965	-15740
-3634	-4637
-116	-1660
13541	-10123
-7645	-7829
-1968	-6294
3199	-2690
-22151	-20262
-116	4004
4250	-1857
8544	9612
-6076	-2269
-2809	12214
-4289	-1286
-2963	-593
-1572	-9150
11358	13132
-10556	-7324
781	2319
-6917	-4113
-116	-1838
7097	1813
-7507	-8082
-11615	-5302
-2979	-3495
-16580	-9590
4307	-1791
1372	1710
-5000	-10030
-4370	-3663
-12569	-8513
-6302	-14345
3571	-1932
-18933	-11125
5698	7243
-4701	-40
3417	-1838
-4523	2234
5091	-40
-8494	-3261
-1871	1757
-2130	-40
8528	2019
1404	1720
-7572	-1108
-3876	1270
-11817	-8560
-4806	-7923
854	-3036
-2971	-3345
-2963	-1688
10250	15893
2956	1748
-10119	-6481
14625	2366
7881	-40
-1847	6597
-1637	-40
10477	14807
-3035	-4937
-3440	-8213
11770	21492
-1645	-9168
-16984	-7539
-4459	-1782
3142	3086
-116	-2138
-4006	-40
-14397	2291
11221	19657
9029	7936
3409	12252
-6739	-40
-6521	-10928
-3982	-1379
-4499	-10189
-10192	-6060
5536	20041
-1645	-1932
2965	10623
16161	-6828
7250	12373
-1208	-3458
-31790	-45239
-4531	18112
20002	14929
8544	-40
-14809	-12098
2010	-2259
-116	2103
-8752	-6098
4404	1673
-11332	-9468
13832	2890
12603	12223
28946	14573
-116	1729
15773	4116
-116	3470
-1176	-2053
1622	-40
39991	33091
18894	19067
2795	3461
1291	1617
-6068	-7137
-6957	-8176
-1580	-3476
-13127	-16068
12725	6822
27393	13590
3288	1991
8601	11343
9911	-40
-4216	-4347
1323	-3757
4194	6035
5609	7074
-4507	-3551
-7345	-11443
3207	2094
14576	13881
-3601	-40
22032	13085
-3415	4294
14827	1336
4832	9555
-1855	5109
1598	-9889
3789	4884
1218	1298
-5890	-40
12345	12486
10088	7720
1614	4416
-8235	-11144
-9262	-10769
-11672	-15544
6442	13946
22202	18711
10517	14377
6660	17354
16315	8198
-10928	-14027
-7273	-8513
14115	12429
-116	-40
9474	1972
2867	7365
8212	-4965
16970	11259
6797	2122
-116	7112
-8599	-4328
-14332	-17865
-10750	-7155
1388	15921
9215	17588
-10839	-2540
6248	6831
-18213	-21320
-1596	-1866
4113	4781
-6666	-190
3684	3657
6118	4828
-2518	2216
-3432	5427
-116	1841
-16491	-21835
-1507	-40
2892	7224
7396	16670
-116	-40
9353	-40
-21278	-18446
-2324	-40
15304	8441
2779	-1791
-3286	5006
7929	10248
7291	5539
-1782	-3345
-3618	-5564
-4564	-1538
3466	10847
-18965	-13812
-4693	-12201
2819	-40
-7232	-5976
2043	1017
2843	10304
1372	-3504
-11857	-14018
10226	12570
-116	6831
-5316	-1744
-6027	-10629
-6246	-8841
927	-40
-116	-40
-116	-6051
-18181	-9458
2641	-40
-1612	-40
1598	-40
8528	6532
15733	20986
3838	18870
-4426	-2343
6239	1682
-7725	-20487
-8930	-14196
4137	-5077
-3060	-40
-6246	-10713
-116	-40
4145	8029
26827	21585
-2049	-1005
1541	18430
-3504	-1651
-9812	-14926
-1952	-40
-116	-5086
-18715	-23155
-7822	-9608
-3909	-8532
6644	-2774
-3141	-5236
3757	4790
4372	3620
1493	-1978
1598	-40
8099	2366
-10806	-12641
3797	-40
-12933	-3972
23018	9303
6482	-40
9636	12429
-10378	-10310
10371	-40
-1701	-2100
2714	3236
2787	1626
1590	1907
1566	2066
-4612	-3542
-116	-40
-18092	-13540
-1742	-40
-1952	7571
-1782	1738
-12512	-5508
-28200	-11995
-5752	-7324
-9318	-7127
-9747	-7361
-22952	-11808
4824	-3860
-8389	-2390
10000	10482
5867	11353
1727	4884
-3141	2478
3361	2618
1307	10033
2706	6681
-1782	7767
-3189	-5985
13396	15416
6264	1991
3765	10304
10380	-7858
4250	-3720
-1774	-40
-11866	-40
-23000	-3832
5544	8469
-116	-40
-3019	-4824
-8623	25367
-116	-1754
7363	13431
-6149	-3130
-5769	-40
14956	6475
2819	1354
10064	7299
19153	2600
9943	6766
2730	7702
9062	3395
-7062	8788
-13297	-12117
-2065	2197
2762	3433
-116	-1772
6911	2665
8124	-40
7404	1682
-1612	1392
-8178	-4235
-116	2113
7857	9331
1404	5258
-10378	-8588
-12941	-8045
-5558	4238
-15545	-14102
-11049	-40
-3003	-7455
-16871	-11649
-16750	-10797
-2566	-9252
5544	11549
13420	10089
5867	3667
-3019	2422
-5833	-12164
22630	19086
-116	-5358
20471	7299
1275	3583
2803	-40
-15286	-9898
-27472	-8616
-22669	-23960
2342	-2437
-7475	-40
-9731	-15478
-1135	-2493
10145	9256
-11736	9172
-116	18852
3878	13394
15377	9555
-3601	-9955
-1677	10595
-8000	-11986
3223	5099
-4329	4912
15692	10417
-11526	-9739
1493	-5452
-7305	-19803
8285	9134
-1661	1673
-8122	-40
1792	-6406
-10378	7206
-1523	3779
-116	3236
17358	11475
-19782	-7652
10517	7477
-116	4060
-116	-40
1509	-1688
-15812	-7184
3620	-1819
9183	9097
-1766	2094
-5858	-5798
17924	29955
-7386	16567
-116	-5424
-2089	-5133
-8283	-1267
6733	6934
3894	2206
-8809	-3448
-7062	-3495
-3658	1729
-15844	-15150
14188	12317
1355	-12230
26940	27820
5609	5399
6118	5764
2827	5155
-1871	-5555
-10725	-8316
-33254	-13699
-8146	-10788
-3650	-1398
1663	-40
20463	26435
-116	-40
34113	16689
2932	-1744
-116	-40
-7321	15921
18700	4743
11738	952
-116	-4319
7929	8020
-116	1645
-2963	-5433
-1920	-4338
-3262	1748
6773	4285
-116	-2578
-6545	-9973
29495	10520
10873	11540
-7620	-10086
781	-40
11706	7720
4558	5043
8188	6672
-4928	-4993
5423	8357
13622	15772
-6998	-10301
8043	22259
2067	5062
-31653	-15497
-3723	-1810
-116	-40
1598	7168
-12618	2300
9458	13394
1469	5371
16323	16605
-6957	-5283
-11599	-13156
-7766	7767
8269	2468
-1620	-7464
1412	-40
5706	6672
18539	21838
-1717	-6107
-116	2188
-1054	7309
5221	-9636
-1734	22559
7582	3760
1606	10735
1363	5296
-116	-5115
1315	-1370
4420	4809
-116	1429
-1523	7908
-7281	-40
-116	-40
11835	-8213
-4070	-2072
-5680	-7315
-7046	-12089
-5049	-3907
11722	2674
23334	9499
1493	-13203
-13499	-14055
3894	-15281
-116	1673
-1612	-1754
16695	15921
-14760	-3504
-1823	-2166
-1863	-7006
773	-40
8415	7337
13873	15500
-3124	-5236
-116	-4740
-1426	1120
16800	26500
-4491	-1810
3846	8123
2787	1776
741	-40
1776	-40
18247	27324
2916	-40
-3335	-7165
-4434	-5255
-6965	-13999
1606	-7146
-11663	16015
-6876	4079
15005	10023
-3884	-5508
17495	8582
2876	-16405
-4790	-7249
13752	7908
-116	-11621
-7224	-2812
-9577	-15731
-116	3760
1541	4182
8714	2403
-1685	8666
-3658	4650
-11971	-11705
-3884	-10891
10469	20125
-116	-6491
-6626	4285
16598	2234
1363	-40
8601	6148
7323	3751
17924	2703
-17316	-5489
11940	9434
1752	6035
5568	-8082
7266	5099
-4620	-26160
-1774	-3429
-116	-5218
-116	-3907
-2995	-5096
-6990	-9271
-15213	-24063
5576	10267
-6124	-1632
-2955	-40
-116	1532
-16054	1823
-2858	-4965
-1612	1710
10121	20321
-3141	6878
3183	4940
-11639	-10666
-7467	2703
2932	3433
-116	4331
-2914	1626
-12634	-2184
-8057	-7221
7566	-1482
1380	3489
3531	2122
3450	-8719
4250	-5892
-6925	-12969
-7208	3002
7169	7196
-1006	-2418
-9448	3180
3312	1654
-7434	-11172
-9335	-11893
-3132	-2016
-2267	-2184
39361	27933
-116	-12913
5867	5764
10946	22222
3522	5726
-12909	-12744
-8227	-8401
-1556	-3486
-1790	-3458
-116	-1810
2673	2328
-25200	-17950
2819	1710
-116	-2755
11180	1261
1452	3545
-3100	-3373
2795	-5405
13469	26847
-8364	-10498
5706	3451
3563	4612
-6796	13731
-22046	-9739
3328	-2774
1323	-4965
-13256	-4113
1517	-2222
-2801	-2353
-1556	3217
-116	-40
11156	9799
10048	8937
-6327	-7193
-10256	-7006
1372	-40
23164	3976
-29275	1392
-3585	-5143
1331	1738
-116	-5648
-4822	-3186
4743	4163
-9116	-2783
-9197	23710
-2292	-2269
-3076	-5676
1420	4023
-116	1691
11269	8694
-9852	-7989
21377	17073
2811	-5358
919	2160
-7709	-9795
-2874	-8747
13711	16389
-7378	-5648
2851	1738
3611	3058
2762	5605
-4742	1504
-5081	-12061
15264	19601
1590	-8625
-5583	-8335
19388	17092
25072	21155
-28281	-25383
-13928	-10254
-3521	-6528
-6367	-2840
-1604	-3458
1776	12682
3312	-4693
-116	-1613
-8955	-9374
-7645	-3458
-2817	-10011
-12238	-13241
-1572	-3682
8293	10173
1582	-5218
-12690	-3355
36773	33072
5997	-1557
-4847	-7371
4169	5539
-116	3395
-4410	-4272
-116	-1913
-8235	-10891
6563	-40
10008	2637
14754	10772
1380	-1744
-116	-6051
-1677	-3551
1380	5549
-2292	-8812
-22184	-24681
-4014	-7539
-8769	-4628
16897	-2559
16404	-24980
6539	8835
4299	9256
-8494	-10338
15547	14442
3005	-3954
17722	20893
5851	-40
5657	15669
-6456	-8120
7080	2319
-4887	-6809
4727	-17397
10460	12383
2851	-1819
-8518	-13493
1388	-1538
44172	8797
-4281	10810
1768	4650
4444	15060
10121	8076
6830	7037
-3335	-40
-3610	-40
1404	-40
-6763	-3121
-2089	-2025
-1192	-40
-15432	-19607
-4556	16221
10363	-40
-3294	-40
-2922	1588
-17486	-22715
14002	8685
10064	10810
-4006	2347
-10903	-20627
-116	3077
8520	3049
-7596	-4712
1388	-1566
14544	16595
5342	2468
9814	-9477
2035	-5199
5253	-40
-11696	-2418
11091	3292
-6747	-14607
-6820	-4347
-1685	-4366
6223	16127
4177	1738
-6432	-8232
-4677	-4740
4469	8825
1380	-5161
-3787	-4019
13873	12420
1460	-1819
-9917	11231
18029	-40
-9181	-3654
2932	1654
-1588	2384
-5073	11278
-1539	1813
12668	1280
4210	2394
-5389	-40
-116	-2774
-6998	-5077
-19774	-7277
-116	1251
-1588	-1763
-116	-2138
-8469	-3795
-28782	-11949
-11583	-8513
-116	8928
4113	-40
-116	-40
29382	25733
-9860	3854
-3060	-1707
10962	-40
-2704	-11724
-11890	-7408
9425	-4197
-1491	-6949
3110	10398
-5372	-7146
5924	-2259
2083	-1005
7331	40056
-15415	-12098
1291	-1763
-973	4631
-19717	-6875
-17429	-12173
-1620	-40
-22628	-13437
-11356	-7015
-16992	-22481
-11712	-18783
7347	9949
4194	9284
-15723	-18362
15215	-3055
-1677	-1810
-8203	-8466
7226	-1192
-1823	-6509
-10418	-13390
1024	11072
-1580	5511
-5615	-7389
32827	22269
-4523	8956
7517	-10629
9369	5726
-1572	-5517
-9949	-18146
-19305	-15871
1533	-40
-4855	-4150
9094	8685
-3601	-11228
1355	14358
-14065	-11312
27579	35619
6830	2113
-7580	7262
1485	2085
-4620	-2924
-15771	-40
-6472	-8962
-6060	-3879
3975	-2044
-2995	-7090
2989	-7408
27514	31752
-4062	-4852
4452	3489
-17364	12523
1307	13993
8285	9911
3183	1972
-1839	4097
9401	15032
-4305	-10610
-1709	4097
2593	-40
3272	11240
-1661	3348
-1766	17775
3603	-40
-12343	-13812
25088	18206
9110	5689
1638	11793
-116	1785
-4839	-6060
-11777	-11958
-8607	-2053
12708	-13699
8956	7580
-12238	-11864
-15140	-13222
1525	-40
6336	9574
2876	6972
-1305	-40
1954	2131
15094	14171
-1580	-6893
-7911	8797
-5696	-8869
-116	-5096
4315	11175
-6286	-2437
-2267	4612
8164	22905
-9666	-12342
-10693	-7839
-8866	-13100
-1928	3760
1339	1673
-5445	-21619
-7782	-11424
4638	7355
10671	4182
-12068	-4955
-6084	-3523
-1831	-40
15773	8273
-11211	19086
5188	7720
-11946	2356
-1725	-4843
14512	15079
-5696	-11612
-116	1691
2916	5623
5981	5024
-4887	-6163
-5752	-12529
-9391	1570
-14591	-12155
-6941	-4590
3021	-2643
-13297	-16770
-2777	-1726
9539	9181
1792	9705
-116	3695
-4402	-5255
-116	3414
-116	2656
-6294	1560
-10450	7374
-116	-2138
1525	2703
15716	1354
-6407	-3748
-3820	9340
-10046	-5208
19646	13010
-13523	-8906
-10410	-17613
26795	14330
12401	-1351
6296	17138
-6577	-2194
-3157	-1791
-19831	-28407
25865	9509
9029	5165
8698	-1763
-12367	-18221
-116	-40
16056	9574
-116	-1613
-6318	-40
-7960	-1435
-116	-40
25792	18093
-7572	-4890
-25361	-18399
-11243	-40
9514	14377
-2979	-11106
14447	21445
-12731	-7137
-8591	1476
-6504	10641
17447	12186
-5130	-9103
-7725	-12098
-2898	5314
-3965	2852
6611	8451
-116	-16199
2803	2721
-14744	-20084
4921	9696
8584	-40
-1612	-40
-8300	-14411
-2162	-2287
-3310	-6762
-116	7412
-28442	-34370
-116	2010
-116	-40
9086	3517
11754	-11705
-7539	-13550
-7079	-5311
-1596	-40
-5518	-7146
-1572	-40
-8550	7936
-1580	-40
4072	-40
-116	-2109
-116	3283
-6108	-1417
5981	2150
-2890	6756
1388	-9168
2900	-40
-5049	-4029
-11356	-19082
4743	-3448
-3415	-1164
-116	-2100
1485	-40
-5057	-6069
-1588	3714
3733	8226
-1903	-5414
-22523	-27199
-14178	-11883
-1653	-5349
3207	1673
9781	13441
-3990	-4918
2584	-40
-6019	-9515
-18957	-14392
-4507	-2765
-13167	-14664
773	4762
-1006	-40
-8469	-8382
12280	6269
17803	22016
33061	19282
15207	14526
-3820	1748
13024	9471
-7499	-7652
-5655	-2400
-4806	-18399
-12043	7552
-3060	-5105
-1814	-40
7436	1392
-11194	-7848
-8623	-8195
14722	9855
-116	-40
-6100	-10666
7477	15968
-1774	-2091
-4604	-12042
7105	21267
-16289	-15047
17123	9340
-1725	-4216
-5332	-5555
-6108	-8653
5487	-3832
-7410	-13868
-8672	-8410
-116	1832
-116	-23389
6466	-40
2180	1748
11204	10576
-2154	-9243
3029	-1641
5973	3086
4380	5361
14956	13628
19533	18168
3102	-4169
-9432	-7436
13913	17279
-1798	5745
-2267	-4684
7865	4060
-6957	-8372
-116	11147
7105	9818
-116	-40
16994	23626
16024	15519
-116	7964
-1693	4097
7234	12991
-36682	-22762
30288	2796
5342	-5686
2067	-2166
-1588	-5358
-20380	-23183
-3027	4977
-8583	-9992
-18229	-16499
14851	7964
-1677	3564
-7070	-40
-4685	-3392
-3205	3143
13121	12776
-1467	4837
5730	-6940
-7831	-6790
2787	4182
4307	-1782
-1499	3386
7266	14779
-3286	1626
17156	18533
-3221	1926
8051	1298
1533	-2634
-1143	-9749
15320	14302
8156	11315
-5300	-11555
4177	-1810
-1895	-40
-4620	-9299
2463	-2372
-16030	-27882
-116	-3813
1258	4163
-116	-1754
2649	11933
13355	12420
-1742	-5133
-5170	2703
-15229	-5629
-2882	-40
-1701	-6912
1784	2328
8690	1944
-19701	-7165
-116	-40
3272	6363
1841	6625
3248	4163
-8688	-8981
-4265	-1782
-116	1673
9296	-40
19485	9715
5423	2000
7404	-4075
-36019	-53553
3514	16240
-3650	-2905
2471	-2306
-116	-1782
-1920	-2512
-2761	-5601
1590	-40
-3982	-3074
5698	7393
3717	4397
-2162	4556
-116	4144
4743	-7184
-4928	-5498
-6173	-8859
-3690	-7015
17851	6194
-10483	-13793
-14615	-13025
-5025	1785
-7774	-1482
-11380	-6669
9822	13646
-11696	-22406
2916	14629
7889	6410
-1750	-8447
-3092	-3841
5851	6279
-22281	-17566
1444	-4113
36110	30554
1695	4200
5876	10164
-116	-9290
-3132	-11481
-4168	-6079
5051	4285
-7863	-1501
4064	-4150
-8105	8207
10404	19975
-116	-40
-116	4406
12781	-2531
-1507	-40
-7636	-14401
5520	3686
-13370	-4403
13283	2384
7105	-40
-2963	-1847
-3577	6747
-15424	-4328
-7790	-18773
-13952	-7071
4274	10641
1436	-1922
3102	-2194
-4992	-5040
1372	1701
-4628	-9075
-6415	-8850
1582	6447
7970	-3860
-4604	-3795
5876	-40
-1548	6887
24854	-1304
-1855	2028
-7984	-1314
-982	2225
-10224	-23061
7145	3573
-116	-40
15886	18065
-2000	-40
-1871	-40
-15836	-7839
-1806	-4010
1291	-7043
-6545	-14392
5463	3021
-1717	-12557
-2922	-40
-18399	-21601
22849	21379
-1192	-3149
25331	24534
15159	5520
5455	9827
-1725	-6641
-3011	-3598
-11777	-5424
3789	4884
6886	19572
1582	-4066
-116	17204
-4653	6597
-13402	-10629
9417	10005
-116	2028
13889	3199
4412	8638
7857	-1838
40921	8039
2746	7271
8657	-5208
-1604	6756
-116	-40
-4564	-5358
-7677	-5545
-7920	-24007
-116	1776
1428	-4075
-5089	-8157
-16119	-26843
-116	-40
16533	14864
4388	3807
3110	-1463
-10394	-10404
-24852	-30054
15021	15116
-6052	-5218
-3965	-7324
8487	-40
13743	10126
-1200	4388
3822	7571
13412	13946
4064	2375
-1588	-1763
-116	5492
9603	10679
-3254	4032
10574	1233
1598	-21975
-3957	-40
-116	-40
5738	-40
-12141	-6818
-10944	-9636
-15933	-21217
17010	19357
-3351	1963
-1499	-4881
10832	25367
-16895	-52953
-11599	-16321
20495	4275
-4620	-3907
-1491	9818
-21423	-14027
6725	4322
-10394	-14439
-5380	2384
-1079	-1145
-10119	-12875
-1030	3732
-116	1401
-1976	-4562
-4960	-40
-21205	-4263
-1079	-9515
27741	4659
-9731	-12464
5859	-40
-5526	-9758
8124	7252
2051	-2053
-5049	-40
-5106	-9477
-7580	-8635
-3084	3030
-1653	6372
5431	1832
3353	9134
6021	2394
1978	5062
1663	5193
-6747	-6453
19776	15753
4283	5446
-11105	-15216
22218	19797
