-11331	18944
7501	-5611
8498	-530
11990	3703
-7589	-9844
-730	-8997
2512	-8151
-231	1163
-4097	9630
2886	5397
-1603	316
3136	24024
-14199	12170
-11954	-10691
-13825	18097
1390	-8151
31320	-9844
7376	-4764
-8587	-4764
15357	-6457
7002	-8151
8124	316
13612	-530
-17441	-10691
-4596	-7304
-3100	10477
-1229	3703
-11954	-10691
8997	7937
-6093	-9844
6752	14710
2138	5397
-1603	-3917
-2227	7937
8997	-9844
7251	-8997
2637	-530
2388	-4764
-3100	-10691
-4097	-8997
3759	17251
9621	-7304
-5968	316
1764	-10691
2512	2010
-11455	5397
2762	-7304
6752	-3071
2263	10477
-5220	-9844
-4721	-9844
-2601	-8997
2762	10477
-8587	-9844
-15197	-9844
-2850	-4764
14235	16404
1889	-3917
3011	-10691
143	-5611
-4471	-10691
11367	-4764
-5968	-10691
-40139	-9844
4134	1163
5879	-10691
-15695	22331
-12578	-10691
13861	-6457
9371	-3917
2637	6243
16355	10477
-12952	-10691
-3100	-530
5755	19791
15981	11324
6877	18097
-231	-2224
13362	2010
2512	-5611
-8836	18097
-8961	-8151
-3224	316
-1728	-1377
7875	7937
6129	7937
-730	-4764
-9959	20637
7501	-8997
-2726	-1377
-7839	2010
-9709	7090
4009	13864
268	9630
6503	6243
7127	5397
-2726	-5611
-11206	-1377
3385	-3071
5131	-7304
-7839	-2224
-3100	2010
-5095	-10691
8374	6243
-8712	-8997
268	7090
4632	-6457
11616	-5611
-4846	-3917
9745	-8151
4632	14710
-16319	-10691
-40139	17251
-356	-3917
-12453	-8997
2637	7090
3635	-3071
268	2856
-3349	13864
-7465	-3071
4009	316
3510	1163
3884	-3917
25085	5397
-9834	-3917
7875	-6457
2263	-6457
-10458	-2224
5006	-4764
642	2010
7875	13017
-356	-7304
392	4550
143	-3071
5131	15557
-4721	-5611
26207	-7304
1140	-9844
-40139	-6457
268	-8151
-6716	-5611
-8213	-4764
-4347	-3071
12739	-4764
-11455	-10691
16854	-5611
1764	3703
-10582	-4764
-6217	-8151
-9834	-7304
-10208	1163
19598	7937
3635	-8997
-8836	-10691
1889	-7304
16729	-3917
2013	-2224
4632	7937
2886	-8151
-40139	29951
-2975	24871
4632	4550
-1229	-8997
-2102	-3917
-3973	-9844
8249	-9844
-3100	-3917
-1229	23178
-40139	-8151
-2102	16404
-1603	-2224
21718	-6457
1390	14710
-2227	-10691
8623	-8997
9247	-5611
-8462	-8151
-8462	-10691
-4222	23178
-2975	-9844
-14698	-5611
2388	3703
-11331	10477
-3100	-8997
-13825	-7304
2013	8783
-2601	1163
4383	-4764
766	-8997
-1229	-3917
4508	-10691
1265	-6457
3385	-7304
14235	-6457
3261	-8151
-2726	-1377
16355	-8151
-3599	2010
13861	9630
-5469	20637
13362	-9844
8997	7937
12739	-3917
13861	-530
4882	-7304
-8961	2010
2013	-2224
1390	-8151
-7215	-8997
268	-5611
2886	-4764
-2850	-8997
-10707	20637
-6342	-530
-5469	27411
-6592	-1377
11616	-9844
-5719	5397
-5719	-5611
-10333	-5611
-10458	22331
8873	-5611
11242	3703
-10208	-8997
268	-5611
6378	5397
7002	6243
7750	-4764
-11081	-1377
-12204	-9844
-6966	27411
6877	15557
-7215	-4764
-6716	7937
-4097	-5611
-11081	16404
1764	-8997
-2726	-9844
-2975	-2224
-9959	-9844
-9709	-8151
5755	-2224
-3599	7090
7875	2856
-231	7090
3136	7090
-2102	-530
392	-6457
13861	6243
-6966	-8151
11367	-4764
3385	-7304
3011	-1377
2263	7937
891	24871
517	6243
-5220	-3917
4383	-9844
13861	-2224
1764	316
-7963	-5611
-4471	-6457
-9210	16404
-4721	-9844
6004	-2224
4882	13864
3385	6243
1390	15557
-13825	-6457
-3100	-3071
-8213	-3917
-4721	2010
1764	7937
-40139	-7304
891	-8997
268	-5611
18226	9630
4134	11324
-4721	316
10868	11324
3510	7937
5755	3703
13362	-3071
-5843	-9844
17353	10477
4009	-4764
-7714	14710
12988	-8151
1140	-4764
-4347	-9844
-3973	-9844
8124	-7304
-2601	-8997
7376	-3071
-5843	-2224
6877	-3917
766	6243
33939	-7304
13362	-10691
2013	17251
-8961	-5611
7251	316
5256	2010
2388	-6457
-13949	-10691
6877	-5611
891	4550
-8462	-10691
-16070	-3071
8997	-3071
-5719	9630
43542	-6457
766	9630
-5843	-4764
-12578	2856
-5220	24871
7501	5397
-15695	-7304
-9460	-10691
-11206	-9844
-5344	24024
-5719	-3917
-5594	-7304
-2227	2010
1390	-530
-8712	2856
-9335	-10691
-730	-4764
-11580	-8997
-3100	-530
6628	19791
14110	-10691
6752	14710
4134	-8151
268	-9844
-1229	-3917
12614	-8151
-3599	4550
-9709	-3071
4882	-530
-7589	28258
-4347	-7304
-2601	-9844
9621	6243
-7839	4550
-15820	-4764
766	7090
17478	10477
6129	18944
2512	9630
766	9630
14734	7937
5381	-3917
-12952	-6457
-2102	-6457
13237	-8151
-4347	-9844
-9335	4550
-730	3703
2886	2856
5505	10477
7875	28258
18	-9844
22217	2010
5381	2856
-9335	-10691
-13077	28258
16355	-6457
5505	-10691
-1603	-8151
-1603	9630
3136	-9844
-8712	-10691
-5594	-10691
-2102	-7304
-12827	-7304
-5344	-2224
20720	2856
-730	-8151
-2601	11324
9496	6243
-5719	8783
-6716	29951
-2227	-8997
-1104	2856
7625	4550
-4347	15557
10743	9630
2263	-3071
1390	-8997
-10083	-8997
-7465	6243
-9335	-9844
-730	27411
8498	14710
12364	-6457
-17441	-10691
-4097	-7304
-2476	-8151
-4347	-8997
-2227	3703
1265	-10691
-7714	-7304
-231	20637
8748	26564
-40139	-9844
9870	-4764
10868	-1377
-15321	-4764
-3973	-1377
1265	-10691
14983	-2224
-4596	2856
-6966	-5611
-1728	-9844
3011	-10691
-14698	-9844
2512	-530
-3723	-10691
6254	-9844
-4596	-9844
766	9630
-8338	2856
5505	-7304
891	-4764
6752	-8151
-2726	13017
12364	-10691
4258	29104
-4846	7090
-12453	19791
6254	-4764
-11206	-10691
-2102	4550
2013	-5611
-730	-7304
6628	-6457
11367	-3917
-12328	-8151
3510	-3917
-1728	-10691
-231	4550
2263	-7304
1764	13864
-7465	-8997
-15820	-7304
7002	-9844
2762	8783
14859	-8997
5505	9630
-6966	-2224
-8213	-8151
-10208	-530
1390	-8997
1639	7090
-3224	-2224
1265	-9844
-1229	7090
2637	-8151
10993	2856
3884	12170
13986	7090
-2227	11324
-9460	-2224
1265	-7304
5879	-4764
17852	20637
6254	9630
-11829	12170
-6467	2010
14110	-8997
-1229	-8151
-2601	21484
8124	7090
21344	-5611
2512	22331
-7589	-9844
891	-2224
3385	18944
891	-3071
-40139	-10691
766	13864
-5469	-9844
-4721	-3917
-2850	13864
-2726	10477
-9834	13864
1889	26564
-7839	4550
-3973	-3917
-7215	-10691
4757	-7304
9496	-4764
14734	-9844
-2850	-2224
-9460	316
-9959	18097
-1229	7090
12614	12170
9745	-9844
-2351	16404
642	9630
-5719	13017
6503	-8151
18226	-2224
12739	-9844
16605	-8997
1390	3703
-4097	-8151
7750	-7304
10618	-10691
12240	-7304
20096	-1377
-12204	-5611
8498	-4764
-17192	-5611
5755	-8151
16979	-2224
18101	7090
-9210	-10691
-8213	-9844
-7340	-8151
-231	-530
-231	7090
-10707	-6457
16729	3703
-5220	-5611
-8961	-7304
16480	17251
-7090	24024
-8961	25718
10369	-8151
-1728	2010
6254	-8151
-15695	32491
-3349	-9844
12614	8783
12489	-3917
