-6589	-7740
-793	152
1048	1959
-2946	-3081
2977	2364
1301	5870
-3949	-4772
-5878	-6657
14666	21778
8617	12071
-6940	-7358
-4446	-4803
-3150	-3393
-6229	-6836
-4485	-5808
-6131	-7436
17296	26663
-5498	-5356
-3501	-4203
5470	6041
-4076	-5021
-6930	-7499
-6141	-6860
36028	50549
3785	11066
-2050	-3323
-24	1757
-3540	-5208
-6930	-7888
2831	2762
3230	3977
-6005	-6743
-6599	-7561
-4271	-5894
17267	21778
-5449	-6743
10068	10092
-5858	-7273
-2722	409
-6492	-7857
-6686	-7109
22342	26328
4876	3050
-1007	-1897
9454	20937
415	2216
3805	5418
8656	9376
-5985	-5652
7721	7132
-959	-1913
1847	1912
-6082	-6392
60488	6415
6581	9041
1701	20134
4370	1975
785	1601
-4202	-5200
425	4055
16916	22627
6016	15670
14705	22994
-3423	-5792
-2215	-3307
21660	18935
-6121	-7054
6552	6914
415	-3954
53893	6556
4058	6556
-1261	13964
8344	12079
6756	6672
-6550	-7724
-6453	-7841
62299	51889
-5469	-5590
-53	6252
-6872	-7506
-6365	-7623
-6774	-8457
-5527	-6836
5519	3073
-3228	-5169
5792	3424
-6725	-7257
6561	6649
1652	3112
5402	378
-5011	-6268
-6121	-7553
-5654	-6774
-5518	-6704
14267	23905
1155	-300
843	2411
3405	2933
-6277	-8332
4798	-1702
-5946	-6860
-744	58
-2712	-3128
-4125	-2746
-6170	-7171
-5975	-7693
-5615	-5761
-6686	-7101
-6199	-6595
-6404	-6977
-696	-2988
-5703	-6353
-1154	-1414
-4417	-5309
-5936	-6213
15669	22659
-6862	-7047
6951	6205
571	1897
-3248	-4694
19137	33667
5558	5262
-6940	-7763
-1446	-1165
-2498	-2466
-6667	-6774
2295	13902
-5284	-6610
-5712	-7047
-6745	-7421
-5254	-6571
2850	2201
-4300	-5691
4681	5395
5685	3369
-6287	-7195
-4563	-5605
-4261	-4468
6279	6641
-6063	-7966
3600	5558
-4816	-6252
5987	5940
5149	6275
-4183	-5715
-6511	-6860
-6394	-7499
-6443	-7031
-608	43
6815	7896
-3180	-5356
-6063	-7779
-6219	-8091
-5011	-6338
6785	11144
4155	6774
-374	13146
-6881	-7428
-6949	-7179
54	-261
14140	20586
7487	1320
-5615	-5761
-6044	-6977
-6833	-7888
4564	7927
12727	14003
-3297	-4748
-647	-191
2100	658
-5917	-6447
13633	12998
-5216	-6400
-1251	1679
-6570	-7763
-6297	-7686
93	1842
-2917	-4071
-3988	-5535
-5751	-7475
2967	2528
1662	3128
-6345	-7740
-6881	-7569
610	1351
-5576	-6875
-1689	-1391
6649	15304
-5781	-5831
-5469	-6369
4925	8456
-4797	-5450
2266	5886
3318	2839
18027	23648
-6453	-7561
-1777	-1438
1126	822
-4485	-6065
-5839	-7179
63079	69184
3288	5309
3006	2980
123	3478
-3121	-5021
3162	1686
6707	8495
-6862	-7639
-6034	-7880
-5966	-6961
9961	14229
-365	-2146
53815	13185
-5771	-7086
5694	10895
-4504	-5574
12075	8417
-5693	-7023
3639	5940
8052	9796
-6677	-7576
-4787	-5543
2860	14572
-5664	-6719
-6511	-8137
-5420	-5847
-6453	-7880
-3219	-4764
-6842	-7584
-6268	-7670
-6969	-7795
10935	17112
-6813	-8504
-6355	-7008
-1991	-2996
-6209	-7615
-3374	-4499
-6764	-7841
-4553	-5691
-5897	-7717
-6862	-7382
-6570	-7989
-4943	-6244
-5927	-7023
7292	6602
-2030	-3323
-6268	-7054
-3511	-4647
-6238	-6151
-6453	-6166
-24	-1866
-6024	-6018
-5693	-5746
-5975	-6088
15348	22339
-6160	-7351
-4543	-5107
-6102	-7397
152	-830
-4125	-5099
-6316	-7164
376	-4554
-6121	-8161
804	4943
2704	1453
2236	6127
-6949	-7273
1701	8971
1593	5332
-5352	-6244
-248	-993
-2059	-3074
3639	1211
-6550	-7569
1642	24918
-6053	-7312
4935	4772
-6813	-7943
-6755	-7125
-6774	-7732
-4349	-6821
-4797	-5831
-4797	-6088
9708	9391
-6492	-7405
7974	7670
2538	-6805
-5673	-6353
-4212	-5676
-1816	-1874
3113	3837
-2147	-3331
3863	5083
-6560	-6431
-4563	-6003
-3774	-5239
-2673	-3868
5587	5706
22089	32560
2022	8815
-3433	-4382
-6969	-7802
-6979	-7841
-5225	-5933
7711	10326
6795	8153
-2089	-4982
-6852	-7950
-5313	-5411
-5391	-6969
-3297	-5286
6	370
-3910	-2941
4886	9796
-6881	-7966
-6803	-7374
-813	3128
-4875	-6135
-6677	-7896
-6121	-5574
-6092	-6447
-5069	-5076
-4446	-5863
24280	29615
-6550	-7911
-355	510
-6287	-7436
-2322	-3471
3727	10521
-6784	-7748
-6044	-6408
-5917	-7841
10468	2255
1428	3174
-6521	-6447
-6365	-6198
4759	8791
-6852	-7779
35	-3167
-6531	-7545
-1124	-3728
3142	7989
-4699	-6050
-5186	-6244
-6872	-7467
3483	2785
-6823	-8075
3542	3174
1584	37507
-3511	-5933
-4407	-4897
1749	82
-6959	-7428
-3920	-4694
-5673	-6501
-6881	-7483
2577	1258
-1563	-5146
7350	12352
-6112	-6431
27134	30667
-6872	-7771
-6813	-7818
33904	19379
-4787	-5302
-3170	-5528
-5888	-7335
3795	8589
-6297	-6564
3298	3393
-4553	-5528
14841	21576
-6365	-7538
19946	30667
3775	10053
-6920	-7779
-2332	-2855
-5595	-5543
-4105	-5512
1486	-1032
-4212	-7257
4672	2489
-6199	-7164
18017	21778
-6803	-7086
-3959	-7327
-6482	-7763
5821	3735
-6881	-7787
-3949	-4998
-6307	-7701
-6677	-7195
746	-752
-6764	-7763
600	6929
1253	4351
-1582	-1882
-6881	-7701
-5264	-5559
-2098	-1469
-199	-690
-5732	-7826
132	4070
4097	7553
5811	3198
-5790	-6385
7438	7303
-3219	-5598
-5069	-6260
2986	5776
-520	-1702
-4563	-5738
3386	6898
-6063	-6065
-949	2115
33466	32599
629	-1157
7789	1359
1243	3361
-5040	-6057
-5644	-6135
-1504	-1687
2100	24817
-5157	-4710
-6833	-7569
24826	50767
-6930	-7802
-1991	-3229
-5099	-7592
24446	27450
-2332	-3603
-6940	-7748
4204	4717
-6443	-7265
-6891	-7919
-2887	1048
-4728	-6073
18835	24731
-6988	-7818
-5742	-7047
-5167	-6517
-5430	-5676
4340	8503
-5956	-7771
-6404	-7249
-5956	-6649
-6044	-7865
-4212	-5442
6162	4421
20345	30098
-4875	-6556
7643	19246
-2196	-3510
12971	27948
3025	10272
1272	5543
-5927	-6244
1408	17548
-6570	-8441
454	-1212
3483	5122
-6940	-8659
-5440	-5863
-5703	-7615
-238	674
-3472	-4959
-3258	-3338
4428	2099
6727	8082
-2371	-6065
337	-1648
-5556	-7070
-6696	-6314
1516	2193
51945	57225
-4212	-5644
-6667	-7989
-696	3284
-6277	-7436
-5206	-5317
-6901	-7678
-1202	-853
1964	1538
2314	1414
25800	28213
-3092	-4577
1876	12391
-6842	-8223
-4914	-5621
-6813	-7171
70725	67664
8510	9017
-6628	-8075
-6092	-6688
-6881	-7686
6104	6104
-423	13832
-2089	-2318
580	2060
-3969	-4912
-3189	-4149
-628	681
-2206	-3081
10312	20571
3873	9532
-5508	-5567
1467	3985
-4553	-6657
-725	-3370
1330	25502
-3560	-4748
6503	10248
9708	7709
-5128	-6314
2363	6883
1087	4195
6094	3206
-6677	-7717
-5138	-6322
4321	7109
-1533	-1321
86155	5122
2558	939
7321	8355
-6248	-7382
-6794	-7865
-6949	-7802
-5849	-7101
220	2536
2587	-1461
-4777	-6416
-6472	-7031
-3384	-35
5013	5395
79025	21248
-4982	-6571
-6297	-5901
-5342	-6587
-6462	-8052
1350	4514
-4290	-5270
-6462	-7023
10740	5239
-4183	-5115
-2020	1499
-6852	-7467
1330	4779
58978	26982
12533	13598
3288	7023
863	4904
-6677	-7101
-6998	-7880
-6784	-7678
5607	4187
-5556	-7506
28527	24980
-6521	-7016
-1650	-1547
-6988	-7748
-6920	-7880
54	300
-2410	-3985
-3297	-3658
-5235	-6564
-5878	-6182
-6141	-6797
1087	-401
-4105	-7670
-5829	-7351
-24	-1663
132	-121
13536	10646
-6501	-7070
-5664	-5831
-6628	-7810
-5800	-7117
-3482	-1601
-6199	-7389
463	-355
7604	541
3834	7210
6483	6844
3542	-129
-6131	-7997
-4105	-4912
1954	-931
6094	7335
6591	10381
-5946	-7405
-4183	-4452
-6365	-7428
-6423	-7576
1516	8784
814	720
-6345	-7319
-4465	-5535
3707	7226
2382	3206
-6336	-7234
-4582	-6143
-6638	-7834
-3706	-5278
2158	2590
-3560	-4967
-3599	-5045
-5985	-6603
2256	549
-6638	-6073
-4514	-6065
-6540	-7841
-5771	-4001
-6930	-7896
13633	19862
-4524	-5824
7302	8885
-5673	-7241
-4436	-5341
-3764	-5130
-6521	-7693
-2868	-4273
-5595	-6618
-4251	-4297
-7018	-7849
-813	14299
-5449	-5769
3892	2933
-4933	-6018
-6930	-7779
-6005	-7093
-2147	-3354
931	1671
-1748	-1562
-6881	-7857
-5040	-6346
-852	-2637
-6014	-6385
2772	1975
10584	17867
-6988	-7818
-5800	-6688
132	5660
41113	36471
-5186	-6198
-4358	-5224
-6199	-6790
-6696	-7615
-2936	-4585
-540	5247
-2430	-3533
84791	6275
-6209	-6236
4370	3003
2100	1375
-4456	-5886
-1085	-2606
4487	6119
6737	6509
4214	4810
3736	7747
-2878	-3307
-2478	-4585
-6677	-7810
2412	2388
-6345	-7538
17423	24326
21718	35053
5461	15016
-4086	-4343
-6667	-7569
-3034	-3307
-5518	-6774
-6443	-7927
2451	-1258
-4904	-6120
-6219	-6151
1418	3673
9377	8121
2227	8916
-5576	-6221
2217	9687
15250	21607
-4290	-5395
5714	7148
-4475	-5333
-6667	-7584
-5800	-6743
8471	14120
-4047	-8589
590	11869
-6677	-6797
-6901	-7273
-6511	-6462
-6453	-7343
-5595	-7008
-5186	-6914
-842	14050
-6151	-7366
5461	8340
-5518	-7483
84	-199
3094	17649
-6297	-7561
3951	4694
12786	10505
-6297	-6719
-6979	-7826
-6803	-7467
-6979	-7880
-4767	-5567
-5966	-6642
6435	4164
6240	9874
32005	32467
-1066	744
-4845	-6486
12386	23671
-6881	-8589
921	2240
3084	3860
-2810	-3993
-6034	-5956
-6316	-7358
191	-129
-4836	-5387
-5946	-7054
-4621	-5411
892	4787
2811	105
1788	3213
-6910	-7740
-501	-12
-2322	-2193
-5576	-6431
-6618	-7460
3025	3883
-5401	-5551
-4670	-5816
-676	-1391
-5440	-6649
1457	4421
5879	5987
-5722	-6338
-5722	-6166
-5586	-6026
-6540	-8075
6912	7335
-5323	-6813
5967	-1952
-1699	-3253
-6034	-7530
1243	12741
-1563	-2333
53045	29538
-5245	-6610
-861	-955
-2225	-3502
736	136
8587	30137
7428	9204
4711	4787
-6901	-7771
-4933	-5668
1311	7670
-949	432
8831	8464
-6881	-7904
-511	-2357
14705	24240
1516	2606
249	2271
4457	-2193
649	1219
-715	-510
-7018	-6953
-1465	-2777
-6307	-6182
2714	-1360
1282	2606
3386	4265
-6053	-7974
-5196	-6151
7360	7007
-5001	-6377
-803	557
-2771	-3214
-5927	-6938
-2215	-3307
-6589	-7117
-4953	-6346
-287	-573
-6608	-7802
-998	-456
-6901	-8613
-4271	-4842
11734	14066
-6862	-7841
-5888	-7686
-6998	-7826
-5683	-6657
10789	13668
9045	9867
65748	67898
-3423	-4133
1642	3019
2061	5878
-5966	-6844
269	1476
69771	-4055
-5001	-5722
-6423	-7499
-5186	-6392
-2936	-3993
-6618	-7522
-1962	-3183
8100	21583
-5206	-5418
4253	14471
-6949	-7413
22050	27870
1779	3985
1720	2107
31732	28174
4262	12134
5353	8877
-6784	-7483
-1007	432
-6998	-7872
-3326	-3588
-1777	-1406
-5469	-7086
12143	24770
23004	46607
5129	8558
-910	674
-4953	-6322
-6131	-7265
4126	3922
-6092	-6610
29014	36962
-6199	-7164
3795	3626
15971	22620
-5508	-6081
9980	22401
1272	-2030
-6852	-7374
4350	1733
-5089	-5940
30378	28057
-5625	-5403
249	82
-6589	-7203
-6813	-6969
-6988	-7802
2129	-2154
-5927	-6299
-1397	-1032
-6073	-7327
-5849	-7615
-5985	-6369
-5907	-7117
-5897	-6665
-725	-1165
-744	-285
-2634	-2832
-3092	-2793
-5440	-5146
-6560	-7935
-267	884
4331	5870
-4378	-5886
-6550	-7608
-5342	-6470
-5547	-6377
-5196	-5403
-2887	-3798
-6901	-7467
-6998	-7880
7691	-4312
-6891	-7779
-6229	-6681
-6160	-6883
15874	26429
6	-1180
-6511	-7950
-6112	-7351
-6258	-6595
1369	-152
5139	14182
-6258	-8309
-4222	-5746
-6073	-7958
12464	13388
5616	7428
74	962
-4232	-5730
90363	30418
-82	-3253
-3832	-5621
-4193	-5582
-5069	-6291
3016	1827
4545	6182
-1261	-2918
-6891	-7795
55169	14556
-6102	-6509
-2293	-2520
-5245	-5917
1564	907
-6151	-8075
1447	-1064
-5888	-5567
10545	14619
5879	6906
-2995	-5380
317	1842
-491	970
-5966	-7280
-6063	-8184
5013	5348
-1943	-4842
7224	12391
-6745	-6751
-6540	-7576
-5576	-7218
-6472	-7849
-978	245
-715	837
1603	-2076
-4329	-5761
-6959	-7491
3415	-845
-4690	-5660
1379	18202
-6959	-7460
1564	1546
-3832	-5169
-6190	-6688
-2556	-3206
8656	5730
-6872	-8145
8519	1203
-248	1422
-4095	-4982
-6638	-7608
-628	-1266
2753	3891
15543	23001
-5634	-6268
1340	-1500
-5537	-6829
-1582	-1593
-2040	-5341
18066	22877
-6472	-8324
-3793	-2115
-2780	-1180
-5810	-7210
-5128	-6299
-1163	-1983
11997	19612
2314	-246
-3511	-4546
-374	845
3298	4024
-783	-596
395	8480
-618	845
1116	-620
6873	6641
-2926	-3253
1447	39580
-6852	-7756
-4621	-5582
-6764	-8441
-852	-2520
-6014	-6322
-2303	-2061
-6881	-7436
4370	4600
2928	4156
-6833	-7615
-2907	-5200
-6102	-7530
-6238	-7226
-6628	-7919
1467	8581
-2342	-3447
-5040	-6026
-6073	-6735
-6014	-7312
12513	10396
5227	5293
-199	-98
-2741	-5535
-6823	-8044
12046	21132
-6365	-6416
1895	3541
-2089	-1866
-6462	-7008
3999	1780
-6969	-7888
-6969	-7795
-2108	-2076
2421	1702
13779	15398
1379	3237
10653	10420
-4855	-6174
-6414	-7545
580	1593
-6696	-7553
-2147	-2217
-744	-1266
-6238	-6712
-6842	-7140
-4806	-5699
-6901	-7779
-6755	-7171
4827	6571
62533	53852
-6677	-7545
11432	14338
2032	12048
1691	-4
12913	21802
-6482	-7857
2947	-362
9688	1165
35	5200
6532	4429
152	-4328
22848	28011
-6988	-7787
3171	2567
-6842	-7623
-5917	-6657
-6209	-6595
-1991	-3440
-6209	-6618
3727	5925
-6521	-7958
-1835	-1998
-3725	-5255
-3316	-4234
-6326	-6992
-3939	-4733
16897	24162
-5488	-6299
-6920	-7826
-1105	-2388
-4972	-6392
-6725	-7553
-5878	-6852
-2157	-3564
18036	23812
356	7467
-4495	-5715
-6842	-7841
4993	3486
-4095	-5387
7058	5418
-1533	12687
-2741	-1726
93	8838
-4319	-6587
-2546	-3214
37333	39206
-3150	-3167
1779	1523
-6969	-7483
4876	5239
12864	22300
-5664	-6805
-2517	-2848
12396	8005
697	2099
3464	1468
-5858	-7280
-355	1951
-6891	-7483
2947	-3899
8802	9313
-6462	-6790
-5868	-5917
-6540	-6494
-5147	-6112
4019	1562
-6969	-7865
-5829	-6073
-6141	-8200
5373	7966
-5186	-6501
989	1515
-6667	-7576
-6034	-7319
6737	5901
-3735	-5216
-6287	-5940
-2585	-3424
-3413	-5076
-5420	-6930
-4553	-6034
-3579	-4834
66654	7662
-3462	-2926
-5975	-6556
3240	3174
6172	3595
1535	705
-5440	-6719
-5644	-6751
-4602	-5940
-6910	-7880
10945	20345
-4173	-4912
-6969	-7795
-5479	-5302
-6579	-8519
12796	16278
-1748	-1710
7545	5231
-5332	-6439
-6677	-7522
3220	2606
-530	845
6776	10840
-6881	-7795
-3774	-4912
-6540	-6470
15474	22246
-6901	-7171
3814	3922
3483	14712
3775	3471
-1027	-1087
-2732	-2793
-3150	-2879
-53	-3245
-3959	-4748
-6872	-7943
4896	7522
-6238	-6377
-6570	-6112
-6482	-7086
-6570	-6603
-296	7015
-6355	-7093
-5274	-6790
-6647	-6174
6678	8854
5509	8028
-5459	-5442
-1465	198
6396	8682
23978	28611
-6102	-5956
8899	10661
-6384	-7374
-559	1001
-3267	-4647
1545	35240
7409	12359
2558	3673
-4524	-5847
-6706	-7818
-5264	-5668
7477	9828
8597	5683
15348	25183
3707	9757
5383	4530
-4251	-6057
-5849	-7662
-6784	-7436
1817	253
-5293	-5294
-2605	-3050
-4154	-6400
2577	7802
20803	31220
3697	2512
-199	12578
1457	3455
33106	27426
-326	572
-82	-3338
-6881	-7880
-6073	-6758
-1339	-1266
-6307	-7460
11110	10264
1350	3416
-6774	-7421
5909	3556
-6998	-7841
3103	5434
-6024	-6494
-1533	-1406
-2352	-3455
-6141	-7109
-6686	-7460
-6121	-8013
444	3595
-3696	-5925
1282	-1702
-6550	-7935
6045	6602
-6160	-5738
10584	11113
2217	1281
8753	5107
1730	97
-374	487
-209	1390
-5430	-5309
1710	-2084
11734	5675
-6579	-8504
-637	-892
10214	9656
-5654	-6314
-5040	-4460
-3287	-3993
-5459	-5644
4633	12585
-6384	-6696
-2887	-3120
-4436	-6868
7272	-4211
-6891	-8130
-6784	-7763
-6988	-7795
-5459	-6579
-24	-4367
6600	7896
-1436	-2645
12085	24520
3951	2419
-5878	-6657
3269	7467
-6959	-7366
-2498	-3105
11705	22947
-5030	-4655
4701	8012
2636	5200
-228	1484
-6881	-7919
-5693	-6299
-6764	-7849
-6326	-7421
-6901	-8161
1301	3899
-5995	-6626
-5245	-5270
4272	7732
-6531	-7101
6561	6298
-5732	-6587
12065	13255
2421	5395
7711	9384
-5595	-6657
4185	7070
13536	10350
-3852	-4663
4185	7864
-3345	-4569
-5654	-7569
-3511	-5021
-6891	-7506
9250	10942
-2810	-5239
-6803	-7460
14734	21365
-189	-814
-6345	-6969
-5381	-5278
-6414	-7210
-6833	-7421
-3111	-5270
-4076	-5216
5889	8675
12270	14915
-1105	-1430
-647	-978
-5664	-6938
-4845	-5395
14481	10131
1983	245
2918	1118
12659	11838
-1982	-4055
93	2941
-2030	-1578
-4758	-5504
-5225	-6439
-6433	-7210
-2761	-3424
-6833	-7475
2421	10443
1223	2886
1944	-768
1175	1507
-6716	-8067
-2186	1032
2275	8581
-6803	-7584
-6199	-7382
-6160	-7576
-6764	-7787
-1943	635
834	-378
8422	11230
-3988	-7164
9094	11004
1165	10100
3434	6548
4613	9158
-6872	-7950
12698	24411
-6910	-7389
1788	6345
2129	11300
-5274	-5551
-6842	-7724
4837	-682
-6686	-8566
-1641	-2201
-3063	-3930
-2780	-3362
4292	6119
-6550	-7405
-5245	-6003
26735	18787
6902	6478
9941	1554
-5927	-7210
15669	27956
8967	6205
2275	2598
-6394	-7187
-3696	-4842
-6891	-7241
-2624	-5060
-6852	-7491
-3452	-5263
-3628	-4452
-6297	-6977
2860	2115
19653	24700
5431	5473
843	2411
4350	4351
-5781	-6579
8870	13201
1214	-1928
-6988	-7662
-6930	-7467
-6336	-8184
-4066	-4990
-6667	-7989
-4407	-4889
1379	22028
-4504	-5411
3824	-1593
2051	705
-355	43
-4465	-6003
-6657	-7865
-4105	-4359
-6910	-7499
-2546	-5208
-6336	-6969
-6638	-7475
11588	13528
-6248	-7538
-6443	-8371
4301	7763
-2176	-3206
2733	1967
-5664	-6844
-6570	-7935
-5274	-6447
-1660	-3307
162	588
-5206	-6455
-6657	-7218
-4914	-5115
6571	-2076
-6833	-6875
-248	5301
-998	-2326
-6677	-7608
-803	-2310
-5254	-6470
-4631	-5457
473	6049
-3336	-1882
-316	5551
-6599	-7000
-6842	-7413
-6063	-7109
14072	19659
-2030	-1056
-6453	-7195
-6930	-7397
-6589	-6727
-5907	-6283
-3715	-5567
12046	17338
-6706	-7748
-5761	-7732
2967	10996
746	-1718
-5216	-6805
444	2045
-6560	-7561
5100	12983
-1933	-2793
8558	9485
-6180	-7483
-6053	-8285
1759	1897
30466	33285
-6686	-7093
6620	10630
1369	-207
1506	12040
6328	6104
-6024	-7000
970	23071
-5371	-5574
-822	160
-4465	-5535
-4125	-4920
-5800	-7312
-4524	-5403
-6550	-7351
-5868	-7117
-5401	-6135
2996	2520
11130	18958
-2410	-2435
-6881	-7950
1866	2481
-6949	-7327
3357	2107
-5595	-6813
-4388	-4928
-2985	-4320
6376	7381
-6531	-7553
629	7662
18903	28447
-2936	-3720
-6881	-7943
-6940	-7826
-5186	-6112
-5995	-7444
-5781	-6774
-5664	-7195
-5897	-6486
-6501	-6673
6532	15437
-5790	-6727
-6209	-6447
-6453	-7818
6	-12
-6453	-7631
-4319	-4834
-5625	-6571
-5332	-6875
9377	10030
-4914	-5543
8334	10092
3094	339
-6959	-7499
-6151	-7047
-6725	-6439
-5469	-6151
4993	6571
-4456	-5208
-2283	-3650
21241	26811
4613	-775
3376	1538
-6453	-7210
-6910	-7943
-3345	-4772
10214	7576
-6949	-7428
-4582	-5442
-4875	-6042
2003	736
-6784	-6821
-2546	-4398
2227	4904
-3871	-4904
6698	6953
-5644	-6353
-6969	-7802
3912	6353
7058	4452
21465	31306
415	5628
-6170	-7966
-6307	-7428
4564	9376
1253	2356
493	1367
-6199	-8130
-4524	-4079
7779	6633
-540	-339
220	1383
-6472	-7849
13526	22939
3590	6571
-1231	-2271
-4738	-6634
-2829	-2754
-6579	-8106
-852	-1718
-4553	-4865
-6881	-7538
7292	12461
6318	6563
-6570	-7872
3035	7093
-6599	-8028
-6005	-6361
1886	8176
-3784	-4702
2080	962
26326	27348
-4290	-5029
7886	8869
249	27
-598	1344
-3618	-4024
6961	11954
1116	-2676
5256	5901
3230	5558
3035	9539
-6881	-7740
-6180	-7405
-3073	-4227
1516	5449
-6258	-7499
-6248	-6914
1408	604
-5888	-6182
-6277	-8145
-1358	-3128
1311	-2006
-2196	-3346
-5790	-7132
-6872	-7911
-306	14362
-1592	-3081
-6842	-7600
8685	2232
-5177	-5504
-1572	-175
-6082	-7499
1408	362
26326	30605
-5001	-4686
-3287	-4585
