212	-14057
12513	-8181
-12206	-10419
120	5343
-1474	13271
-3488	2545
-11045	1146
-12788	4877
-17485	10240
-5814	21665
4455	10240
-7919	-11445
12537	-10279
-15731	10240
-9918	-3004
-2052	10240
-9320	4877
-9133	-766
-8179	6369
-12846	1939
-10322	4877
-15659	11405
5139	-1186
-19580	10240
-1349	-12564
4455	4877
-8502	-16435
-2900	-10839
-14580	4877
14623	-17834
12754	3944
-2861	6742
21400	-3984
12065	-7808
1117	-4310
366	-8274
-1445	-2352
4710	2825
-1701	21665
-2365	-1652
-16733	4877
-8959	-16528
-13636	7208
8997	21665
2947	6369
18601	-9720
-4928	4877
8747	4877
-8579	4877
-13718	1939
14184	13271
5211	-10419
24810	-7761
7075	-10326
-468	7208
-2433	1939
-11445	-8274
-5934	8607
27478	-17041
-2389	15416
15581	3478
-3815	-10419
10408	21665
-10761	-12098
-2221	8001
-1657	10240
-2717	18400
5934	-3517
12475	-3144
-3497	6742
-4172	-25622
-5462	1146
21207	-7761
11463	21665
-8935	-9067
-14686	2079
3646	-10932
1883	1612
-10650	1939
13183	9074
27989	-16622
-8068	-6269
-6204	13271
17975	4410
17850	-1652
-1026	-766
-1050	-580
5847	-25622
-3338	73
-10163	-1652
8477	-12471
8371	-3098
881	2079
-10163	-1605
-4976	7628
4465	-5290
240	-6315
-10876	-27860
-8107	1612
240	-6549
-10867	73
-3733	4270
3275	-8181
-1937	9773
2023	4877
17551	-13077
-2958	4877
-5886	-1652
-1204	-16528
-7293	-10279
3805	-16435
-15987	7675
-2645	6509
11526	8607
1228	-17181
-11228	1939
10692	-7808
1531	-10512
-7813	14670
-2760	2079
-6561	-9113
2003	21665
-8815	4410
-17441	4877
1271	4877
-1831	-8181
16193	-12844
11059	21665
-6296	4877
-8391	11405
6179	6229
-8863	1939
-9576	9540
-521	21665
1652	4877
-6869	680
3959	-10373
-5053	5343
2104	-6129
2769	-9067
8848	-11025
18495	-12844
-4851	4877
-53	-8181
-1373	4877
2986	-6176
-16550	4877
6165	-1186
732	13271
6796	-6782
-3401	21665
-1349	4410
7470	3478
2393	-4683
-6228	4877
-2486	-2818
2191	4877
-11671	17981
-1532	5716
2986	-1419
847	-719
17551	-13077
-829	4877
-6512	-1652
-6931	-17181
-6199	15416
-4817	2079
18283	-17834
-14041	-6968
2095	1939
3058	4877
-6512	-1605
-6036	10240
-7326	167
9459	-2818
19150	-10512
-15365	1939
10770	73
-4817	4877
-5785	-10373
18568	-20399
3766	21665
2177	4877
-16093	4877
2986	-6315
-11671	17934
-6522	5343
5650	-16528
-1315	-1186
-3497	6742
-1291	3478
-2741	1939
-14392	1939
13698	3478
18813	-3984
-16444	17794
-5934	2079
6868	-3144
790	446
-3695	7675
3829	21665
-7938	-9160
7947	-13077
2548	-20399
-12668	1939
-6575	-7435
14011	-12564
15928	-25622
-3935	4877
2567	73
-16478	4783
-1975	3244
13597	-10279
-5780	4877
21448	2079
1474	21665
4999	-5290
4378	4877
-1291	3291
-6965	21665
-13699	3244
9055	8607
-7639	2079
2056	8607
2080	-1699
5009	2405
414	3244
1763	7208
22223	-17181
4571	10240
12402	6229
1690	-10279
-9845	10240
19049	-17181
-14383	5296
11439	-3004
-5169	10006
-6132	1939
-761	4877
-4176	5716
3352	6276
12451	-25622
-3521	21665
-3300	-9720
-18631	10240
-9918	-6968
-1339	6276
11550	-11025
-14623	3618
510	-1652
-12365	-2585
17368	-5336
-14094	5343
6709	73
5938	21665
-13896	4877
-16651	4877
14363	-3098
-6281	-2352
-3059	-10932
-10794	4877
-8078	1939
12528	1612
3126	4783
-7028	-27860
-1532	-13077
8289	-4916
-121	-12844
1864	4037
-6931	4877
11699	-17041
15658	-1652
-15336	10240
-4393	30479
-11151	-12564
9040	-9113
4571	4410
13708	-18534
12768	-18440
-6999	10240
8891	73
-3839	-4310
7701	4877
6175	6276
11969	-7761
1652	1939
14310	-2818
3415	-3984
-1407	4877
13881	-16622
4267	15416
-12812	4877
10177	21665
-1739	8607
10996	4877
10890	-15922
5081	-9113
3251	-9113
5476	-10512
-8453	4877
-1937	4877
-8054	10006
-10770	73
-16868	-719
5611	-6315
-13048	680
3352	21665
-13867	5809
-10751	27
-2173	4410
2215	4783
7210	-11445
-12259	-8181
212	15416
-17807	2079
-13048	4877
4012	2265
-17687	5809
-12519	-253
-15649	4877
7947	-13077
-7110	5343
-930	-5336
3207	-18534
-14219	-719
-12519	-160
-7235	1612
785	213
5857	73
6569	-18534
19531	-15922
3058	21665
-2861	6742
-13496	-6922
-7456	680
19410	-206
4002	21665
-8670	-5290
-12220	1146
-12365	-10746
-9017	-580
-10693	10006
-3646	4877
15307	-11445
8790	-16435
12267	-18534
-1643	8607
21809	-206
24810	-7761
7648	21665
-390	-7761
-6464	10006
-4393	-2352
790	-10746
3708	-2118
7812	-6269
2008	-9113
-13651	-346
15509	-14057
2519	-12471
-1518	14903
17368	-14057
-1913	-2585
-4591	1053
-5833	-1652
1589	-12098
-511	-3098
1994	5296
-7798	-4683
5139	-25435
-3781	3244
7056	-9720
-8930	1939
-12576	4877
-1335	-3517
-12548	-9067
25711	-7714
-1763	-7808
1175	4877
-13342	1612
5351	167
17007	-13077
22411	2079
-7456	633
1363	-6409
4050	-3517
14604	-13077
-7269	14203
-13429	4877
-8425	6742
14604	-13077
-2327	4877
-14098	-7435
-12605	-2818
11757	-10979
-14147	1939
1180	773
4527	-5290
847	-580
-15577	5343
-4037	2731
12398	6276
11584	21665
-8107	2079
-10226	2079
9931	-17834
-2539	-6968
18389	-2818
4233	21665
-14262	1332
9748	-12891
26423	-9113
-15553	6509
-5120	-19000
-15245	9540
-20172	10240
4845	-17041
-5525	10006
8867	4877
14122	-12844
-7355	5343
-15115	-2352
7663	-4683
2225	10240
178	21665
6415	-12471
-15799	1939
5139	-25295
-771	-6269
-2346	7208
-357	-9113
-12254	-67
-18703	4877
10119	-4450
10206	-10419
2837	8141
-3227	1146
886	-3517
-11801	15416
-5241	4783
-11902	4877
12234	-11445
-15755	4877
8737	-16575
1921	-10839
26009	-7761
20851	-20399
-390	-7761
4575	3244
-7129	1939
-13660	73
-4807	1939
15071	-9113
6690	-12891
3713	-1932
3087	-15922
7099	4877
1507	-5429
4667	-1186
-2524	4877
-2760	10006
-12119	10240
4012	2079
3535	21665
-5732	-9067
-7832	-7761
-11228	4877
26009	-7761
12990	-11025
17975	4550
-9759	1612
-4128	-4637
1348	-7808
3588	21665
-7172	1612
4999	-719
-11435	4877
732	13131
2952	5483
4108	-2818
4	-19000
-4176	5809
22647	-15922
4575	4224
10288	21665
12113	21665
8703	21665
11367	-20399
-12870	2079
-2226	8141
-1532	-13077
10177	21665
9888	1985
9811	-3051
-11045	1612
-10799	-10979
6589	21665
-1532	5809
-2341	1939
-1797	-2585
-7004	-5290
-1195	-7435
-366	6509
-6618	2731
-12543	4877
-3902	3618
-17128	-10839
-2808	-5290
-7456	4877
-14725	4877
-12230	-6968
-2953	6742
-1339	6462
1594	-12844
-7350	5203
-7529	4877
-14869	-253
-386	10100
10664	-3004
-6821	4877
-2702	4877
3352	6509
6150	-5336
12407	-12098
18091	-12051
22941	-206
-10597	5483
6439	-11445
2196	-580
-12080	-4310
11733	-19000
11728	-12051
-1734	9540
6647	21665
-9759	1612
-8646	-2352
1295	4877
-9133	5296
-708	-11445
-16772	1939
1710	4877
-5453	8607
18447	-14057
2008	3478
5991	-12564
1830	4877
9652	-4683
-4711	-11025
-5419	-4916
17007	-13077
4180	-10373
1353	2079
-2447	13271
-13087	10240
-9711	1939
-13573	-10326
21207	-7761
-10751	213
-11021	1939
15167	-3517
2947	4877
10129	-4264
-1860	-27860
-14045	5343
-5390	8141
9604	-3144
19107	-3098
-728	-6269
-49	-8367
881	1612
-12307	-3517
-17407	4877
-1335	-12471
-11030	-12471
1175	680
-15096	10240
10644	21665
2663	-9160
-6267	-11445
-4393	30525
3150	-2818
-13376	4877
-6845	6369
21689	-6315
5250	4877
-4875	4877
-9402	2079
13539	-9113
11926	-16435
-14089	-580
13828	-10046
-6440	1939
7947	-13077
-13280	2731
-14094	5483
5062	-1652
-13458	4877
1507	-5383
-2312	4877
-390	-7761
621	-3144
-6233	-1419
-116	4877
-3435	2405
-6156	2405
-390	-7761
-1864	10006
-11107	4877
3121	21665
11993	3478
-6883	6509
14599	-5383
-2587	-10373
-631	-11025
-15134	1939
11290	-9113
26009	-7761
4956	4877
-14734	4877
-11815	4877
886	-3611
2124	4877
-1908	-2771
-7991	1939
-1315	-1279
3429	-11445
-1200	10240
1059	21665
3838	2731
592	8607
-15245	9400
14551	-25622
-17802	4877
-5881	-1605
7321	-10839
-6349	-10326
7740	4877
886	21665
4956	3244
23731	-15922
-12316	-10979
-9108	10006
-6662	-6968
-834	7628
-8420	1939
10803	-12098
-8685	4877
3761	-17834
-12047	4877
9893	-1652
12089	2079
-1609	5296
3463	4877
2466	13131
-7384	-12844
2885	21665
11969	-7761
-12928	-8274
3708	4877
-1749	1939
-6633	-580
23423	-16575
1926	-766
-2466	1612
790	-5290
-12201	4877
-7688	-9766
24810	-7761
-15360	10240
-8285	7628
-7466	-10839
-13598	-626
23047	-6315
1180	9074
871	-10326
-11045	2079
611	3244
3439	10240
-12552	10240
1242	-9113
23249	1053
-12230	-6782
1565	-9160
-10053	4877
-6907	1939
5346	213
9700	21665
24511	-17181
9040	-3051
-7110	-3098
-15726	5343
-6498	-12844
-4908	-5569
-5347	7208
-3839	9074
-4961	-3051
10505	-8181
-11266	4877
-16940	10240
-9711	1939
-9051	213
18519	-9720
12113	-9113
9546	10240
-13598	-719
2080	-1652
-8988	7208
-13400	-5569
-3646	4690
-1715	-3004
-5852	-8274
-8400	5809
-6936	4877
6165	-1232
2827	4877
-12157	1939
14604	-13077
-14681	1939
-3439	-10746
-9576	9493
-6903	3618
-4292	-2818
-18674	10240
1117	1939
8992	-4310
-7297	5343
8573	-11445
-1585	-1232
1425	2731
18693	3478
17551	-13077
-18828	4877
-4759	4877
-3637	10240
11791	-206
-14262	1146
5197	-3517
-3179	9540
-7172	2079
-5424	1939
21207	-7761
2788	-16622
-7456	-17834
23129	-16622
-3613	3244
5476	-6269
-15726	5483
-3584	10006
4648	21665
385	4877
11579	-9113
298	21665
-5987	4410
11189	10240
-16444	17934
-877	5343
2249	1939
-13651	-253
-5453	8607
5009	4877
-6912	3244
16468	-5336
5967	-11445
-2129	9074
-7269	13970
-5405	7675
-8160	4877
9898	-1839
-13935	213
-11252	1939
-5511	-3517
6439	-11445
6165	-10746
8289	-5103
3564	-9766
-11237	3244
11969	-7761
-5939	-10746
7981	3944
-17065	1939
-12750	2079
4648	21665
3708	21665
-9961	10240
15562	-9113
2605	-6315
9941	21665
21207	-7761
4763	4877
2182	2405
-10693	10006
1035	-11538
12759	4177
14286	-3984
9185	-10419
11367	-12891
-14686	2079
15085	-5336
-8872	1612
15543	9074
-8478	1939
-434	25722
21621	-16575
-9523	6509
2047	4877
592	2079
2056	4877
-5231	7208
3058	-1419
-997	2079
-10602	5343
10543	9074
-5419	-4823
-7004	4877
293	8607
9228	-10279
607	10240
-6772	4783
-13458	4877
15625	-19000
-6464	1612
-434	-4683
-4489	-9160
8409	73
-16921	-27860
-2442	13131
7114	21665
6507	-14057
1970	-27860
2591	21665
13948	-18534
7629	-5290
-2996	2079
3882	3478
-434	25862
-3719	-11538
-6300	1939
-7090	-1186
-4961	-3004
24810	-7761
-1590	-1186
10461	-9113
-13988	8607
-12817	4877
-4412	-12891
2071	213
-12986	4877
9286	-12564
-6638	3618
2947	21665
2249	10240
-3044	9074
-5833	-1419
10577	-8647
-2303	-6315
-3926	18400
-1937	10006
7942	21665
2856	3618
-1359	-11538
8308	1053
8824	21665
-13530	-1186
298	7208
2008	2079
9748	-12098
17007	-13077
-1773	10240
19680	-12844
1608	8141
-3305	4877
-4624	4877
9883	2079
11820	-6782
-10693	4877
-15900	-9160
11815	-9766
2952	5343
-7562	-9113
-1291	3478
-63	-11538
7822	-4310
-4364	-10932
-9860	-10512
16843	6276
510	-1419
-6464	2079
-8612	-5569
24174	-9113
2764	21665
-6137	-7435
-4032	10240
1830	21665
20335	-14243
-8453	1939
-3738	4410
9994	-3984
-2760	6369
4884	8607
4792	4877
18972	-19373
18028	2079
20224	-3984
-17432	10240
-15515	4877
7398	-9766
10543	9214
-7139	10240
9055	-9766
-2717	18587
-1532	-12051
22931	-3984
2100	-6315
-4075	1146
7056	10240
10625	-2818
-1879	21665
-6233	-1652
-4990	7675
4913	-16528
1859	3944
-1436	-6968
2466	13271
-8521	10006
7581	-766
5072	-10326
26009	-7761
-2582	1612
-14339	2079
-1359	-6315
-3815	10006
1107	-206
828	4877
-9614	2405
12330	-12891
3058	-1652
3593	3011
5650	-5569
293	8747
-9214	10240
-14754	4410
-12528	11405
9633	-9113
20008	-20399
-13554	6369
-12355	-10932
-10794	-10932
4648	2545
-1840	4877
3439	4877
1589	21665
-366	-9067
-4128	-4450
-17176	-5290
-1532	-13077
5197	-3751
534	-11445
896	1939
-12259	-253
-1556	-16528
-10106	4877
-1518	15136
765	4877
2297	21665
3174	4877
-12692	1612
-12576	4877
-7297	5483
16549	-19000
26549	1053
6762	8607
-227	-5569
1830	-1652
15172	-3517
-6122	1939
