9038	-23986
-6102	9490
-17637	10099
16969	1578
-1055	-8161
-8264	15577
9038	-857
2550	-5726
-6102	-2683
2550	-1466
4713	-6943
-1776	7055
-334	19837
29225	1578
12643	-8161
9038	9490
-6102	7664
-15474	-5726
16969	14968
-3218	-11813
-4660	3404
-334	4012
-8264	-4509
10480	10099
-1776	-857
-2497	11925
-1776	4012
4713	-2074
-2497	-16073
-10427	1578
13364	2186
10480	-5726
9759	-5118
1108	-3900
-1776	-8769
-8264	17402
2550	-2074
3992	2186
-4660	-2074
1108	8273
-11869	-11813
2550	-2683
-4660	-3900
6875	-20334
6875	-6335
387	19228
45806	-27637
387	7664
16969	13751
6154	-19725
-1776	-6335
-1055	2186
-1055	-5726
-1776	-16682
8317	-248
-12590	11925
4713	13751
-14753	-6943
-1055	-1466
-8264	18011
9038	2186
-7544	16185
-334	-8769
-1776	6447
9038	-8161
11922	-9987
3992	-23377
-8264	-1466
3271	5838
-3218	9490
-3218	-12421
-1055	-6943
387	5838
-6102	-8769
-4660	-3900
34271	-23986
30667	4012
1829	-6335
387	2795
-6823	5838
-8985	360
-1055	2795
4713	7055
3992	-2074
-8264	-1466
-3218	10707
-21962	16794
4713	2795
-7544	10099
19852	969
-8985	10707
3271	-8161
-13311	-248
-6102	-6943
-1776	-4509
12643	6447
-12590	-10595
-17637	4012
-15474	5838
-8985	-7552
2550	-7552
-5381	5230
1829	9490
-8985	-6943
-6823	-4509
63830	-28246
-6102	11925
10480	-17899
3992	-4509
387	9490
-12590	-6335
-6823	360
11922	-21551
5433	-3900
-9706	-857
-334	-21551
-8264	-3292
4713	-4509
-2497	-10595
4713	-5726
-4660	14968
3992	-8769
5433	-22768
-15474	-3292
387	10099
387	7664
-2497	2795
5433	11316
-3218	-857
-6823	10707
-5381	1578
-1055	-5726
4713	4621
-6823	-857
-5381	20446
-8985	-6335
8317	-3900
-1055	-12421
3992	-9378
-17637	6447
4713	10707
3271	-3900
6875	-3900
387	-6943
14085	11925
6875	15577
-15474	5230
-6823	-5726
-7544	-2683
-15474	8881
7596	-6335
19852	11316
-8985	-5726
-3939	-5726
3271	-9987
13364	-5118
-8264	10099
-1776	-17290
-16916	4012
19131	-16682
15527	-19116
-334	7055
-4660	-9987
-7544	-857
-9706	969
13364	-14856
13364	360
8317	-11204
-3218	-3292
-2497	-1466
4713	-2683
-6823	10707
-11148	18620
2550	-22768
7596	10707
4713	11925
-4660	10707
-1776	-3900
-9706	-6335
21294	-27637
1108	-248
-10427	-248
-4660	15577
14085	4012
34992	-23377
387	4621
-2497	2795
-8264	11316
-1776	5838
-6823	10099
-4660	-13639
2550	969
2550	-10595
-11869	-3900
-3939	12533
-9706	4621
-9706	15577
-6102	-9378
1829	-1466
-5381	-9378
3992	8273
1108	-5118
-2497	15577
-8985	969
6875	-6335
-16916	5838
2550	-1466
13364	-857
-5381	969
-15474	-248
-18358	360
-7544	-1466
6154	-7552
-3939	-15465
-1055	-13030
-6102	-857
1829	-857
6875	8273
387	-9378
-8264	11316
-8264	7664
4713	12533
-3939	13142
-2497	5230
8317	13142
20573	16185
-3939	-9378
-8264	-248
-1776	1578
-6102	-2074
15527	-20334
-1055	-8161
3992	20446
-3939	7664
-13311	-5118
6875	-5726
10480	-3900
20573	-5726
-2497	1578
-6102	3404
-3218	-5118
1108	2186
1829	-6335
-1055	2795
10480	-11813
-14032	-5726
-6102	-9987
-10427	-13030
-3218	-5726
8317	-1466
-5381	6447
8317	360
-3218	-3900
12643	-16682
9759	11925
-4660	-8769
32829	14359
-5381	360
-12590	15577
4713	12533
-6102	16185
-3218	2186
3992	8881
10480	17402
-11148	-12421
-14032	-6943
-10427	-248
-1776	-6335
-15474	-857
1829	17402
-5381	969
-11869	969
5433	-3292
-1055	-248
-10427	-14856
13364	-17899
-6823	7664
-5381	360
12643	-17290
-2497	7055
1108	4621
-3218	-8161
-5381	-11813
-8264	5838
2550	11316
-3218	9490
15527	-6943
6875	22272
3992	-6943
-8264	4012
-4660	2186
-1776	17402
1829	360
-3218	7055
-4660	-3292
27062	-7552
-1776	1578
3992	-6335
21294	7055
19131	4621
-7544	9490
1829	6447
-2497	7055
-8264	-857
18410	9490
-14753	-7552
-10427	-6335
-7544	-2683
6875	8881
-14753	4621
1108	360
-3939	-18508
-1776	-1466
-13311	-9987
12643	14968
-6823	-6335
-6823	-11813
-334	3404
-1776	6447
12643	360
-1055	7055
-13311	4621
-10427	7664
-8264	10707
-15474	-3900
-10427	-7552
7596	-2074
9038	-6943
23457	6447
3992	4012
387	19228
-8264	-248
-8985	-3292
-4660	-20942
-7544	5230
-4660	-6943
-9706	10707
-11869	15577
1829	-1466
7596	-6335
387	-16073
2550	10707
387	7664
-4660	360
-9706	12533
1108	-11204
8317	-17899
3992	13751
3992	-19116
-1055	2186
-5381	-16682
-11148	3404
16969	3404
-11148	11925
-1055	-7552
2550	4621
2550	-13030
-8985	-6943
-11148	10099
8317	6447
-334	969
3271	5230
-8264	12533
-11869	360
8317	-857
7596	2795
3271	-1466
-11148	10099
-2497	969
-1776	-8769
4713	360
16248	-248
3992	16185
-2497	5230
-3218	2186
-3218	-1466
387	-2683
-9706	16794
10480	969
-3218	7055
1108	360
-334	-248
-1055	-4509
2550	10707
12643	-6943
-8985	-17290
12643	14359
-6102	6447
-7544	-13639
-12590	-16073
6154	14968
13364	12533
-3939	4012
13364	-13030
-1776	7664
-3939	-248
-1776	969
-3218	-2074
-9706	13142
1108	7055
5433	-15465
4713	-4509
-8264	-248
-6102	-9987
-6823	4012
13364	-21551
14085	-11813
20573	9490
-3939	-7552
-1776	-248
3271	5838
1108	-9378
-5381	-9987
-334	1578
-3939	6447
-1055	-11204
-7544	11925
9759	14359
-6823	-4509
10480	9490
10480	14359
-3218	7055
1108	21054
13364	-13639
-8264	2186
-17637	13751
1829	-8161
4713	6447
-3939	3404
13364	14359
-7544	-7552
4713	2186
-2497	-2683
7596	-2683
-1055	4621
-4660	2186
4713	-8769
-13311	-5726
387	5838
-8264	13142
16969	8273
-3218	-248
-3218	-23986
-4660	11316
2550	-11813
-6823	17402
2550	6447
35713	-26420
-13311	8881
-1055	8881
-13311	-857
