2199	-8467
-2496	-8467
8008	-8467
6653	-8467
18556	-4639
-6773	-8467
-6816	10018
1319	3877
3832	11080
-9113	-8467
11872	16221
12453	-8467
-1526	10018
-10646	15034
1113	18471
10699	-8467
3020	-8467
-2616	-8467
1194	16518
-6369	-8467
-2631	8252
3784	-8467
-5139	11534
-747	-8467
-1675	-8467
3486	-8467
9517	11627
14231	10752
-3606	-8467
4250	7221
1583	9127
-8715	-8467
-2866	-8467
-4399	11096
18013	-8467
18128	-8467
-14226	-8467
1305	-8467
-12703	-8467
3501	6221
-2737	-8467
-4885	6315
13645	10502
11113	-8467
-15130	19487
2155	5127
1252	-8467
-8325	21690
-8320	-8467
-18705	-8467
-1502	16674
10560	17628
12165	3877
-5740	9190
959	-8467
12045	-8467
-5841	-8467
-8570	10596
17888	12159
7273	6221
3131	-8467
-15610	13846
-13486	17471
12117	18643
-20046	-8467
-5740	9190
-7821	6221
-14510	6643
-13462	7221
-1574	-8467
-17311	-8467
-10589	-8467
24832	-8467
5207	-8467
-6418	-8467
-6427	-8467
22674	-8467
-5327	-8467
-12708	-8467
-5687	-8467
685	-8467
6230	10924
-1208	-8467
-848	-8467
-5692	7221
10185	7221
4717	-8467
1425	18643
-15639	-8467
3323	-8467
15971	-8467
2540	11299
24198	10284
26442	-8467
9099	3877
10598	8252
-8772	-8467
11752	6690
4640	-8467
-1252	10534
4645	10018
1958	-8467
21430	-8467
-6677	6486
-6542	6643
-9656	-8467
-4039	11190
-7542	-8467
-2439	-8467
-4202	-8467
15043	6971
-8292	13565
-10002	-8467
377	-8467
-14149	9018
-1434	-8467
-3251	-4639
-305	14409
12141	-8467
2045	17128
-1506	16690
19565	-8467
-12112	-8467
1257	-8467
3424	5049
-13784	-8467
3780	-8467
-7172	10284
2131	-8467
9344	18753
589	9190
-9815	12174
-646	6565
15606	-8467
-1732	-8467
5923	-4639
-4870	9659
-1449	3408
-15783	11096
2271	10534
-10939	-8467
-17686	-8467
964	-8467
-3645	13831
2410	18409
9709	6471
-3092	17159
-8008	-8467
2251	-8467
7139	7221
911	7237
-15322	-8467
-2501	7221
-12410	22784
-7701	6471
20368	-8467
-9608	-8467
-12098	18753
-15716	-8467
-16845	-8467
-353	11487
-1232	14674
3510	-8467
3659	-8467
2737	11096
-12246	6971
15668	10877
-1852	-8467
2069	10018
-1852	-8467
3198	6486
-13525	-8467
10632	-8467
-5418	10534
7763	-8467
5913	-8467
-6566	11096
3246	-8467
-12641	-8467
6480	18831
8484	10065
-15461	-8467
-10666	-4639
4952	-8467
-3948	6486
14169	13565
4736	13565
-3813	6643
-3847	-8467
-6725	21847
1905	-8467
-2218	12159
9661	9893
7187	11034
25731	-8467
-15975	-8467
867	11518
-4087	13877
-1679	18643
26029	-8467
9868	-8467
-14567	-8467
19008	-8467
4976	-8467
-13169	6486
12804	-8467
10262	18753
-11795	-8467
1257	10752
-11146	-8467
-310	-8467
-7359	5908
810	4346
-6105	-8467
4082	8252
8806	-8467
906	-8467
-1795	-8467
6571	-8467
-16432	-8467
2098	-8467
-18551	-8467
-10656	10580
22958	-8467
-310	-8467
-7359	5861
-15130	19503
6504	6221
-6028	-8467
-11694	-8467
-19455	-8467
-11045	18753
-6345	-8467
11978	6971
-2088	-8467
-4726	-8467
1838	-8467
-11338	13971
3534	-8467
11579	-8467
-12122	20268
5077	6236
-13606	-8467
-10939	-8467
-430	-8467
-3630	18471
21238	-8467
-3140	-8467
-752	6315
8950	-4639
-14620	-8467
-10690	-8467
613	6221
1728	-8467
-1449	-8467
7691	10596
2083	-8467
23073	12159
-6466	3877
-6043	7237
-1449	3346
-310	-8467
-5298	6846
-7768	6315
-7590	6752
-8402	6971
-16360	6486
-13928	11096
-2242	-8467
4981	7143
-13981	13877
699	9893
2900	-8467
-4668	-8467
1430	-8467
-16749	-8467
9940	-8467
11420	-8467
-6523	6486
-12468	-8467
11343	3877
-4837	-8467
12458	10580
23756	-8467
19142	-8467
-9421	10018
21651	-8467
3607	-8467
-7201	-8467
3059	-8467
-2400	11627
-1968	-8467
12578	-8467
863	11534
-7258	8565
-1290	-8467
-7359	11080
12021	-8467
-17287	-8467
6033	6221
4832	-8467
11843	-8467
445	13971
-6355	-8467
-4116	-8467
10233	-8467
-1655	15284
2290	6486
11867	6752
-1910	-8467
7119	-4639
-6062	6236
2324	-8467
-10219	-8467
8796	-8467
18729	-8467
-2631	8205
-12011	-8467
2078	-8467
-3496	-8467
-2453	11096
-6418	-8467
-13318	-8467
-8859	7143
14332	-8467
-1824	-8467
2256	6236
-1252	18831
22439	-8467
-7076	-8467
2958	-8467
1194	-8467
-9219	-8467
-9474	5440
-2304	-8467
10517	3877
-12146	19987
-8301	-8467
-6903	-8467
-15543	13565
-6369	-8467
-1232	14659
-5370	-8467
-9032	10065
-1473	7143
3020	-8467
8926	-8467
8431	-8467
-8585	-8467
2641	-4639
-1362	17049
28004	-8467
-6187	17049
26029	-8467
-5841	-8467
-944	10065
13746	-8467
4073	-8467
867	7237
-13986	7237
964	-8467
3909	6486
14597	-8467
26029	-8467
-6225	-8467
-15682	-8467
-5077	-8467
-16326	21987
-16946	-8467
18066	-8467
464	-8467
12319	-8467
291	-8467
1348	-8467
-13385	20440
-5360	-8467
-1828	-8467
-7893	-8467
21718	12159
10051	-8467
9099	-8467
-4716	-8467
14649	-8467
3131	-8467
-1617	-8467
-5255	-8467
925	-8467
14356	-8467
-968	10534
-6840	-8467
-16615	-8467
-5149	6486
11242	-8467
5716	7143
-286	11127
-1651	-8467
-8695	18471
17408	-8467
12021	-8467
2593	10018
-10939	-8467
-13385	20487
-3347	6236
1665	-8467
15212	-8467
-14611	-8467
9950	-8467
19085	-8467
-12208	18878
5279	18753
-6994	13565
-5332	-8467
12501	-8467
-3751	10752
-36	-8467
4914	6690
-2958	16690
-440	-8467
12564	17628
4303	-8467
18013	-8467
20041	-8467
4524	-8467
3059	-8467
-14106	-8467
12698	3877
2468	6471
-9608	-8467
-1780	14346
-13232	-8467
-13876	-8467
5543	11034
-12468	-8467
6773	-4639
-4303	17049
-14149	7237
5678	-8467
-12938	-8467
-13976	10534
-3751	16518
-7230	-8467
-7013	-8467
4596	10596
-1665	-8467
1439	8908
18484	-8467
12285	6221
-17321	-8467
1997	10955
-5788	8127
31	8330
-10545	-8467
-1449	-8467
-3313	-8467
5024	10018
-6908	7237
-7201	-8467
-2045	3721
-7172	10252
-7840	11096
9287	10502
9243	18753
5418	-8467
5024	-8467
13232	10752
2838	-8467
-2362	8252
-4087	13909
-12256	10924
-7230	-8467
7460	6752
14058	18753
-16653	-8467
-9512	6236
-4961	-8467
3717	6971
2122	-8467
-8080	10002
810	4315
17590	-8467
-13549	-4639
10176	7158
19186	6377
2179	-8467
17590	-8467
-6254	7221
-14572	-8467
3160	-8467
-16802	17128
8042	-8467
-4303	2627
-7076	-8467
973	-8467
23275	-8467
-10416	-8467
3664	6221
1905	12159
4178	-8467
-13587	10018
-1122	7143
-2559	10018
-13347	-8467
11516	-8467
-8421	-8467
6826	-8467
291	-8467
12588	10502
13876	-8467
690	10018
-7042	-8467
9604	-8467
3347	17628
-12049	-8467
-146	17628
26086	-8467
3131	-8467
-2136	5533
-2674	-8467
6932	9893
-2674	11034
-12938	-8467
-7287	13565
-4274	6971
-6206	-8467
7725	6471
-3693	10018
1684	13081
-2381	-8467
5264	11799
24534	-8467
-12093	-8467
7384	10955
9806	10580
16591	10877
-13289	17628
17	18471
5543	6565
22968	-8467
9945	-8467
-10915	-8467
-4322	-8467
-1257	4971
-13539	12471
-12208	18862
-4817	17628
-17364	-8467
1665	10580
84	10877
-6749	10002
13756	-8467
-1776	17128
-7359	-8467
-5360	-8467
-7734	-8467
-15870	-8467
14645	-8467
6711	-8467
320	13252
9114	6752
4717	-8467
-5639	11127
-3433	-8467
-2674	10002
-10906	-8467
-1266	18753
10719	12174
3059	-8467
-14981	-8467
-18508	-8467
-1391	10752
8008	-8467
9954	-8467
4524	-8467
-8479	-8467
6504	6221
-11160	-8467
-1449	-8467
4447	-8467
11632	3877
-17566	-8467
-8354	-8467
13929	-8467
-12679	-8467
8008	-8467
2083	3877
6245	-8467
3020	10002
-9656	-8467
-7196	10502
7874	6565
2170	-8467
11074	-8467
-1891	10018
6000	10534
20882	-8467
5678	-8467
5067	5596
9056	-8467
-2256	-8467
-7369	10955
1785	-8467
-15610	13877
1502	6486
-6932	17128
-4303	2705
23448	-8467
3953	-8467
11603	-8467
5317	-8467
-310	-8467
-16326	22003
-1852	-8467
-1713	-8467
-13443	10002
949	7221
-1434	-8467
15216	-8467
6004	-8467
2131	-8467
17047	-8467
17408	-8467
-9301	-8467
-6836	-8467
22252	-8467
11809	10752
-12122	20284
2155	5205
-8325	9893
-13755	-8467
1905	-8467
2593	18831
-689	6565
-3837	20753
-3558	12252
-3409	7158
2842	11127
3900	-8467
7533	-8467
10464	-8467
-7715	21222
4717	-8467
-4784	-8467
7119	-8467
-12559	-8467
-6403	13565
-12977	-8467
16509	-8467
-1756	-8467
-41	13565
-8378	-8467
13996	-8467
-1117	-8467
4337	-8467
13587	-8467
19325	-8467
-12419	13565
-9032	10018
19445	-8467
26567	-8467
-1208	3564
11492	12174
925	-8467
6230	9221
-8916	10534
5413	-8467
5264	11846
24832	-8467
-1208	3564
-7465	3877
959	-8467
3510	-8467
8470	-4639
-15533	-8467
964	-8467
10858	10580
12448	-8467
-10694	12940
-13933	-8467
-3986	10127
3424	-8467
-10122	-8467
-13419	13565
-12256	22003
-5846	10924
-680	-8467
14409	-8467
3323	-8467
15702	12159
4534	7237
1550	-8467
-8546	17049
5207	13565
-6807	6643
-11329	-8467
-6369	-8467
-12410	22800
-15221	-8467
10344	-8467
-3212	-4639
-12150	19972
-1713	-8467
-1641	-8467
-12876	-8467
-5793	8096
-2141	5596
-2280	12159
2679	12159
9998	-8467
1137	-8467
24832	-8467
-2972	6971
7177	-8467
-12583	-8467
-8835	11127
11781	-8467
10233	-8467
3280	-8467
-12761	-8467
8883	-8467
-4726	-8467
-276	3877
-6908	-8467
-4870	9659
-550	-8467
-7523	13565
17047	-8467
11636	-8467
7710	-8467
8633	6221
-9815	11096
2083	-8467
-12439	11127
-6172	6221
5077	-8467
-2357	8252
10598	8237
-4082	-8467
11420	-8467
-1324	-8467
-1689	-8467
-10497	-8467
-14034	-8467
18321	11080
-13337	7221
5716	17628
3837	-8467
-8950	-8467
-6201	-8467
-13265	-8467
-10589	-8467
-11132	10018
-12150	17628
17408	-8467
26029	-8467
-4500	-8467
18532	13565
3025	13659
257	-8467
-1747	17628
20257	-8467
-9008	-8467
-13981	13846
-15019	-8467
-3650	13877
-15399	-8467
-11973	16518
867	10924
8369	-8467
-16821	-8467
-10646	14971
-16048	-8467
-1266	-8467
-3558	12315
11050	-8467
8003	-8467
-11708	-8467
3193	-8467
-14279	-8467
-3352	10924
-10690	12877
14649	-8467
4645	5752
670	-8467
373	7674
-12496	11627
-3726	18753
-14640	-8467
-14270	10018
5067	7237
-6812	-8467
-915	-8467
6240	-8467
3424	4971
-13486	17425
-12818	13971
-7431	-8467
2665	-8467
-1276	8877
-9474	5486
7802	-8467
3635	6752
843	-8467
-2227	-8467
377	-8467
2910	13096
-3549	-8467
11809	12784
1583	9190
-4760	-8467
-15250	-8467
14669	11080
-15615	-8467
4640	5752
1185	-8467
2299	-8467
-10589	-8467
12819	752
-11002	-8467
-14572	-8467
2929	6643
2324	-8467
-12198	10534
-16533	-8467
-4620	-8467
-5942	-8467
-387	-8467
18638	-4639
21238	-8467
4029	7221
-5721	-8467
10824	-4639
1608	11034
-7970	6565
14649	-8467
-8186	6315
4779	6205
-6139	9190
7883	16518
16235	13565
-8830	-8467
3025	13721
16884	908
-11060	-8467
10747	18643
-18580	-8467
12809	-8467
-10060	-8467
-4899	-8467
-9743	-8467
13040	-8467
-2347	-8467
8537	18831
11785	10877
5096	16221
8349	3783
-11939	-8467
-15245	-8467
2540	11221
-795	-8467
-2045	3768
-15226	6315
6634	-8467
-17009	10955
1766	10502
15625	-8467
-6110	10752
-3943	-8467
-2655	-8467
3222	11627
-8061	-8467
21838	-8467
2372	-8467
-353	6471
-2775	9596
493	10018
4082	8252
-7955	-8467
-3409	7096
5139	7221
27494	-8467
5207	-8467
-10771	17128
-2674	-8467
15553	-8467
-15437	10018
-9757	11034
9051	16518
15116	3877
3131	-8467
1939	-8467
-6836	-8467
15586	10752
4861	-8467
-17681	-8467
-11122	-8467
18849	-8467
2175	-8467
12021	-8467
-13823	-8467
6326	12174
21238	-8467
-1276	18471
2266	-8467
-8763	-8467
9988	11080
-3525	10018
-13539	12409
-15000	17049
-5759	13971
-6869	20440
-1257	4986
1728	-8467
-9858	-8467
-7138	22003
-12444	-8467
-5029	10877
-6139	9190
2862	-8467
-11564	9080
-14755	-8467
-2722	10596
8763	-8467
9806	-8467
-14467	-8467
-3400	-8467
7643	10065
-12737	-8467
-6480	7237
-2304	-8467
19714	13565
-2910	-8467
-5312	-8467
-6538	10534
-5327	-8467
-6788	10018
21478	-8467
12381	-8467
21238	-8467
17047	-8467
-7033	-8467
-7254	8502
1670	13565
9527	-8467
27	8252
-2261	-8467
-14346	-8467
-3726	-8467
-10493	-8467
8907	-8467
-10060	-8467
9757	-8467
6230	9190
5130	-8467
-9950	-8467
7163	-8467
-1353	11096
6216	-8467
-8354	-8467
-2813	10955
-7979	-8467
12165	-8467
6754	-8467
5149	3877
8349	3721
5067	5643
-8888	-8467
-6134	-8467
1252	-8467
-7013	-8467
10944	-8467
-5894	-8467
-1449	-8467
-11098	-8467
12525	9893
-13347	-8467
-1112	7237
-12434	-8467
3780	-8467
24832	-8467
-7162	-8467
2146	10596
-17057	10596
-11564	9033
-353	11534
-10925	18831
-10762	-4639
-6038	-8467
6057	18753
9114	-8467
-11122	-8467
-8008	-8467
18604	-8467
373	7627
-4039	11221
-3217	-8467
-7624	18643
-2775	9659
8849	6971
6860	17003
-8513	17628
-14149	9033
1641	11096
-627	6221
18426	-8467
9123	6971
4121	10534
589	9190
16355	-4639
17590	-8467
23155	-8467
200	-8467
1372	-8467
15351	6221
-286	10018
15130	-8467
-2871	-8467
2002	10065
320	13206
-1559	-8467
3780	-8467
670	-8467
2621	-8467
-1631	12174
10680	11627
1934	-8467
9690	3877
3876	6971
-5432	-8467
-4534	-8467
1281	13971
