-2958	-13044
4082	5191
3059	6289
11420	-21026
-12434	4156
-2304	8609
-7970	11402
-15322	21380
-7076	-4313
-13486	3919
-7138	-17160
-2655	-7394
19445	988
-353	-14715
-14467	15182
2256	9157
18729	-20029
-440	-22398
-13347	6413
-1449	5964
-2496	-2442
5317	4156
9945	-7992
-2242	15182
-2381	-2442
-646	11402
3876	14396
-15221	-3128
320	-9851
17408	-20178
-3943	9407
2155	-3565
14169	3420
-1257	-5111
-4087	-9364
9950	-1819
11420	8347
-1852	177
4832	-6558
-3558	3956
2910	2297
6504	8908
-10694	7037
-12410	9033
6754	-21026
1905	6413
7883	-3365
6230	2659
-5255	925
1252	6663
-15682	-4899
4952	-20029
2170	-13630
-4784	7037
24534	3757
3780	-22398
-11329	950
11636	-12919
11843	988
-1559	-20029
4645	-13468
11785	2385
-10545	-1781
-16802	813
-3400	-3565
5149	-7681
-1852	4044
21430	-20029
-12583	-571
-1362	813
-4274	14396
2083	-8192
4596	888
3347	-434
-795	4792
15216	2048
7273	8908
4976	-20004
18532	3420
-9743	-17908
-13549	1487
-7162	-6720
-4087	-9302
-5029	2385
-11708	6413
-8320	-12383
7802	1499
-1968	3295
-3726	-210
-4885	9806
6245	-1681
-1232	-4064
11113	-12919
10680	-3365
10719	-3365
-16326	-7556
26567	-14179
-5721	-22398
1905	-2941
9114	12724
-286	3794
20882	8347
-310	-2218
-15533	9606
-12468	9531
2679	-2941
925	-9464
5139	16242
-8378	-10512
7177	-12919
18321	3407
6860	-15164
-16749	8908
8431	-2218
373	-2567
-13169	10928
-2261	925
-7172	-5735
-2674	177
6004	-12919
-6187	813
8796	15269
-13539	4792
-4303	813
6326	-3365
15971	27317
-13823	5790
-15639	950
-1675	-22398
-9113	9407
-2972	14396
16591	2385
27	1300
8008	14159
-2280	-2941
19008	9906
6773	1487
-6134	15182
20368	-14790
-10690	7049
6634	14982
4861	-7656
-7196	489
-12679	6476
4303	-22398
-915	-447
12448	3545
-10060	6039
-9474	6975
-14226	1923
-18580	21143
27494	-3565
-13539	4730
17047	14159
-4716	-7394
-13876	-20029
-14755	7411
1728	-10512
-14567	1337
-12011	-10100
4981	15743
-10589	4044
-4726	9531
18638	1112
22439	-8192
-13337	16217
-15461	13897
-8585	-7169
13232	-9302
11516	-12919
1372	9531
-7230	5416
1766	489
-1232	-4014
291	-1394
-1617	-22398
-5692	16217
4717	-22398
959	-4313
-15543	3420
-7734	-2218
-3693	-1981
1502	10928
-1713	14895
-353	-14665
-5841	-20029
1281	15880
4640	-10100
2737	3619
-12049	-4899
2862	-2218
-1208	-3066
7460	12724
3020	4418
23155	-2218
12117	2484
-3525	-1981
-310	-2218
-11060	7411
-2631	601
-2813	2821
-752	9806
-2439	5914
-8292	3420
589	-10549
-6062	9157
-680	9531
8042	-14166
-2218	-2941
-286	-1868
3280	14982
17408	-2105
18604	8347
-9219	-3053
-6206	-4899
3664	-9676
-9815	-3365
12804	52
-17566	13897
8849	14396
10632	-11048
14231	-9302
-2088	10280
-12559	-534
4073	-22398
-5327	6788
3323	3545
2098	-7169
589	-10587
-13385	-11921
-6427	13897
8470	1487
-1828	1923
6653	-12919
-310	-2218
-1776	813
-9656	1300
3059	2572
9114	-20029
-13606	-3652
14332	-20029
7533	-20029
-13289	526
-6773	4293
-18551	-3128
6571	3757
-10925	352
-14611	4068
13587	-13917
2540	-4612
2179	-10649
9099	3919
3424	2048
-10939	1923
-9008	3295
-7955	177
20257	-20029
-13462	16242
-10416	13897
-2775	4967
14597	27317
5067	15992
-8402	14396
3953	-20029
-15975	6476
2083	-1694
6480	352
-3409	-8529
-8835	3794
5716	15743
18013	-2080
-4870	-6720
-1713	14857
-4899	11153
-14620	10380
-20046	9407
11242	-17783
12588	489
18556	1112
-41	3420
4534	15992
-1252	614
11343	-7681
-36	7037
24198	-1070
9988	3407
-4870	-6683
8633	8908
2299	-3128
-11939	4418
15043	14396
-3986	13273
3246	6413
-1257	-5061
-1689	-2941
-4039	-1195
-15130	11901
7710	-12919
-9950	1499
-16845	21006
-12468	4044
-6542	12063
-4620	18973
-7201	11777
5716	526
14649	14159
-7369	2821
-3645	-16224
2146	13149
-6038	-6147
670	-20029
12564	-434
377	-22398
-4039	-1145
-12410	9033
-8950	5790
14356	-20178
-1449	14159
-4303	-9751
-13587	-1981
9998	-12919
1608	3233
15130	-2105
2131	-20004
-15019	-6147
11579	-20029
-13265	8184
26029	-2218
-7013	13897
21718	-2941
-7076	-4313
-1574	3308
19565	9793
-5432	5416
18128	13323
-16360	10429
-10666	1474
4250	16217
-4837	1499
-7230	5391
2468	10679
15668	2385
-1391	-9302
23073	-2941
3635	12724
-10002	-1943
10051	-20029
-2616	6413
-6466	-7681
4717	-22398
-12093	8609
-13443	-1993
-7033	-4276
-8479	-1070
1439	-15264
-16048	4418
2266	1499
15116	-7681
12453	3582
3323	3545
-9757	3233
-19455	3308
493	-1981
-968	713
-3251	1474
-10656	876
-2866	2672
-11973	-3365
15212	2048
17047	14159
3059	2547
-14572	1300
21478	-8192
1939	-5386
11781	13323
-3212	1112
-3549	-3128
-10771	813
-6369	-571
-2045	-1507
1425	2484
867	763
6826	-20029
-10939	1923
-6538	713
-12112	2672
11050	-6558
-7542	-1320
-7523	3420
8763	-12919
3486	-20029
-17009	2821
9868	-9801
-6994	3420
9051	-3365
685	-9913
11809	-9302
-15399	14757
-10690	21143
867	15992
-2559	-1868
-16615	4156
3534	6476
3780	6912
-7768	9806
-6254	16242
-13981	-9552
-7624	2484
-3092	-11672
3020	-1993
2958	-22398
4029	16217
22958	-20029
12165	-12919
-2722	888
2175	-10674
-2910	-4937
22968	988
10517	-7681
2199	4044
-3433	-22398
1185	988
3025	551
-6836	-7656
-2227	10380
-12098	-210
-12122	-172
-1449	5914
2410	-16910
-8772	-2442
14409	-2218
16235	3420
-8008	52
-1756	-3053
-6566	3158
-2256	-6147
-13784	-7169
18849	-20029
-6749	-1993
9243	-210
-8859	15743
-18705	21006
-14149	5278
2131	5914
13040	18973
17888	-2941
9604	-17908
-7979	1337
-14279	-1781
-13347	6413
12698	-7681
-1290	950
-8008	52
10560	-434
11872	-17534
18066	-8192
-10589	5416
-8830	-4899
15606	-12171
-1747	-434
1194	-10512
-3630	10330
2078	-22398
5264	1462
1319	-7681
-7042	3295
31	1300
-11122	-6147
17590	14159
14058	239
2271	713
5207	6039
19186	3295
-6355	13323
-10906	-1158
-2674	-1320
5678	3794
9056	-12919
10262	-210
11632	-7681
18013	-2068
5130	6289
-13385	-11921
28004	-2218
13996	14982
-1655	-8678
19325	13323
-6908	15992
-1208	-20029
1670	3420
-8916	713
-13318	-3053
6711	-12919
-5327	6850
5207	6064
-13933	4792
-10646	-5560
13929	-2218
2069	-2405
-627	8908
-9858	-9913
-1506	-4687
7643	-3340
-12146	13810
2593	352
2593	-2405
8537	352
1257	6638
257	-22398
-6807	12063
-10219	21380
26029	-2218
-2674	3233
-11146	-8641
-7431	8609
-3496	177
9661	-2505
699	-2505
5077	6476
10598	-14790
-17364	-2941
21838	988
2083	-7681
-12641	-1320
-8715	10280
-310	-2218
12165	-7681
-15437	-1868
1550	-22398
-8325	-2505
8003	-12919
-689	11402
5543	11402
320	-9801
200	4792
3510	-17908
21651	3295
964	-22398
-6345	-534
-4322	-21026
-13486	3906
-15610	11739
-17311	-10100
6216	-2105
-14510	12063
464	8184
1934	-5436
3832	3407
1997	2821
-17686	-1320
-16821	9407
-12198	614
-5740	6289
15351	8908
-1449	14159
11492	-3365
-8061	14757
291	3757
-6812	-10512
1348	6476
17047	14159
19085	3757
1958	-4937
-2453	3158
-7359	801
24832	-2218
7119	-9913
867	2659
613	8908
-3606	11153
-3409	-8554
-6225	-13630
-13928	3158
-1117	-10100
4914	12151
-6480	16504
-14270	-2405
3198	10429
-7701	10679
3131	-10587
690	-1981
7139	16242
-7013	-2218
-9421	-1868
-16533	21380
-12256	-8055
-12256	2659
-17057	888
4640	-13418
2251	-1943
-1324	4418
-8325	-16287
7384	2821
-14034	-7394
6504	8908
-1852	12250
3837	-22398
5543	3233
-15245	3308
-5332	-4899
-3751	-3365
12319	14982
9527	-12919
24832	-2218
-15130	11864
10233	-12919
8806	-6957
-9608	1337
-4668	6476
15553	3757
3900	-12919
2155	-3627
-6369	-571
-15226	9806
-12150	-434
3424	-22398
7119	1112
2045	813
14645	10155
-5639	3794
-6139	-10549
5067	-659
10747	2484
-1449	14159
-4726	-1320
-1266	10280
1785	-6957
-1795	-22398
19714	3420
-6172	8908
1257	-9302
-11002	5914
-9301	-447
13645	489
-8421	5416
-8080	-1993
-2737	10280
-8301	13897
8349	-1320
-2362	-3689
3780	4044
-6028	-3652
-5418	614
-15250	1961
-1252	352
18484	3757
1583	1162
3131	-10549
19142	-2218
12021	-2218
3510	8609
1305	3757
-13976	713
-4082	27317
-5312	11153
-6105	-1394
-18508	3295
-2045	-1569
-3558	3919
-17287	10380
-12708	4156
-6908	10380
5279	-210
12045	-20029
26086	-2218
-4760	8184
5418	5391
843	6413
6057	239
6230	-10400
-2400	-3365
5678	3794
3193	-22398
4178	-20178
4447	4068
3784	6975
-16946	-1781
-11098	21006
26029	-2218
-6816	-1981
12809	52
-7715	-18781
12578	-6683
-7359	-6957
16884	-17908
-10589	177
6000	614
-550	18973
7763	-1943
810	-11672
-3751	-9302
9287	489
-5846	2659
-12439	3794
-7840	3619
5067	-696
9517	-3365
-6836	3757
-387	925
-2347	-2405
-5370	2672
-747	-7656
8907	18973
-11795	-6957
-1665	-8641
23448	15269
4337	-1394
925	-9427
-3140	1175
-12419	3420
9709	10679
-4961	4792
10824	1474
-3726	3295
-17321	8184
-4116	2709
1583	1175
906	9531
1728	7037
5024	4156
6240	-1694
1684	2360
-12444	-2941
-1526	-2405
-15610	11777
3160	9793
23756	9793
25731	-3565
-1732	4792
-7254	801
4121	614
9954	-1756
-12737	1337
-13232	1300
-353	10679
3501	8908
-11564	-14428
2324	-12383
17	10330
8950	1474
7874	11402
12381	-21026
-5139	-16536
-7465	-7681
10944	9793
84	2385
-1353	3158
-2871	14757
21238	-2218
-11132	-1981
-12122	-197
5077	9157
-12496	-3365
-305	-7968
2122	4156
3717	14396
8484	-3340
-5687	21143
-1679	2484
4645	-1981
4082	5166
-1266	239
10858	876
-2141	-1444
-6369	3295
9690	-7681
9123	14396
26442	-12171
-7287	3420
1665	-22398
-15716	-17908
4779	-9689
-10646	-5573
-9608	-7394
-1208	-3028
-5894	10280
7691	888
-1824	1911
5207	3420
-14149	5291
-6139	-10587
-6725	-18781
17408	3757
-11564	-14416
-12818	15880
-8888	925
-4399	3619
14649	14159
-7590	12724
3424	2098
-3313	-22398
-14640	10280
2900	4418
-12938	4293
-9032	-3340
-8354	21380
-13419	3420
5264	1424
12501	27317
22252	3757
15625	-20029
-6869	-20153
-1276	-15289
8349	-1332
-1780	-7930
6033	8908
-14572	1300
1194	-3365
670	-4937
-6523	10928
-15870	11153
-1449	13323
15586	-9302
9757	-12919
-4500	-14179
24832	-2218
1252	5914
12141	-8192
-1651	12275
13756	14982
-6903	3308
-1891	-1981
964	-12296
-9474	6912
-8546	813
6932	-2505
-11694	-1394
5923	1474
-3217	4068
-5149	10429
-9512	9157
2641	1487
7725	10679
810	-11709
-430	-2218
1137	-22398
-12876	5914
-15000	813
24832	-2218
-5360	-11173
-10939	1175
-11122	7037
21238	-2218
16355	1112
-11045	239
10464	-12919
1641	3619
-6403	3420
2929	12063
-11338	15880
-6110	-9302
-12246	14396
-11160	4068
-276	-7681
-12208	8783
9806	-21026
-7172	-5685
11978	14396
8008	14159
12285	8908
2372	-22398
-7893	-1781
5096	-17534
-5360	-11185
14649	14159
3131	-22398
10233	-12919
2842	3794
377	925
5024	-1981
10176	3919
-1502	-4737
-8513	526
8369	-14179
11809	-696
3909	10928
964	-12320
-6932	813
13746	-20029
12021	-2218
-4534	4156
-12761	52
-5942	-17783
10185	3906
863	801
-1112	16504
-2304	-1394
5413	5416
-7258	801
-7821	8908
8008	14159
-13986	16504
6230	-10425
3607	-22398
-13755	13897
-6201	21006
7187	3233
-17681	14757
3025	601
12458	876
-8354	-8641
-5740	6289
5913	27317
18426	-20178
-9032	-2405
-2501	16217
2665	-22398
-4303	-9801
-1434	-6371
-5788	90
9344	239
-7359	838
21238	-2218
-6043	16504
11603	18973
-4817	526
-1910	-8641
949	16242
1905	-22398
-2775	4917
-6788	-1868
-944	-3340
3659	-22398
26029	-2218
15702	-2941
-3948	10928
11752	12151
-13981	-9589
-1631	-3365
-16432	21143
-14981	3295
-10762	1487
-8186	9806
-146	526
-3847	-1070
959	-4313
-5298	1175
21238	-2218
-14106	8908
973	-4276
7163	-3053
-7359	3407
-14149	15992
2290	10429
911	16504
2324	-2941
8883	-12919
-8695	10330
-8570	888
-14346	7037
4717	-3565
-10060	6064
14669	3407
1665	876
1430	-1943
-6677	10429
10699	-12919
-7201	11739
-1473	15743
16509	-2105
1838	925
-16653	-1158
2002	-3340
11867	12724
12021	-2218
-8763	-2405
3020	-12919
-10493	-9589
4524	-17783
-10915	1961
-13525	925
22674	9793
13876	-14541
-4202	-20178
-5077	177
-1122	15743
-2357	-3664
-2631	551
2621	8347
-3347	9157
-3837	-19904
-16326	-7568
3131	4044
11074	-7656
-6418	6039
445	15880
-12150	13772
-2136	-1419
-3650	-16287
17590	14159
23275	-14179
373	-2517
12525	-2505
8926	-7169
-9656	1300
-3813	12063
10598	-14753
9806	876
4524	950
-12977	-17783
-2674	-1993
2838	-22398
3222	-3365
-6418	6064
9099	-7681
2540	-4563
-5841	-1943
1113	10330
10344	-12919
-12938	-1070
-12703	15182
-12208	8845
9940	-8055
-10122	-571
20041	8347
-848	-2105
-6840	-6558
-5793	52
-1434	-6433
-1641	-4899
-9815	3158
-5759	15880
-10497	-9552
-3352	2659
4736	3420
-15615	-9913
-1276	10330
17590	14159
12819	-16536
-15783	3619
