2677	9167
-9117	5032
5626	9318
4923	19936
-4343	-11025
-9819	-12138
-13189	-11996
4221	-6776
2958	-612
11663	17871
-18103	-5518
711	614
150	-11923
2396	637
-11925	-12890
2396	-9133
-1956	6523
11944	14702
10118	2060
-5326	-11969
-5607	-12430
2396	12865
-21051	-10223
-2799	-11896
-23719	-3676
3519	5078
11523	4485
11663	13111
-9679	-5860
-5747	-3051
7591	12227
-2799	-6881
2396	85
15735	22717
711	-9594
7591	6145
15033	2867
10118	1253
-1535	-12931
1975	6094
-13189	-10510
290	-8778
-11925	-12525
-7853	-9493
12505	12970
290	-2431
-10240	-6990
6468	-5386
-7573	-12256
12084	10262
290	-9124
-17261	-4948
9136	6094
-2939	-11071
-7432	-4077
-4062	11762
6889	16207
-21753	-11723
12927	14474
-5045	-6712
-8836	-2541
-10521	-1250
9276	-8194
992	9947
-15716	-8609
6608	14757
13629	7339
-8977	-12206
9557	14903
3660	-7811
-12908	-9156
3660	-7738
-12206	-12539
-9679	-11627
-1114	-12598
-7011	-6334
-9117	-12443
3660	-2071
5485	-2445
10118	122
-24702	-5180
1694	3842
-2237	11944
14190	17397
-8275	-731
-15295	-4870
19947	13626
-7853	-2782
-6871	-8828
5485	8721
-18665	-8659
-16699	-3694
10118	13398
-13329	-12471
-1114	-12922
-10802	-42
9416	21208
10118	1107
-1395	-5363
16858	6509
10118	-10779
8153	9213
-7011	-9594
7170	-6261
16156	11739
-17120	-8281
290	3815
-7432	-11440
-11083	-6256
-4764	-12074
-9679	-671
-4062	-7095
-7011	-10515
1554	-11226
1554	-4091
-13329	-9598
15594	5274
-9398	-10314
-552	-6767
4923	2114
-4062	-6913
-12487	-12753
9838	6177
23317	21874
711	-12721
-7713	-13118
-6871	-6279
9276	-4775
852	24564
-3641	5174
5204	8429
10399	6628
-13048	-1077
-5747	-11153
-6028	-2331
3660	7161
1975	-9224
2958	16968
-13048	-7123
10118	-4196
-10100	313
-15014	-9557
-9679	-11814
-3501	-5500
6608	9304
-4624	-12981
-10802	-863
-7853	-5860
9136	-5618
-5326	-4424
7591	-2085
8714	4868
-17401	4248
-5607	-10879
-3922	-7651
-20349	-1971
-14312	-7296
14190	2607
9557	9505
-1956	-9730
15594	15632
5485	3924
-552	-1542
4081	2917
9838	10945
-131	-6968
-10521	-15
9	4745
14611	21441
-22034	-225
9697	-1086
1694	8333
-4764	-2399
-7853	-12639
8714	13576
-8836	-3790
-3360	-7606
8995	1016
17139	18983
-20349	-9252
-693	-11714
-8134	-11075
16015	8830
2677	186
-10802	-7980
6608	9564
3660	-10433
21070	18126
1554	1964
-11785	-3630
4923	450
7872	2607
-9398	-11659
-5466	-8892
14331	6997
-6309	-5267
-5747	-2559
12505	10558
9416	-9927
13067	7740
5906	14438
11523	-1948
-8275	-8344
-15014	-9708
-3360	186
-3922	-2942
-1535	15436
-11925	-5969
-131	9733
8293	7964
-6730	-12083
2817	-11823
6608	-1816
-552	-11499
-1254	2438
-13891	-8992
-2939	4690
-4062	-7820
9136	-3849
6047	2611
571	4745
9557	6974
9978	13804
-9679	-1825
-16418	-12544
-1395	-6484
-2658	-4679
13488	7312
-5607	-11673
-1956	-12849
-693	-13109
15173	11374
8995	6158
10118	7690
-8836	-12466
150	17707
5064	-872
-14031	-3927
5204	933
-7432	-7027
3379	16882
-8134	-12069
-9679	6555
10540	2625
15173	22152
1273	6628
8574	-5983
11101	11620
-6028	11721
-833	-6762
-833	-6042
-412	2538
-552	2598
-9117	7221
-15856	-12603
4783	7822
-15435	-3562
-4062	-6721
6468	5534
-12908	-5755
10820	9705
-693	-11034
4221	16572
-10802	-8892
1554	-11230
16296	8110
7030	660
-17401	-5969
-3501	-1884
8714	10184
150	-7893
4502	-2627
-4203	-2641
-7151	2880
-20349	-11604
-3501	-6890
7732	6496
10820	17629
7310	2529
-4905	-9165
-10802	-11791
-2799	-8686
-131	-7072
6328	2228
8714	17620
-6730	-12042
-7573	-92
-10521	-3366
-10942	-9808
20508	17374
10680	-334
16577	17169
4221	8698
-8836	-11226
-1816	-10027
-15154	-6831
-10381	-5997
-8696	-11477
2958	6322
-6449	-1994
-5326	-9844
-8275	-5541
8714	12573
5906	1102
3800	-4205
7591	5433
-21332	-5974
-19507	-2851
2817	-13492
3379	1093
571	-6772
4081	-6607
11944	24381
-4062	-10009
4783	13827
-1535	-1109
9276	4727
852	4708
6608	-8021
150	-6311
20649	17844
15033	7522
20368	12632
20228	22339
-2658	-1848
150	-4889
5204	22147
5626	-3767
-3922	-11468
-11223	-11144
12786	17306
-131	-7009
-6169	-9060
3379	956
2817	2602
9978	3104
17700	9322
-4343	-12776
-24702	-7975
-19226	-6430
290	1070
1273	-8158
10399	10439
4502	10271
1273	2146
-13329	-872
12927	7581
6047	4111
-15295	-12512
-3220	-9548
8434	12828
-1956	10932
-5466	-1150
5064	13704
150	-740
2396	-7168
-552	-3808
8012	8073
7170	-19
-8977	13676
-1395	-5896
-9538	-9142
-5326	-4068
-11504	-12284
3660	-6060
-12627	-5217
5064	-4323
-6169	-7077
7872	-275
1554	-4797
9697	10066
1554	-8814
150	-9238
6468	3382
-13189	-9375
1273	15660
-11223	3997
-2237	-11568
-7011	8151
8012	15149
-9117	-1994
2115	3478
-10240	3204
1413	-7920
-11925	-1620
14050	16266
-8977	-5764
-6309	-3434
5485	13512
16156	16184
-5607	3555
8153	10207
-15154	-5750
-7432	4572
13909	15263
-16137	-11659
3098	2566
6889	17164
-14031	674
24019	19489
18122	23401
9136	-671
15594	15532
15033	23994
-7432	-5955
-7011	-270
-1254	-10984
5485	7280
-8134	-11983
-693	14246
-7853	1978
-12908	-10592
17139	22603
-12908	-6813
5204	-8117
-4203	-8262
9978	19499
16858	10968
-412	-12740
4081	-9598
-11785	-12083
17420	12555
-11504	-12808
-6871	-11686
8995	3350
-2097	2041
9276	4932
3660	7476
-2799	-1665
12786	11962
852	929
16437	9163
11803	8812
8574	6646
-14452	-3854
9557	3167
4502	10676
-9398	-11741
10399	24892
-6730	-5518
2958	-4387
5906	-2655
-9117	2775
-6449	-9639
10680	8388
-2799	-5066
15033	9240
-8696	-9781
-12627	-12954
-4062	-11335
-4203	-3940
2817	17497
11242	7449
-12206	-10410
1273	-5417
7732	12359
-11644	-3721
-6169	-9566
-1535	-12439
12646	16617
9	1426
16437	20875
15594	15938
11101	8310
-22315	-7870
-5747	-9101
17420	16991
3800	-2860
-6169	2201
-1395	5867
18824	11620
5766	988
5766	-5431
14331	8091
2396	8324
6608	4321
-3641	-8805
-5747	-9844
-20630	-7916
-5045	-9129
-131	-2495
-5326	-5919
2256	9692
10399	17556
-7151	14328
-20209	-12010
14050	13603
10399	4458
-15997	-4998
2817	-5992
11382	2356
13348	18445
-9679	-8545
-11223	-7620
-18103	-5226
9838	1075
11101	4326
-412	31
-8836	-8787
9136	10307
-7151	-3726
8574	8602
-5326	-11664
-412	-12781
11242	3414
-15997	-11404
5766	-3302
9	-813
18402	5666
14331	13731
-13329	-8180
9978	-6803
-2799	-4487
-11504	-6544
-9819	788
-5747	-4542
-5326	-4159
-21332	-12375
2396	-8987
-4062	-261
5064	-9015
-9117	-10533
-3641	-11618
992	-1442
-20349	4708
9276	1736
5064	7038
-4905	-3516
9	-1159
-4764	-10027
2396	-1911
-11785	-11851
8995	13376
-11785	-4921
10820	10476
11242	18609
-8977	-1934
-10100	2092
16015	12755
-131	-3576
-18243	-10939
-11644	-10100
-412	-3256
3800	6865
-19647	-4145
2115	-74
11242	19685
-16699	-7661
-5747	-7214
-6449	-10259
-7011	-9275
-2939	-9352
-9679	-4068
-7011	1882
-9679	-3881
13348	13658
10820	8328
8012	19576
20228	20702
-2939	-5144
10399	3368
12786	-7136
-3360	-5025
-16137	-2035
2115	-6348
-5747	-5322
-12206	-1624
14752	8169
7310	-2436
6608	-7829
-7432	-11974
-131	11675
-11925	-5281
150	6218
2115	-7296
-7573	-6138
4081	7011
-9538	-12211
1273	-6598
-3220	-12448
-11083	-4706
-7151	-8645
22053	20971
18964	10339
-5466	-11550
7170	1786
-12206	-5472
9838	-5732
16577	17857
-10521	-10423
-9117	505
-16418	-12238
3660	7827
-4905	-5267
2396	4006
-12627	3405
-16418	-7834
1975	14771
9838	6614
1413	1193
-9819	-12133
-15295	6377
-4343	13585
6468	8246
-4343	-10314
-9679	3213
-5045	218
14050	11980
-7432	-9238
-15856	-8764
2817	-2987
6889	3405
7030	-10145
-15997	-4063
-11083	-11468
-131	-4542
-8696	-12033
-11223	-12626
4783	13868
12505	12491
-20209	-12065
7170	11976
7170	-10957
-8977	-11103
17841	10480
-4905	-9056
-13750	3482
10540	25166
9557	1294
4502	-535
-30599	-7734
9838	17520
2115	-4351
11242	21810
16296	11552
7591	7389
-833	-13319
6889	9728
-4343	-12161
-2097	-9958
3379	-10182
13629	14730
11944	4613
711	-9890
-6169	-12740
10540	3528
16998	11105
-11785	-10287
14190	13111
-10240	-1734
-13189	-7123
-9398	-9293
-11785	-1214
-13048	154
-2097	-10569
-2097	-8946
4783	4230
-18805	-9635
-13189	-11901
-11644	-3981
1554	-4834
-12908	-6170
14050	8087
14050	11944
-6449	-6699
11803	5725
-1956	-1009
-11223	655
-12487	-9051
11382	11661
8012	17091
-1114	-6215
-9398	-5490
3519	1900
2256	-10775
12646	16617
-1535	-8531
7170	10512
-1254	-11240
3660	11625
-13891	-790
-7713	-4848
7170	17999
-6730	-12306
14611	12345
8995	21071
13488	8187
-552	-5837
9276	-7474
-11644	-12047
8574	3897
-552	13891
7591	8780
11242	4357
13067	1535
-10521	-7515
5906	10458
11242	7996
-131	-10273
-8275	-12671
6468	-398
-2518	-393
17841	3701
-6028	2857
-6449	-229
-8696	-5272
290	-5759
852	-60
-4764	-12010
-7573	-11021
-1395	-12749
-7151	-5714
9276	13667
-6871	-19
-8836	-10715
-552	3842
9416	-2062
-1114	-9352
-10521	-2372
-13610	-6124
-7011	-10465
13909	8702
-13329	-9101
12646	7357
-3641	-6817
20228	15527
-3641	-1889
14752	11752
10820	-3904
16437	11424
5906	20100
-4062	-5509
-10802	-8089
-13329	-6092
-13750	-8094
-6309	-1232
8714	-10729
-7011	-9708
4081	14059
5485	1440
-8275	-12972
-5466	6532
-11925	-9311
-693	-13031
15313	17392
-3501	-12010
-3641	-904
-7432	-2431
-2237	-544
3660	7207
13629	7854
-19507	-10547
290	4599
-11223	-6931
15594	3509
-5466	-6740
16577	18619
-18103	-11103
-40427	-6753
852	-10009
14331	23319
-6871	-5955
-9538	-5139
-12346	-5969
3379	-434
-3501	5639
14331	18897
6187	587
-17541	-4150
9	5575
8574	-5139
-4343	-11427
-3220	-10036
13909	2789
-12206	664
-1395	-7300
5626	7294
-833	-945
-13750	-7077
-15716	-5053
-3220	541
-4764	-8718
-14452	-9238
4783	-1556
-2799	-10118
3098	-10533
-8977	-8641
-6309	-4127
711	3514
2817	5766
10680	11497
7732	-42
-5466	-12206
23878	18628
1975	-5076
3379	-9188
1273	-2449
-8134	-2267
-8415	-835
-24983	-2490
-10381	-8627
14752	4868
-3641	-307
2817	-7392
-1535	-12844
-12908	-10387
-10521	-5126
1273	8999
-11083	-7674
-2658	-12174
7591	-10050
16296	3842
3098	2506
-9117	11192
15594	9797
6328	-9120
16998	14707
-11083	-4396
-5747	-5892
3660	-3630
-8696	-8381
290	-2951
-11644	-4000
16437	5853
-10240	-1241
9557	-3111
-12346	646
14752	9892
13629	4923
16858	11930
-9117	-9785
-11504	-12147
-5607	-11495
2958	-653
-6871	-11928
2677	5347
10118	12436
-14733	-5819
7872	-2586
-7432	3737
10820	6405
-10942	-2764
-2658	-12849
2958	4439
-5045	-3357
26125	15427
-14733	-3867
7872	4868
9838	3628
-15856	-3667
8714	9874
7030	18796
-10100	-5769
20649	14237
-11223	-4752
22193	15295
-6309	-9234
-11644	-11094
9838	5712
-7573	-8882
-1535	6154
16296	12660
11663	12929
6468	16257
-7432	-7765
-11083	-11892
7591	-959
-11083	-7050
-18945	5985
10820	-7369
-3360	-8924
-6871	-11499
2817	6436
-17120	-6576
-18945	-8194
-4062	2785
-2518	-13428
9978	3742
-10802	-5728
-10240	-959
3379	-7724
5906	19439
-833	-10305
2115	-5919
150	3737
9557	5721
5204	304
-11504	-12101
-2939	-12037
14190	18550
9416	9140
-3922	-8071
2958	2374
12505	19562
-15014	-10916
11101	22863
-6028	7098
-2518	3988
15594	25590
-2518	-2873
-17822	-6047
-3501	4791
-1254	6655
-6449	-12156
-12346	-9288
-2237	-2490
7030	-5864
852	-4150
13909	6546
11101	-4487
4783	16216
4502	-9229
-11785	-2057
9276	2807
-12346	-11832
-15997	-6963
-14593	-7355
2677	-10360
1694	7366
4783	1289
-9819	-11344
9136	-3329
1975	-5472
-10381	-11700
-3922	-6662
8434	-7424
-17541	-12279
-9679	10462
6328	-1351
5766	17406
571	6104
2396	3783
-17261	-7355
17560	8287
-2097	-202
20368	16298
5906	-3494
9416	-7328
-9117	-2422
-12908	-6234
8714	-5454
-22877	-9566
6468	17301
-8836	-13264
-7151	-7127
-412	7854
-14593	-9420
-11223	-11449
11101	11926
-8836	-9297
-9819	-12589
-2097	-7547
20930	10143
4502	-12657
-1956	14155
5626	6277
17560	14958
-2939	3810
4362	10831
-1114	-7209
-14452	-712
-1816	-5308
5204	-5518
571	-10547
7732	-475
-13610	-10565
9416	21003
-8696	-11258
7170	-8053
-6309	-6922
711	-5340
8012	1964
852	-3626
-2658	-9079
-1816	-1027
-19507	-11062
-10100	-9056
3098	6642
-19507	-5089
-19367	-9133
-13189	-7269
16437	6427
2677	-2563
-833	-1706
13629	5155
14752	23652
-29335	-5363
6608	5702
4783	514
-9819	-10127
10820	19353
-15295	-11878
1694	12979
-2518	-940
-693	-5714
5485	-1966
13348	23971
5766	-6945
16296	12701
7170	7640
-9117	-9525
3098	-7077
12646	16252
4221	-5796
2256	-5422
6468	6035
-9117	-11700
11382	-4155
-131	13239
2115	-11664
-1114	2739
-8134	-12616
13207	7312
-18524	3860
12927	17347
-6730	-11773
-8275	-12302
-12908	-4109
2396	-5636
-6871	-1068
-12487	-11436
1413	2561
-13610	-10086
9276	10777
5906	-10414
-11083	-8778
3800	-2003
13348	13758
8012	15359
-11644	-10752
-7713	6833
18262	22275
-1956	-8231
-9398	-88
-3220	-5887
3379	2502
-7151	-12252
290	3760
22615	13658
1975	-6402
-4062	9892
-11925	-5910
-2939	172
-1956	5005
-2939	-9284
7872	-6516
-9398	-5787
12646	19840
-6028	-1898
7030	-1752
-552	-949
-11223	-10104
1554	-6553
-6309	-6867
16858	23684
2396	-4674
10118	8110
-14593	-12502
8995	19389
-12346	-7255
10118	7791
-693	-4118
-8134	-320
-10942	-6949
-8415	-6452
-8275	-2226
9978	5205
12927	15236
-15154	-3840
-11083	-4788
-13610	-10031
-14593	-10697
-9538	-4259
9276	-3393
-1254	-6940
-6309	-10341
12927	13964
9416	12008
11242	8711
-22596	-9644
1554	-11003
-14593	-11135
8995	-2267
17700	17875
-3922	-11974
-693	-6448
-2658	8069
-2799	-7939
4923	21263
19947	16207
8434	-3311
16296	11876
-6169	-12968
4502	-877
5485	-4893
-15014	-11431
-6730	-11107
8995	478
-11925	-10569
15173	15186
6889	13298
6889	-1305
10820	17119
3660	-9083
18262	23816
-6028	-12671
-2097	6870
-6028	-3767
8714	13389
17139	20419
-412	341
15454	14556
-9538	-11326
-11083	-7966
1273	1836
3800	952
-4764	-4223
1273	4622
2817	12901
8574	27395
571	-3247
-6730	-4127
-17401	-8440
711	3405
-16418	-5399
4221	-2983
-18243	-7460
-2518	-3448
11382	9778
-3922	-11800
5766	-8340
-11083	-2016
-6309	633
5064	797
4502	-7136
-10381	-12899
-8134	-2194
-14593	-10437
-12206	-10825
150	5999
7872	20720
-5607	-10770
1273	8999
-7011	-2203
-2658	-1469
-12346	-7957
19947	24085
-4764	-10838
3660	-9165
2115	5169
290	-8390
-8977	-8249
-14733	-5951
-4905	-9945
-11644	-12507
5485	505
852	-6088
-4764	-307
-2939	7079
-23579	-4711
-1956	-5873
-6309	-8686
-12487	-1451
13067	13490
-3641	5292
-1956	-10237
-10802	-12790
8293	-7642
5766	10914
-1254	-3849
-12627	-10296
13488	23369
-11223	-9849
-8275	-10054
-2658	-3835
-6309	7426
-6028	-5107
-5607	-11987
-2658	-4346
10540	-708
-14733	-12361
-9538	-7332
8995	2215
-4343	-7483
5626	63
2958	-11308
20368	13129
-2237	12263
5064	-3015
-5326	-1943
12646	19380
17420	19986
-16699	-11636
16156	19061
150	-8481
1554	-7291
9	1503
5626	14497
4502	9993
-10100	-8924
992	-10838
-4764	-12101
150	-11363
7591	22982
1694	-9544
11663	16426
7310	14374
-11223	-12667
14331	23392
1554	-3056
-833	6687
1413	-7054
-18243	-8832
9978	1868
-12627	-11399
10540	9965
-10240	-5573
-24421	-9867
16577	7718
-1816	-10948
-10240	-7414
-4764	-8623
11382	6322
10820	-7765
-15435	-2098
3519	-5709
-3501	-12585
-13610	-3557
15313	23802
-10802	-11563
13488	10357
5064	-2158
10820	-1474
11382	8693
10680	15354
-7151	-11759
-1114	-11563
9416	12974
-4203	7066
-6169	-10196
-8696	-11832
-5466	1585
-4062	-9261
14611	19330
-4764	6017
18122	15801
-1395	-12566
-6730	-11021
14050	2078
6328	1161
21632	14734
9838	4585
13067	13307
-3220	-12671
-5747	-12370
14190	10152
12084	-5641
13629	8939
-12627	-4424
-1956	-1118
1975	11985
-2518	-9142
-7151	-6936
6889	4439
-13189	-439
-15716	1262
-11785	-12420
15735	5479
-412	-7642
18543	16918
2958	-10711
3519	519
10118	23246
-7713	-1214
14190	9373
-15856	-11085
20228	16913
-833	12327
-2097	-5586
13488	3386
10399	13202
12225	9477
852	-6899
9416	10977
3800	-8782
-5607	-9867
16156	20068
11242	6245
11242	12518
7872	2315
-4905	-6881
1694	-10601
-19507	-12088
3379	-2199
6889	-6092
-7432	-4866
-9819	-9785
11101	4827
-5466	-10337
22474	15824
4362	-7998
-17120	-2331
-4062	-6238
-13610	-11996
-1956	-13360
-13048	-10519
852	-4861
290	-12794
-8836	-12502
8012	14875
6889	7079
7310	11547
7732	1581
9978	16321
-13891	-9229
-10240	6751
15033	21236
-693	4658
2115	1722
11663	10567
-14312	-8367
5766	-8171
-10942	-8331
14611	5169
852	-8937
14050	2557
5626	17233
2115	4955
-7432	-9781
-16418	-12247
-10100	-8718
-8415	-4971
852	14420
-7151	-12863
-6730	-10401
4081	-1369
2256	7791
4081	5515
-12908	-10524
2817	3008
-24140	-8445
-12206	-8354
-9819	-133
571	-2025
-4062	-11773
852	4563
-9819	-10455
-1956	-12389
-2799	-753
17560	17164
-4203	9414
1554	4645
-14733	-8727
-3501	-10109
-7573	-9813
711	-8873
-11504	-2171
-5326	-717
2115	76
2817	23260
5626	-320
9136	24591
2677	-2769
-18805	3414
-7011	-12252
10118	17971
-13189	-12265
-1816	-11262
9136	15947
14331	12673
-7853	-7373
-4343	-3348
-412	-434
571	9965
571	-9407
-6871	-7319
-2939	-11531
2396	-8094
-5607	-10154
12225	7266
15033	16722
8012	11046
-14593	-8372
-16137	-7433
-8134	-12616
5626	-5623
852	-5422
10399	5547
4783	10640
-8134	-11385
-9819	-12329
-4764	-11964
8434	10366
-3220	5484
-10802	-10802
-5045	7120
4783	-3015
5064	13863
13488	16717
-4905	11862
11523	19357
-6028	-11823
-8696	-11700
14050	15550
9978	6491
5766	-1364
-2237	-525
-9117	-12197
-8415	1088
14752	17096
4923	-8290
14050	18714
-15154	1795
16156	2411
21351	18920
-1254	-2518
23176	20078
-11083	-4866
9136	2885
-10100	-6913
-1535	-5477
13348	22
-412	3550
-2237	-1091
-412	-9097
-14031	-12740
-11223	-12790
-8415	1964
-552	8278
10540	523
-9679	6090
-5326	-9699
18964	18796
-3501	-9480
-7151	-9740
-12346	-7911
12505	-7255
-5607	2561
-2097	-9101
8574	4727
-8977	-9202
-13189	1266
23317	11743
-12908	8415
22755	21856
17560	16872
-10240	-5076
16858	14100
7872	22357
-15997	-5810
15454	16521
-13329	-5340
-3360	-12233
8995	-4095
16437	20907
-6449	-8851
-5607	-6762
-6449	-5139
-13329	-535
1694	-4114
-7432	-12129
-15014	-7465
-6871	-9261
13488	-4232
-13048	1978
16998	20324
17139	18692
-4764	-9411
10680	10795
-1395	6172
-5466	-6197
16015	13184
-12206	-530
-4905	819
15033	18281
11382	5953
-13610	-9639
-7573	-8983
8714	9546
-13329	-3343
3519	10125
-2097	-4715
992	-835
-8696	-5987
-5326	-5737
852	7599
15033	10804
7030	15464
-15295	-11021
-8836	-9243
-2097	2324
7732	-2527
-11083	-5349
7872	-9284
7170	21705
19104	19106
-5466	-5012
-10802	-8527
4081	345
5064	23579
-5466	-6398
6889	13216
-693	5976
8574	10822
-8275	-9033
-3501	-10410
8714	23588
6328	8205
20930	14648
-10942	-11563
-4764	1658
14892	17265
-131	-12913
13629	16936
6889	3195
1554	-9439
-8836	-11344
24440	22717
11663	-2267
-693	-10939
-13891	-4921
-6449	8876
13629	12810
-4905	-11591
4923	8502
-7713	-10875
-833	-6352
5064	-2595
-12487	-5518
992	6851
8714	-1118
4502	2757
-11504	-5541
5766	-7337
-14733	-9047
-21332	-256
1975	-2436
1975	-4000
-21332	5949
4502	9509
2677	-4104
2817	11743
3800	-1237
-3220	-12238
-11504	-7569
-4905	18527
12927	21705
7732	10804
-5326	1435
-8696	-10045
9276	2078
-8134	-11390
5766	11597
-2237	-5855
7030	-712
-14733	-11354
2677	-7255
571	7759
6328	17921
-1254	-8928
-10100	-7465
-1395	-12648
4502	-3576
7310	20155
6468	8046
10399	18737
12786	8173
-1254	-7305
20649	14169
-7011	-1369
-23719	-9963
-5747	-5623
290	4353
-4203	-1196
-9679	-7045
-3360	-11828
7170	9915
-8977	-6781
3098	15486
-8696	-5139
992	-6398
16858	18413
1694	-11203
21772	14096
8434	1768
6468	17588
-4203	-11923
1554	-5208
-1956	-6038
13488	12113
-3501	4777
-5045	-6817
-2658	-12457
-17822	-8171
-2939	-12411
3519	-3626
-15014	-4237
5064	1813
-7432	-8199
992	400
11663	13790
-3922	2205
2115	19613
21070	14301
-9117	-1433
9276	3126
-1395	-3297
11944	-1214
16577	22758
10399	13380
4081	12737
-11504	-12493
-12487	-8709
16998	14907
8434	-1943
-14452	-9658
11382	6824
-2799	-8390
7591	-8089
6608	20018
-5466	-3840
17841	17068
16998	12988
-3360	-11654
-4343	883
6328	15751
15594	21682
-19367	-6835
15735	9696
-2097	965
15594	4909
-4624	892
10118	9642
-2518	-8313
14611	17050
14050	14224
-4905	-12484
-6028	-8563
5766	4453
-7432	-9311
-693	-8855
7310	-7852
-22315	-11814
-833	-5185
290	-4346
12084	17246
11242	11397
-3922	-6361
10399	20543
-2518	-4177
1413	-10255
-7011	-6977
7872	-5974
-8696	-10665
6889	2160
6328	-5276
-11925	-6170
-10381	-11468
-10381	-11955
-12487	-9995
3800	-7433
-2097	-2942
711	1595
-9398	-434
4081	-10752
-3641	-7870
9838	6564
-11083	-4524
17700	16658
-8977	-9215
6187	21760
-10240	-12489
-10802	-7487
-9398	-5235
-7151	-849
-19507	-11996
4362	10936
9276	2702
-11644	-12708
16015	19986
7030	24240
-7011	-7383
571	12970
-1254	-3767
-11083	-9174
852	3199
-9538	-9124
-9538	-8627
-21332	2205
2817	6664
7310	7357
-17822	-3808
-25825	-10483
-6169	-8408
12084	-4291
-2097	-11039
-1395	5575
-833	-5728
4502	-9699
-7432	-13209
11803	-1857
12505	4120
-23158	3300
-8415	-10729
-18665	-8262
-10802	-5536
11803	-3097
1554	-9402
-10802	2224
6889	6204
16156	2830
-8415	-6954
1554	1864
16998	20912
4923	-8094
15033	18322
15313	21126
-6449	9231
8434	25530
4362	12455
9978	1198
10820	20274
16998	7617
10680	16982
-7011	-11344
-9819	-4975
-11925	-8399
6047	-1547
9136	17492
8714	-4829
-2799	-9803
-3641	-12849
-20349	-530
290	-4419
4923	282
-14593	-12680
9416	-6215
9838	-1756
-1395	-6845
-8275	-10515
3800	7234
6608	2661
7732	14894
-1956	-5969
-2097	2848
2817	-3639
3098	1266
-7151	4718
571	-7916
-3641	13585
5906	-1246
-10521	-6393
-1254	190
-6730	-8645
-9117	-1848
6608	22006
17700	18915
150	-2126
-6449	-3516
2958	-4542
1975	5091
-17822	-9079
-2518	-7579
19666	23880
4081	-6361
3379	-1054
6608	24851
-2799	-7528
-11223	-11098
-7011	-12120
-4062	10458
-10100	-11942
2677	-83
6608	2547
15033	20333
-11223	-6886
-3501	-9512
10680	23255
7310	7581
-10381	-5586
-9538	-8294
3098	14105
20368	14748
-4764	-8066
-12346	-10989
4783	-10136
992	236
12786	15008
7310	-10556
-1956	-3065
-15295	-10820
14331	6856
-5326	-6074
2115	5652
-2518	-11974
5626	16745
-7151	-8272
21772	15787
9	-7656
8714	7412
9136	-42
3800	-1364
-18805	-6366
-1535	-9603
-8134	-986
5766	9787
10399	13280
-13891	-4683
8012	6222
1694	-7287
-6309	-2135
11382	7221
10399	19840
17139	15837
10399	12008
-7853	-8992
10540	-11787
-4203	10727
-2658	12728
-5607	-1802
-1535	-1378
-7573	-7993
-7151	-6047
12927	9145
7732	-6781
11242	19056
20649	17292
-15014	-4483
-2658	-8231
-11223	-8627
15454	7093
-2097	1608
-11785	-11791
3379	6787
-131	4389
-7432	-3913
711	-5472
-6730	-9694
2958	-4118
-7151	-9863
16998	14616
-15295	-10588
-3501	-6785
11382	12386
4081	-507
7030	17543
-4624	-9466
17420	23201
8574	4198
-1956	-10455
-4624	-13195
-9819	-12516
-693	-3539
-15154	-1483
12225	3309
992	8862
-11785	-11062
11242	12322
-13048	-11094
-5045	-4437
6468	10366
5626	16024
15735	15432
11944	20707
-12346	-10898
-693	-6954
4081	4248
-11504	-9881
19104	18778
-10802	2397
1975	-5582
10118	1490
10118	-1250
1554	-8541
12084	10987
-9538	-5326
12786	3209
-10381	-7779
-7011	-5901
3800	18669
2958	5301
-9538	-6498
7170	18714
-4343	-10724
1413	5324
10820	8
-1114	-3092
-6449	-8221
-5326	-7041
7732	-2650
8995	15559
-412	7563
17700	12249
1273	24605
6328	18888
-4062	-11928
8012	12637
-18524	-1291
-6169	-12024
6187	9231
-15716	-8769
-3220	-6890
-7573	-7496
-3220	-5413
-8836	-13100
-11644	-11860
-13048	-4177
-11644	-12156
-12487	-11349
-1535	-6097
10399	12017
-3220	9518
-7151	1253
-4062	-9521
4081	-12534
5204	-10847
11242	4326
4923	17707
6328	9573
4362	12217
-4764	-11276
15594	15268
1975	-7437
7310	2748
5906	20141
13488	13266
-12487	-11600
-8275	-8039
10118	15678
9557	8816
-20630	-4018
13909	15568
-552	-10943
11803	4098
-5326	-6124
2677	-6635
-3922	-5810
8012	-7606
-4062	-13410
6608	12778
2958	-11107
-15856	6332
-4203	-11504
13629	9304
-8415	7143
-2658	-11632
1975	-4223
-3501	-9694
-1535	-1150
-11785	-9010
14190	11506
-8275	-12539
12786	17556
-9679	-3174
-8275	-12635
8153	-8860
150	7015
-9679	-7802
16577	12838
8012	-7205
-18524	-1533
3800	-6671
5204	-5618
7872	6646
4081	-3585
15454	16731
-15435	-11732
-7151	-13068
15454	19289
13629	1289
-8696	-6813
12786	6915
10118	8939
5626	8908
-552	-9630
9	-3835
-15435	-4711
6889	11825
-7713	-2545
10680	11474
4081	-10296
6468	3085
-13891	-2664
17841	22252
-7151	3236
16437	23219
-8275	-3051
2256	7576
8714	-5436
12225	6710
13488	10111
-9117	-1077
9276	13216
-9679	-3557
-2799	541
-13048	-8016
8153	687
6608	9249
11523	16312
3800	-11723
4081	-2003
14892	12701
-10240	-2422
16858	15815
10680	9915
16437	12874
-2097	-11012
-15997	-11458
2817	-2563
-5045	-10642
1694	4827
4783	-4497
7170	-904
-17261	-9037
-693	4321
-833	11907
6608	16704
-6309	-5322
-11644	-9740
-6028	-4132
-5466	-12352
-18805	-6731
4081	-256
-18524	-5240
18402	14743
16156	24664
-14593	-8021
-7853	-12694
-412	313
15033	7494
9416	6446
-2518	-5636
10399	24363
2677	268
-10381	-10651
-8696	-10214
12786	9031
9978	1294
15033	14392
8714	16868
6608	-2066
7872	12145
-7713	5981
7591	2857
3660	9924
-3922	-12078
-16699	-1187
9276	13444
-552	-8545
6187	4882
-3220	-4633
-6169	-11664
-15716	-9352
-2939	-7310
-12908	-6471
711	988
-10942	-5481
2396	-4889
21070	20898
-11785	-9963
-11083	-12129
-412	-8244
6468	23310
-13891	-10898
-6028	-7246
-10240	-8864
10820	7763
12225	17606
15454	9496
8714	1335
-1254	-4009
11803	22111
-7432	-2732
-14452	-9694
-19226	-10588
11382	15669
1273	-8144
-7011	11028
-11083	-3334
-4062	-3813
9838	18614
-9257	-12384
4362	-3174
8153	5584
-19647	-11705
-12206	-8677
-7713	-8983
6608	11424
-8696	-8878
-11223	-11276
13067	3386
1554	-9120
-3501	7640
-10381	-11518
-11644	-7328
4081	16727
-7713	-83
-8977	-2221
8714	2547
9557	-1187
-7432	-5395
-15716	-6275
10118	13339
-4624	-7050
-10381	-8696
13629	17643
1273	-5372
10540	8
-16839	-10898
2396	4599
-693	747
711	1435
-131	-425
-12487	-8381
-1816	6304
-693	-5509
9276	5415
9557	10011
-10942	-10670
15173	19403
-10240	-2837
13488	21546
11382	-6721
-131	-11554
-3220	-10911
1554	4626
3519	5566
1273	-7460
18402	15190
-6449	-10050
2817	10914
-11785	-10227
12646	-598
-2799	12660
-20630	-4228
14190	16959
9136	19075
3379	-3644
-693	-7651
-17261	-2668
6608	-1177
11803	17693
5064	15473
11242	-594
-13610	-11933
-4624	-457
7872	-6302
-7432	-4952
10540	-512
-5466	-12908
711	-380
6328	-10697
-4343	3336
-2799	-5582
1413	-8117
9416	-2459
6889	-6840
-6309	3623
-4203	4955
-11785	3701
-17541	-10651
9697	9464
-8696	-12644
1975	-3817
7872	11369
-833	-4487
13348	2429
8293	13768
-5326	-2422
9416	1686
-6871	-9402
-7713	-6822
-9398	-11923
1694	-5928
6889	5543
992	1476
6468	4503
-4343	-10661
-2518	-9010
12225	22512
3519	-8737
14050	15491
-5466	-8281
-1395	-11381
-3360	-5573
4081	-5645
10399	9313
-2518	-10825
12225	15555
852	5069
1694	-3111
5766	-1898
-8275	-11987
-10240	-11217
13629	12455
7310	-908
2677	-5924
-15154	-8317
-1114	-4998
-17120	-11928
15594	22412
6328	2693
-7573	-9215
-7151	-3147
6468	-8281
10540	11971
-1535	-7538
-693	4075
-6028	-5500
-9819	-11618
8434	-3115
-552	4540
1413	4699
-12487	-9352
-3360	3569
6889	-2253
-6449	-11600
9136	-9689
-3220	20579
1273	-2253
4783	2753
-15154	-4269
14331	10604
-15014	-6708
12646	12942
-1114	-11221
11944	16562
1975	1759
-11644	-10004
17139	9933
-24140	-5190
14190	16111
-9398	-4998
6468	4111
1273	-457
-3220	-845
-5607	-12936
-10100	-8203
13067	1316
290	3883
-7853	-11600
-8696	12145
-1395	-13364
-4764	-10711
-8696	-8577
-2518	-8910
21632	13093
-1956	1531
852	-4300
7872	2547
19806	7262
3660	-1050
711	-11746
4081	14119
-1816	5310
-18103	-3954
-9679	-10629
-19928	-4342
-10240	-1661
5906	12382
6328	-1761
17560	19941
3519	16366
3800	1485
-4062	12477
-15014	122
-3922	1225
13909	17497
13348	-3512
-9538	-9708
-3360	-7155
-4062	-3270
5485	11948
3800	5684
-16699	-10870
9838	15322
1554	-3699
4362	-2522
12084	10503
13909	6719
5064	-15
-4905	-4031
6328	7563
7732	10485
7872	-10606
-8134	-3129
-6169	-10656
-5326	3423
-6169	3874
9276	12824
-131	-10232
8434	7594
-6309	-6133
-14312	-7205
8714	6136
-5607	-3840
-13189	4699
-11925	-6475
4783	-5873
-5326	-12320
-21051	-10756
150	8721
9	-12115
-1395	3906
-9398	-5025
-12627	-8536
7872	12040
5626	1476
-10521	-11964
-10100	-8974
16156	17337
8153	3031
3519	-1966
-9398	-6548
8574	6094
16998	21240
-4062	-1980
290	-2901
-4062	17807
16858	21263
10680	856
9276	15993
4783	-1214
-8696	-8586
13629	11994
5204	4850
10540	3268
1554	4125
-131	-10164
16577	12473
2677	8607
-5747	-11536
9838	14793
12786	2821
16015	17497
7030	-7360
9	-11572
8434	3313
-3501	-13291
-12346	10763
6889	21723
-4905	-6320
-10802	-11417
-2097	-13414
6889	10294
21632	20483
8714	6628
11242	190
2817	-1460
4502	14224
-6449	-9927
14050	20967
5485	-2527
-3922	-12229
-7151	-10154
4923	-671
-2799	-9803
4923	2028
-12487	12769
-9117	-12840
9	8898
150	-8053
-19507	-9019
-7713	-302
11382	12888
-14452	-2468
-3922	8438
4362	-357
8434	18628
12786	12427
-12487	-12188
-13189	-2773
3098	6263
-8696	-9534
3660	-4205
9416	12997
2958	12076
-693	-3448
-412	-8782
-12627	-10524
7872	1900
1273	-3717
-1114	-9671
9276	12509
-10942	-5162
14611	21427
-10381	-10205
-3360	-11098
6187	3997
-8134	5552
-6169	-4715
-10942	-3234
-27229	3209
-11083	-12083
-10521	-11654
-19367	-2627
-14452	-11682
21772	15473
2958	-3051
-552	10695
-7151	-10889
852	-10419
-3360	-9612
-693	-13264
11803	20150
-7151	-11819
5204	4777
7030	-10109
-4203	-7428
13348	24641
-24421	-3968
-2799	-5326
-1816	-3712
-15856	-6024
-7713	-11928
-7011	-6079
7591	8087
18402	16863
-9819	-10729
-7011	-12407
20649	12017
2677	-3293
-4343	-11417
12505	5023
25703	17511
1554	-6548
5204	-2135
-11083	-9694
-16558	6063
10118	18837
16156	18094
-14593	7366
1413	-8727
-19226	-11449
-6871	-9448
1273	-507
-4764	-9626
2677	11661
-3501	-6981
17560	13841
4783	4836
-6871	-4177
-10802	-6972
-7151	-3266
3800	1285
-1254	-1460
10820	24710
12786	11050
9416	3892
-25685	-2992
1975	7462
8153	24336
13207	16006
-2518	5356
10118	-7606
8293	22786
-412	-1807
290	6760
-11504	-3835
-10802	-9124
-4624	-6069
10118	15701
12225	-7392
-5747	-7670
4362	4813
-131	-5705
-4203	5360
18543	20957
-20630	-1834
-16699	-11112
11944	1950
-14452	-8919
18964	17524
-833	17707
5485	7389
10820	12573
-2518	2374
-1114	1166
6608	3765
-17541	-8536
-14031	-12416
18683	15154
5064	24500
21351	23912
-22175	-10369
-693	-7414
10118	22695
5064	-8048
3519	3104
-8696	-9753
7030	-2080
-1395	-10091
13909	4330
10680	-3215
-15295	-6275
-9117	-11381
-14031	-5062
-6309	-11773
8995	76
-1816	-2267
-833	-11071
992	-3649
-11644	-12192
-1535	-6922
3098	-8367
9838	9778
-11644	-7132
-1114	-10902
-13610	11041
-21332	-11964
-6449	-13100
-13189	-12170
-10802	-5686
-7853	-5176
8434	3044
21632	22325
-9538	-11901
711	7476
992	-7145
3098	-9571
-10381	-10123
19947	9350
9697	8684
-7432	4695
3519	-9325
6889	-8436
3800	-2723
9838	9113
13067	1202
-3922	-12015
7170	17743
-4343	-6079
-1254	5360
-1254	-9794
13629	4015
4362	-12179
8714	10462
-22455	-5076
-5045	-165
-11925	-4729
-15014	-8677
2396	-7998
24861	19799
1273	-293
-2658	4832
5766	-4114
-11223	-2481
10820	18910
-11644	-5317
-2097	-10861
5626	9104
-16699	-4360
-1956	-11258
-7432	-2696
14892	24441
-3360	-11034
14611	15035
-14452	-12334
-26668	2479
3098	-10984
290	8461
-7151	-2445
-2518	3596
-14593	-10291
4923	3063
-11925	-12115
-131	5201
7872	4982
-10521	-4907
-2658	-8162
-12487	-8513
22474	24149
-12627	-7223
-10100	-12001
-7853	-4857
6468	3017
6047	1271
-6028	1654
-5466	-7145
4923	6432
-5326	-11800
-10100	-12247
-5326	-10551
-10521	-11199
-5607	2019
9	-9703
-4203	-3644
4783	-6152
-1395	-11696
7591	-9781
-8275	-2500
-7011	-11030
-11644	-10770
-13610	2671
18122	15208
-13750	-11340
-7573	-7095
9557	11474
-4905	-13287
-552	-9056
-6169	-5974
-7151	-6425
2115	8082
-4624	-10127
5204	-2577
-12206	-11723
-8836	-1118
4081	-8240
-8134	1421
1975	-3047
4502	-4483
13909	2807
-552	6942
-12487	-11107
5064	-5249
-12487	-9156
3519	-8180
-6309	-5048
4221	15427
2958	-9968
-13610	-10414
1694	1841
3379	-11550
-10942	-10483
11663	12651
-7151	-4310
1273	-8217
7310	-5659
4362	7955
2396	9249
3800	-9498
13207	1171
-14593	-2810
-2939	13590
3519	-11928
6468	8543
-9398	-13100
10680	24236
3800	-3826
-3360	11160
3800	-1697
-13891	-11668
15735	12760
-10802	-4893
-15154	-11199
-10521	-12489
-2237	-7218
9	-5659
-9819	-10428
11242	14880
-7853	-106
-2518	-4050
19104	21154
-20630	-10939
4081	-7246
2115	-826
-7151	-5759
-11223	-7542
6468	3414
6468	7996
-11504	-11217
-8415	-11974
7872	19964
15173	14224
-9538	7663
-3220	20100
12646	17502
7732	8347
-5326	-8189
5766	17689
13348	14784
-8415	-4652
-5326	-12972
-8977	-10779
4783	-6680
2677	724
11242	1221
-8836	5520
-10100	-4729
-6169	-10196
6889	1088
2115	-6425
-11644	1052
-8836	-9398
8714	-1146
3379	-10729
10399	8014
21772	19398
-12346	-8390
-15014	-6904
9416	24062
11242	21714
-17120	-12667
3379	11566
4362	8958
-11504	-5691
290	-7952
2817	12072
11382	-6047
-1816	2215
-6309	-12001
14752	18254
1413	12272
-7573	-12981
1975	-5983
-11504	-7993
150	-9831
-6871	-3320
-7573	-10045
13348	5853
5766	20397
11523	-2928
7732	842
7591	20821
-17401	-8281
-3360	-872
6328	-5773
-10521	-10775
-7151	-2044
-5747	-8126
7030	-4396
15033	7927
-7853	-11016
8995	11721
-8696	-6220
14892	14365
9	-11914
-8977	-9744
3379	-471
-6449	-8527
-6309	-12006
-1254	-10743
-9398	-7515
5906	491
-12487	-12662
-1114	2661
-15997	-12110
12927	988
15594	2826
-1816	-8791
10399	-1000
6889	24454
852	-4734
14190	12450
-8415	-8458
10820	17228
-2939	6532
-20209	-11071
7732	22767
-19226	-9876
-4764	-6781
-11223	-11568
16156	8397
-7151	1130
290	-5677
12084	-5978
4923	-4866
-6028	391
150	-11773
-17963	22
-10802	-9730
-6309	1968
7310	-1442
10118	12053
13348	15372
-7432	-9512
-4905	-10724
-1535	-13223
13348	6113
14190	24441
7732	4449
16998	11629
-4062	-7624
-14593	-11892
4221	12974
5906	10936
1975	16034
1554	-3813
6468	-3940
-7432	-10806
13348	15190
290	-2130
-11785	-11814
5485	-5226
852	4663
-3220	3259
-9117	-11326
-2237	-7104
4221	13189
4221	-9170
-7713	-8189
13488	3500
9978	15815
8574	-8240
711	-13068
-3641	-12635
-1535	7727
-12487	-4551
-1254	6113
-8696	-2408
-11504	-8344
12084	5196
-12908	-9484
8012	-4980
16998	14757
4081	-7606
16156	-781
14611	13986
5626	-12220
-2237	16996
12505	21140
-1535	-8905
-10942	-11249
-7853	-5782
19666	18888
17139	15669
4502	-7524
9416	6208
-8836	-7916
-13189	-4747
-3220	-8910
10680	17679
13067	16699
-2939	-9758
-5747	1088
2958	-11527
2817	3642
-11083	-10925
15313	9760
3660	792
-9679	-11422
-3641	-12142
-8134	-8500
1694	-7442
-5466	-2659
-5326	-612
-12487	-7036
-18665	-3494
5064	3819
-14733	2639
2817	2693
9	-7980
-15997	-4460
11242	19991
-13048	-12037
-9538	-2682
2115	15072
2817	-1820
150	-11135
-7853	-8363
18262	16936
-4764	-9256
-15716	-1533
8995	-544
-1254	6400
6328	3450
5626	3044
-15014	5210
15454	10973
-552	2671
-131	-1200
7030	4927
8995	-507
-9819	11566
-1114	-10515
6328	-83
9276	-1405
7170	-3070
-8275	-7278
-9117	-11103
9136	3897
8012	-863
11944	10676
-5747	-9156
-15295	-5267
711	4727
-10240	4950
-10100	3359
-3501	7056
9276	-1597
571	-6047
-5747	-6690
-8415	-1373
-5747	3300
-4624	-11208
-1254	-8636
4362	-703
-4905	-7761
25423	20771
2817	-2532
8995	-7606
9557	2411
-13750	-4811
-3922	-7223
14190	7996
-15716	-5071
13348	21144
3660	2999
18543	6063
6187	2333
15735	-6589
18262	6427
17420	13631
-5045	-11563
-6871	-5924
-7853	-10246
-11644	-11586
-1535	-4889
9136	1836
12646	-1839
1975	1180
4221	-676
-2658	-12867
9416	22968
12225	-4228
-3641	-8381
-18665	4212
-14452	-3161
2396	6126
-5045	838
-6730	-5135
18122	7398
-18665	-11636
-16558	72
14892	5110
-10240	-4939
13488	10749
-9538	-11126
-10381	-1738
-5466	-11431
11101	1608
-4905	240
13067	5675
-4343	-9284
-4624	3382
4221	1184
7170	-8413
2958	1157
-7713	-334
3660	14119
-7011	8406
150	1813
-9398	-6917
20368	23278
-9819	-3981
-2799	-8231
-1535	-11805
-131	-4141
-18524	6222
14892	16385
3519	-13050
-12346	-9243
-1535	-5582
-3501	-9949
2677	2456
-2799	-11691
2256	-2272
-4624	-8901
-10100	-1679
-10100	-12612
9838	25799
-7713	-11030
-5466	-60
12786	18071
-9538	-9265
15735	9983
9	-8317
3800	-4469
-1816	-13136
-11504	-4934
-13189	-11659
-10100	-9106
2396	-5404
-1956	3965
2677	5151
8714	-8003
23738	20543
18543	10667
-5607	9847
-6169	-9498
13348	12427
-10521	-10387
12505	23474
-8977	-4802
12225	8246
-10381	-11664
7872	5944
6187	6509
-3922	-5240
8293	12359
1273	11839
-14031	-11768
7591	7157
15594	25015
9978	-366
-4203	-826
9	-10246
-8134	3902
10540	-9844
-18665	-11595
16998	11575
-9819	-11427
16156	17356
1273	-5509
-6169	-3781
9136	-4342
3800	2853
7591	12012
14752	13353
6608	692
3098	-8235
150	-1861
-11925	-12293
13067	-4766
150	3322
6608	18090
-3922	-10838
12084	24828
-8696	-12379
-5466	-6845
-13048	-8367
-14593	-8864
-412	-10437
-2939	-10455
-2658	-13068
8153	2516
-12908	-7369
571	1663
992	-448
8574	-9220
-12487	-7907
6608	11420
12786	2949
2958	961
