5978	3307
7144	12612
-12313	-9099
12866	6409
-15107	-18404
4109	9510
-5740	3307
1991	-2896
685	12612
-12970	-9099
-8668	206
-8286	-9099
-829	9510
-4903	9510
1764	-5997
-8306	-9099
8162	6409
-8755	-9099
5455	9510
-6839	-9099
-8849	-2896
-11730	206
-7516	-9099
-4025	6409
115	-5997
-3509	28120
-8802	-12201
-15020	-12201
5616	206
2393	9510
-1928	-5997
2058	206
-10899	-2896
5703	-2896
3834	15714
-14323	-15302
25843	40526
-5894	12612
-6618	15714
7485	3307
27016	21917
-1687	206
-8554	-5997
-7583	-2896
-307	206
-2471	-9099
9261	3307
12711	-2896
14132	21917
-5399	206
12510	21917
16832	15714
14809	3307
12732	9510
26386	-2896
7325	3307
10842	3307
-6417	-9099
2688	3307
-8146	-5997
-2109	-5997
-7134	-2896
-8105	-9099
6159	37425
1991	18815
-15784	-15302
-14162	-9099
-1117	15714
15840	6409
859	6409
3298	18815
-13512	-12201
-7583	-5997
-11007	-5997
13073	206
-5580	-12201
-2565	206
-9975	-12201
-15335	-15302
-3214	206
-1258	-2896
-2042	15714
8658	3307
-13057	-12201
-10651	-5997
5911	206
-307	-2896
10326	-2896
17214	31221
-8782	-9099
12370	3307
-7067	-5997
-2920	-5997
4759	-5997
-14638	-12201
2956	6409
-13465	-9099
3566	21917
705	-2896
-2424	12612
-782	9510
-8012	6409
14735	3307
-6504	-5997
11968	3307
-5693	3307
-11100	-12201
-6913	-12201
-2136	21917
-15248	-18404
2280	-5997
14219	9510
-1660	28120
-14008	-2896
-896	-5997
-13713	-12201
-3958	-9099
12196	3307
-8012	-9099
-11978	-12201
1040	9510
-1479	-9099
4645	206
-9097	-12201
3137	206
-12970	-12201
11177	-2896
-13914	-12201
7217	3307
22172	206
10500	206
-10511	-9099
-4159	-9099
5730	25018
11673	-2896
-11710	-9099
15231	18815
13703	-2896
20530	28120
10031	6409
-12722	206
-3168	206
29401	3307
4604	-2896
7077	206
7217	9510
-8601	206
-240	18815
9355	206
-11864	-2896
24155	9510
3405	28120
10480	206
14896	9510
323	6409
-12340	-5997
3385	28120
-11750	-9099
-1975	3307
14105	6409
10661	12612
-6504	206
-10176	-12201
3452	206
8115	206
-6772	-12201
4062	3307
-12293	-9099
2213	18815
18815	3307
9308	21917
-13218	-12201
13361	206
-1546	12612
3519	206
-6551	-5997
115	206
28657	9510
-11348	-2896
31947	206
4625	12612
-3462	-5997
-11167	-12201
-9841	-5997
36543	206
11063	-2896
-11891	-12201
-6913	-5997
12303	206
17757	52932
8859	3307
3720	9510
-199	3307
-14839	-12201
7124	206
16363	6409
4692	206
-7610	6409
-287	9510
-3824	12612
-1117	9510
-6457	6409
-14772	-15302
95	12612
-4052	15714
-6323	9510
-9184	6409
-11616	-12201
7191	18815
-13465	-15302
-5673	-9099
10413	15714
-14524	-12201
15123	3307
7104	12612
-5874	6409
5864	-5997
10775	3307
-7650	-5997
-8306	-2896
-6551	15714
-5037	37425
11063	9510
-7161	3307
-2920	-2896
13408	6409
7753	-5997
-7831	-5997
1918	6409
20055	18815
-10672	-5997
12443	206
16765	-2896
5167	3307
-12159	-9099
-11864	-9099
9830	21917
20999	-5997
5951	-9099
-4052	-5997
-1975	206
-7992	206
3318	-5997
8591	206
-13941	-5997
12665	3307
-1211	-2896
-5151	206
-2518	25018
7010	206
-7898	-5997
-1392	206
8812	6409
-5492	-2896
-7744	-5997
-2357	206
-7811	206
12122	6409
-5285	15714
-12675	3307
-220	-12201
5482	-2896
10748	18815
-12655	-15302
-333	206
-59	34323
18661	206
705	206
-488	-5997
-7114	-2896
5140	-2896
10996	-2896
-6524	9510
-15221	-18404
-12179	-9099
-8782	-9099
-2471	-5997
-6705	206
-9137	-5997
-1928	-5997
-3482	6409
-601	-2896
-8286	-2896
-2585	40526
-11911	-9099
1087	15714
21200	3307
-14705	-15302
-4749	9510
-5017	-9099
8993	3307
1248	3307
8135	206
13274	3307
3787	12612
1315	-2896
11559	206
25053	3307
-9861	-5997
-13847	-12201
-7315	-5997
-9566	-9099
-199	-5997
4444	3307
-13486	-18404
3365	206
9784	6409
-11415	-9099
-2605	9510
-14658	-9099
13723	12612
-9412	-9099
15324	9510
953	-2896
839	206
-6457	3307
-6839	-5997
8249	-2896
-2786	3307
-4454	15714
-5358	21917
-4702	3307
-5084	9510
-307	-5997
1851	28120
-9499	-2896
-10176	-9099
-3328	-5997
-8353	-5997
658	9510
-12112	-9099
-8306	-5997
-7583	6409
-1392	206
10527	3307
12082	206
-3281	-9099
5482	-5997
-8601	-5997
-9613	-2896
12082	34323
6494	206
-8373	-9099
-6122	-12201
-10243	-2896
16182	3307
-6732	-2896
1067	-2896
8363	34323
4872	-2896
-14658	-18404
1536	206
-8755	3307
-2089	-2896
10614	-2896
6943	12612
7733	206
-8353	6409
906	12612
5207	12612
-8260	-9099
1221	-5997
23840	3307
-1546	-2896
4357	3307
-5245	-5997
-10223	-5997
-7000	-5997
-7181	6409
-8487	3307
685	-9099
-8889	-2896
12055	25018
1000	-5997
1469	6409
-15268	-12201
1764	-5997
-1077	18815
-7315	-2896
-5647	-5997
11177	-2896
1355	15714
-7181	-5997
-3938	-9099
7847	-2896
-3824	-9099
3948	6409
-5513	9510
-2109	-5997
95	206
8363	-2896
-3348	3307
7954	3307
6112	-2896
457	-9099
-6142	-2896
-9345	-5997
-2812	-2896
-9231	-9099
10956	206
7037	-5997
1020	206
-14390	-9099
-421	21917
4604	-2896
-9794	-2896
-6913	206
-4769	-5997
21944	3307
27063	6409
-13398	-15302
-3168	206
-447	-5997
-6504	-2896
35599	3307
11807	3307
-3348	3307
37716	3307
1288	206
-5693	206
-6075	3307
-8126	-2896
6896	3307
-11817	-5997
11653	3307
2594	-2896
11063	206
-12990	-2896
4558	6409
2936	-2896
-11033	28120
-13847	-12201
-12655	-12201
-8956	-5997
-4434	-5997
3003	6409
4082	206
5864	-9099
1469	9510
-6209	-2896
-5961	9510
-7449	12612
-11663	-12201
30956	6409
1040	3307
8343	206
14735	-2896
12263	3307
10165	28120
17080	206
11291	6409
4692	25018
4712	-2896
-11817	-12201
22581	3307
12799	-2896
4149	-2896
14983	18815
6628	6409
8363	206
-9164	-12201
9583	9510
-4521	206
6360	206
-3623	-5997
-6343	-5997
-8079	-2896
-1298	12612
3050	-5997
9623	-2896
3405	-15302
-4635	206
6514	-2896
-11462	-15302
33770	3307
-13419	-9099
-4635	-5997
-6323	-9099
-12675	-2896
-14182	-15302
-2404	6409
-3844	6409
16316	-2896
1851	-2896
-7114	-2896
-15630	-18404
-15717	-15302
-4407	-2896
12122	3307
14628	-5997
75	-2896
-13532	-18404
-488	-2896
-6933	-5997
2956	3307
-4340	6409
1536	-2896
-1050	9510
-6732	9510
1402	-2896
-13646	-12201
-10605	-12201
-12876	-9099
-10062	-2896
-9546	206
-2766	15714
-1479	206
3184	-5997
3653	9510
6675	206
6829	25018
3184	3307
-1821	3307
-15697	-18404
10567	-2896
-12789	-12201
3968	-5997
-7000	206
-4521	-5997
7914	3307
5864	3307
3405	206
12732	-2896
13857	206
-1774	-2896
18748	3307
-13151	206
2460	3307
-13847	-2896
-3529	-9099
11787	-5997
-4434	206
-3080	6409
-4588	-5997
5073	-9099
-1050	21917
4424	206
6648	206
-3168	-2896
-2652	-2896
-5714	-9099
-6008	-2896
-5151	-5997
6407	-5997
-5332	-5997
11948	206
-15985	-24607
-15221	-15302
10775	206
20865	3307
7485	3307
8095	6409
23974	6409
-12541	-12201
-4568	18815
4196	-2896
-13620	-15302
-6504	15714
-11482	6409
3251	-5997
4712	15714
12799	3307
-9774	3307
10842	-2896
906	-2896
-1439	6409
14762	6409
5207	3307
10594	206
-4635	-2896
2058	18815
5415	206
-2993	-5997
-3824	6409
-6839	206
-6189	-2896
4645	206
-4226	28120
-6189	6409
19720	3307
-12159	206
-1231	3307
-1077	-5997
-12655	-5997
2460	-5997
-86	12612
5301	-5997
-2089	206
2869	206
7820	43628
2373	9510
3586	206
-7181	3307
-5084	-5997
-6866	206
-1573	12612
-11167	-2896
7713	18815
16678	3307
9335	9510
16088	6409
16450	21917
17107	206
-7650	3307
-13733	-15302
-5580	-9099
27311	6409
-11864	-15302
8859	-2896
-19	6409
-39	25018
-7134	-5997
-7268	3307
-12360	-15302
-400	9510
-7161	12612
-12809	-12201
-9948	-5997
-8554	-2896
3298	-2896
4196	9510
16041	-2896
3901	-2896
-7992	-2896
-2745	25018
1516	-2896
9804	-2896
-7610	6409
-13733	-15302
4645	206
-15737	-18404
-5533	-9099
410	3307
-2853	-5997
-10538	-12201
-1117	-2896
10031	206
-8688	-9099
-8012	-5997
4531	3307
-7449	9510
6762	12612
7418	21917
-3663	-5997
-3348	-2896
1603	-5997
1965	12612
7733	3307
-5647	-9099
-1754	-9099
-2498	-2896
-2900	-2896
8	206
-2632	12612
-2967	-5997
14943	-5997
115	12612
-11147	-5997
4109	-2896
-13218	-15302
276	-9099
11968	31221
-12494	-9099
3338	40526
-10966	3307
10326	206
-1412	15714
-7382	6409
933	25018
-10672	-15302
2259	-5997
-11120	-2896
23003	9510
-1573	28120
13609	206
-7516	206
-8755	34323
24872	206
3090	15714
-6866	206
1811	6409
6112	-15302
-3824	6409
-5037	-2896
35465	21917
-5245	3307
-7992	-2896
6561	-2896
-11777	-12201
-2967	15714
-5693	-5997
-7724	-12201
-11797	-5997
-6732	-5997
16631	3307
-6343	-9099
-1325	206
2802	-5997
-2585	206
19874	3307
9938	6409
11787	-2896
-6524	-5997
-11998	206
-1392	-9099
-4930	-5997
-1191	-2896
15123	3307
-11080	-5997
886	-2896
-7134	-9099
-2250	9510
2393	12612
4604	-2896
4960	15714
-3194	31221
-1546	-5997
12330	3307
591	-2896
-12950	-15302
-59	-5997
-2357	6409
5274	-5997
-421	-2896
19331	9510
-11120	-12201
-3938	206
1248	6409
18835	3307
1563	3307
7532	3307
1650	12612
-4789	6409
1268	-2896
-14819	-9099
5140	206
18413	3307
5274	6409
-1030	3307
3385	-2896
-11978	3307
15974	3307
34875	3307
-534	-5997
-6732	-5997
-4226	6409
-3556	-2896
15592	59136
-13037	-15302
-4789	-5997
-8038	3307
-8936	21917
-2538	-9099
-3328	6409
-9318	-5997
7057	-2896
16678	9510
-1325	-2896
-3891	-2896
6018	6409
-11958	-2896
-9747	9510
8477	206
-11395	-5997
-8802	12612
-1754	-12201
-12742	-9099
-6256	-9099
-12293	-5997
4759	3307
12510	34323
16021	9510
1087	206
-7697	-2896
11539	3307
3881	3307
3948	-2896
1221	6409
-10511	-12201
-7764	9510
24289	3307
-10444	-9099
-3777	-5997
-10156	-5997
6045	3307
26567	6409
12959	3307
-14638	-18404
-14973	-15302
10480	206
-14343	-9099
-1613	18815
9985	-2896
-8735	206
5053	28120
685	3307
8001	-5997
-9861	6409
-6256	-2896
-5379	28120
-7047	-2896
10996	206
-2672	12612
-6008	-5997
15030	15714
9737	3307
-11007	-12201
-9881	-12201
8926	-2896
-3127	-2896
22467	206
1422	206
-6169	-9099
-1546	206
-6752	206
9020	31221
-13104	-15302
-5399	-2896
-622	206
-9345	3307
-514	3307
-14504	-12201
-11891	-5997
-12065	-9099
-14256	-9099
20008	206
-7811	9510
-11596	-9099
-6839	9510
7887	3307
-9881	-9099
17442	3307
5388	206
410	-5997
6628	9510
-9861	-2896
-3509	-2896
2594	-5997
15304	206
-13553	-15302
229	3307
11492	25018
-2605	-5997
-7047	6409
1831	-5997
-1459	-5997
-9841	-15302
-3978	-2896
7144	206
15619	3307
933	-2896
-10263	-12201
-1211	-2896
-9204	9510
-4025	-2896
-5606	-2896
-7971	-5997
11177	9510
4444	6409
-11931	-12201
2755	9510
-5693	-9099
16785	28120
-10263	12612
11090	-2896
10815	3307
9261	3307
457	6409
-266	15714
12149	206
11767	206
5207	-2896
-7543	9510
16430	206
3204	206
-4883	6409
-7764	-9099
-2672	6409
-12025	3307
15077	9510
6407	21917
-5606	-9099
-266	-2896
-9318	-9099
-13305	-12201
17576	18815
-13827	-9099
8363	-2896
-5988	18815
8879	3307
-7315	206
6360	206
-9774	-2896
14152	6409
-3442	-2896
9241	6409
5703	-5997
11358	6409
14313	206
-5358	3307
-15449	-12201
-5827	-12201
-15422	-15302
-2223	-5997
11633	12612
-7429	25018
-9117	-12201
5663	-2896
-11864	-9099
2058	-5997
-5285	-12201
571	3307
-8849	-12201
-11797	-9099
14246	6409
-7630	-5997
-16078	-21505
13723	206
9194	-5997
-4836	-5997
-10404	206
20638	12612
-8849	-9099
-7382	12612
-7315	-5997
-5446	9510
4625	206
4960	-9099
-2176	-9099
-6095	-5997
-3576	-9099
-266	206
4377	206
-8394	-2896
-4903	-5997
25214	206
13388	206
3814	206
-6571	206
11519	-2896
-6839	-5997
7686	206
-13646	-5997
-3261	-2896
5750	3307
-3348	28120
16926	3307
9737	6409
-14296	-5997
-6236	-5997
3633	18815
-8219	-2896
9422	-2896
4357	-2896
-5874	-12201
-8012	-2896
2594	-5997
-10156	-2896
-6866	9510
17596	12612
-15402	-18404
-10310	-5997
9918	12612
1469	-2896
1154	3307
-7724	206
-15020	-15302
6762	206
-10089	-9099
-15040	-15302
1449	-2896
-9700	-5997
-14323	-15302
-240	31221
1469	15714
-9097	-9099
10889	9510
-10759	-15302
5388	206
-9251	-9099
4893	-2896
9261	206
2956	9510
-9412	-15302
296	-5997
-11817	-9099
792	-2896
17442	3307
-12742	-9099
725	-2896
-10605	-2896
-14142	-18404
-7898	3307
-11234	-9099
-13800	-5997
11338	6409
-6933	15714
3472	-5997
7506	3307
-9908	-5997
-3938	-9099
-3623	3307
-6504	-2896
7532	206
8	-2896
5589	206
16698	6409
-5492	-5997
7238	-2896
6045	206
16155	3307
-782	-2896
4310	-5997
-8755	3307
4852	3307
-9365	-2896
390	-2896
8383	-2896
-12903	-9099
-7362	-5997
4310	-2896
5435	3307
-6075	3307
-12789	-12201
5998	206
772	12612
-11864	-15302
-8802	-5997
5730	206
13569	3307
-13465	-15302
-15630	-18404
-3375	-2896
-7295	-2896
13857	206
10212	-2896
9650	12612
-2424	6409
4759	206
10253	-2896
-7697	-2896
4283	-2896
7124	6409
-10156	206
9556	206
-15851	-15302
-13579	-9099
4149	9510
-8755	12612
-10966	-12201
-12206	-2896
-534	-2896
20504	-2896
-11234	-12201
189	-5997
21200	3307
-2451	-2896
-15965	-18404
8772	3307
7733	-2896
-3576	206
10393	206
1067	18815
-13017	-9099
-12541	-12201
5703	-2896
-3482	-2896
1268	12612
-7295	-5997
-7858	3307
8591	12612
2976	3307
-6209	-5997
6581	-2896
-11415	-12201
-1010	9510
-3690	206
-4206	206
3861	-2896
-555	-5997
-7650	-12201
21723	3307
18252	206
7640	25018
5254	-2896
15572	206
-488	-9099
2481	3307
6608	9510
-4930	-5997
9650	-9099
2728	-5997
12303	3307
-240	6409
142	-2896
25100	6409
2280	-12201
-10290	-9099
-1908	9510
9355	9510
12397	6409
4511	28120
19130	6409
18185	3307
6313	9510
-11817	-12201
-240	-2896
-8012	3307
6541	206
-9975	-5997
-9479	-5997
-5781	9510
21810	25018
2259	-5997
2775	3307
611	206
-8507	-9099
-10718	-9099
6266	12612
-8146	-5997
410	206
10279	21917
-12541	-2896
-1345	-5997
20550	6409
4310	6409
-8038	-12201
-3824	6409
-8286	-2896
-1117	206
11740	-2896
-9747	-12201
6608	206
-354	206
4357	206
-2879	206
7753	206
-2250	-5997
-12675	-9099
15164	6409
7351	-2896
7104	3307
12082	21917
29629	6409
-5446	-5997
-668	-9099
2280	12612
11720	3307
9830	-2896
-3328	12612
-2946	-5997
-8467	3307
8249	-5997
-11007	-12201
477	-5997
-2384	-5997
7914	206
8276	206
1851	-5997
32222	206
-15898	-21505
6923	206
1020	206
3050	3307
-2069	3307
-3556	3307
14876	206
15190	9510
11700	-2896
12397	6409
12149	-5997
5884	-2896
-4903	206
-15764	-18404
-5358	-5997
-14524	-15302
3519	6409
-8394	-9099
4759	206
-5513	-5997
839	3307
-8822	-5997
3747	15714
-3596	21917
-2223	-5997
-5285	21917
-11462	-9099
-5446	6409
14085	-2896
7820	206
14628	206
-8534	-12201
-4541	-2896
28028	9510
1784	3307
-2900	-9099
-1365	206
-869	21917
-11817	-9099
-5533	-2896
725	206
17194	-2896
-12675	-12201
-10491	-12201
-12521	-12201
9603	3307
-8782	206
8	-5997
19177	3307
-2920	6409
-3757	9510
8698	9510
11921	-2896
10842	206
10480	206
2889	-5997
-7543	9510
8068	3307
-2471	-5997
11291	-5997
5730	206
-10692	-9099
504	6409
3271	-2896
-3328	206
-14323	-15302
-2109	206
3338	-2896
12577	-2896
5301	-2896
10005	206
5207	-5997
-7228	-5997
-11120	-5997
11807	12612
-1506	-2896
-14926	-15302
-14323	-18404
14353	206
5951	6409
9308	3307
23545	9510
-7181	12612
-4186	3307
18339	6409
-7630	-12201
-1325	-2896
-13512	-9099
-15536	-15302
-4159	9510
973	9510
14333	3307
3546	-2896
-12561	-15302
1831	-5997
6226	-2896
14353	3307
-8059	-2896
-5332	-5997
8202	18815
-15067	-18404
-11462	-5997
4464	-2896
-12246	-9099
-14256	-9099
-5606	12612
11901	206
-467	-5997
-2672	6409
-14048	-15302
-1727	-5997
7191	9510
-10759	206
-2993	-2896
3204	206
-6732	206
6923	206
-9298	206
1449	206
2869	-2896
3519	31221
-13264	-15302
-10310	206
-13151	-12201
-333	3307
-14028	-18404
-11007	-12201
-1861	-2896
-6799	206
-14095	-12201
-8822	-5997
24946	9510
14018	206
-1955	9510
1536	-5997
-8306	-9099
-11750	-5997
-3013	18815
-7362	-5997
-11187	-2896
-5151	-2896
2688	206
-10310	-5997
-447	-5997
14715	3307
9060	3307
1422	12612
-1774	-2896
3251	12612
-12065	-9099
-4253	-2896
-2900	-2896
1945	-5997
3452	-2896
-12206	-5997
31183	206
4604	-2896
-13017	206
14199	12612
-14276	-15302
-13352	-12201
-11502	3307
-7650	-2896
5730	206
11881	206
-10377	-5997
3968	206
8859	206
-2745	-2896
390	-2896
5569	18815
9717	206
-13666	-9099
-4186	-9099
-11482	-9099
-12903	-9099
-9097	-12201
2280	21917
-8889	-9099
11673	-2896
-829	206
1945	206
1878	-2896
-668	15714
-1888	18815
-12990	-9099
8926	-9099
13113	206
-8708	9510
-14430	-15302
-7087	18815
12303	206
7392	-2896
-266	-2896
-15335	-18404
15505	206
17147	3307
-6437	3307
-13352	-5997
-12789	-9099
-2745	9510
-12856	-15302
28142	6409
9985	12612
14648	31221
1670	206
29468	3307
-555	206
-8554	-9099
-12836	206
10547	6409
-8420	15714
-11978	-9099
-9097	-2896
1918	206
-4501	-9099
8879	3307
13857	3307
9964	21917
2621	-5997
-11958	-9099
-1258	6409
-10832	206
-1794	-9099
-12521	-5997
1918	-9099
-1640	-9099
-7181	12612
-6008	6409
-6638	-5997
-8601	6409
8591	3307
5730	-2896
3499	206
-4883	-5997
10005	-2896
-10109	-5997
-1928	-9099
-10337	-9099
-10986	-9099
819	9510
-59	-5997
-5178	-2896
-9030	18815
-4816	206
-7067	-9099
-7382	-9099
-11053	-12201
-4863	40526
2414	-2896
-11033	206
-5265	-5997
363	3307
12102	-2896
1248	3307
-10873	-9099
-9184	-9099
1965	12612
18252	6409
26674	6409
-10940	-9099
-14323	-15302
-2812	21917
6360	25018
7439	3307
792	-5997
2146	-2896
4645	3307
-488	21917
17147	3307
-7067	-12201
-4682	3307
8658	6409
-5626	-5997
-11998	-12201
-15810	-21505
-14973	-18404
-15944	-21505
-11864	206
11110	3307
13857	206
2326	206
-5874	3307
1583	-5997
8591	31221
11090	15714
7258	206
-8440	-2896
9985	21917
8497	206
17757	3307
9603	-2896
-534	-2896
11559	18815
4872	-2896
-10424	-9099
-6705	206
-7449	-9099
16879	9510
-13666	-12201
-5894	-9099
1563	15714
-220	-2896
-6685	-5997
23860	206
2460	9510
13770	206
-3623	-9099
2079	206
-5647	6409
-15516	-21505
-9345	-2896
9308	9510
1000	15714
-13760	-12201
7191	206
-13419	206
2507	-2896
2554	-9099
8859	-2896
-8079	-9099
5027	9510
9830	-2896
6266	206
-106	9510
11519	-2896
7753	6409
-12903	-5997
20664	206
8450	-5997
-14792	-15302
-2069	206
953	9510
-2745	6409
-4119	-2896
10005	6409
2373	3307
5884	6409
-916	206
-581	9510
18205	3307
-3891	9510
-7811	6409
3251	-2896
-13151	-12201
229	-2896
-13264	-12201
14447	21917
16584	3307
933	-5997
3653	-2896
14152	3307
-8038	-9099
-8306	-9099
-2993	21917
-4320	-5997
-829	-5997
-15489	-21505
10815	206
-14819	-18404
10708	25018
8048	-2896
-7858	-12201
5053	206
5911	6409
5978	206
1107	49831
7934	-2896
11807	3307
12758	6409
437	9510
-9593	206
-13372	-9099
2373	206
-12139	-15302
10460	25018
-8353	-9099
-9318	-5997
14219	206
11157	3307
-2585	-9099
11063	15714
26788	6409
4149	3307
457	-5997
-7067	12612
15686	3307
-132	-2896
6360	206
-13218	-2896
-1365	9510
39317	12612
7686	-2896
13609	28120
21857	206
-9231	-12201
-15697	-15302
-1687	6409
-648	-5997
933	6409
-4072	-2896
4939	15714
11586	206
-10471	-12201
-5492	-9099
-12206	-9099
-4434	-12201
-13151	-9099
-59	15714
15706	6409
13857	-2896
-12923	-12201
1496	9510
15030	6409
2306	9510
6199	-5997
-15489	-12201
8698	3307
5636	206
5388	-5997
209	206
5951	9510
7954	-5997
-8394	-9099
19807	3307
705	206
4939	-2896
3861	-5997
-2471	3307
-2920	-5997
11291	12612
16182	3307
-3871	-2896
-1211	206
-6953	-5997
10956	15714
4243	37425
-11931	-9099
-8219	-2896
-4434	-9099
-6933	-12201
-12139	-9099
3338	9510
-7496	3307
16450	206
3948	-2896
15056	15714
-13532	-15302
-5111	6409
-13512	-12201
-10785	-5997
-15650	-18404
-7181	3307
-5332	40526
8162	6409
-4568	-5997
-7811	-2896
-6799	206
1991	-5997
9040	15714
-8105	21917
-8146	-2896
-6075	15714
8202	206
-11931	-9099
-4903	-2896
-3235	-2896
-12876	-12201
-11864	-12201
-15382	-21505
544	-2896
6809	-2896
296	3307
-11147	-9099
-12313	-9099
-648	-2896
4671	206
-13372	-2896
12825	15714
10433	-2896
-12769	-9099
-5131	-2896
-5358	206
4939	6409
-601	6409
2440	-2896
4671	-2896
13428	206
-5111	-9099
5522	206
24785	3307
-1050	-9099
-9613	206
-1231	-5997
-13372	-12201
-2250	-2896
-488	3307
-13398	-2896
-4655	206
4558	-5997
-1211	6409
5073	-5997
7713	206
792	15714
-14638	-15302
8316	-5997
6132	-5997
1563	-9099
12236	-2896
-9727	6409
3566	9510
5301	9510
3137	-9099
5140	-5997
6045	206
933	12612
-4816	-5997
-2745	206
3405	15714
2822	3307
6313	206
-10940	-12201
6789	15714
8410	18815
-12139	-12201
15505	3307
13770	3307
14849	3307
-715	-2896
-4615	206
-7791	-2896
-10832	-12201
3901	-2896
12691	-12201
-7610	206
18433	12612
-10538	-9099
7057	206
2755	206
-11281	-9099
-14028	-12201
10956	3307
-153	3307
1496	206
-7650	12612
-9003	6409
-2652	-5997
7713	-5997
-14115	-15302
14038	206
-5151	6409
-12588	-2896
22601	3307
12778	-2896
32081	-2896
-7362	-12201
-8172	-9099
-8059	206
-869	3307
-5760	3307
-2605	206
7465	206
-983	-12201
-7650	-12201
-7791	-9099
-13553	-12201
410	6409
2889	-5997
10005	-2896
2481	3307
11425	-2896
-6189	-2896
5301	-2896
-4930	-5997
-15221	-15302
4330	-2896
7800	206
-4970	-2896
-8373	9510
906	206
4263	3307
1898	3307
-3127	-5997
-13981	-12201
4872	9510
-5513	-9099
323	-2896
-14430	-18404
2440	206
-5961	-5997
3499	-2896
2802	28120
-4702	-5997
-5037	12612
3928	6409
-11596	-12201
-11958	-2896
-13599	6409
-1794	-2896
-11007	3307
-4501	-2896
4176	-2896
-8554	-2896
-7067	-12201
9194	3307
7171	-5997
-7020	9510
-2337	-5997
390	-5997
-15020	-15302
-3462	-5997
10748	6409
3546	-5997
-2022	28120
-11462	-9099
6494	12612
8316	6409
3787	3307
-534	6409
5415	-2896
-5874	-2896
-1506	12612
24041	206
4377	206
8	-5997
-735	-2896
-14678	-15302
18272	31221
-5425	12612
-11663	-9099
18748	3307
-9231	-2896
-11234	-5997
39652	12612
13569	3307
-3482	12612
-7724	-12201
3653	206
705	6409
-12474	-9099
933	206
-896	206
-6504	6409
-6484	15714
-4186	6409
-11931	206
-10785	206
4712	-2896
48	6409
-11328	-9099
343	-5997
2146	206
6199	-2896
-4836	206
10775	206
7392	15714
-447	-2896
13837	-2896
11519	206
1000	28120
-2069	6409
7325	206
-2451	206
11137	206
12845	6409
-802	-2896
9964	206
-8467	-2896
-10538	-12201
7914	9510
10393	3307
-7583	-9099
14065	6409
-5466	-5997
1965	206
5234	-2896
7258	206
-12025	-12201
343	18815
-7563	6409
-14209	-15302
-7429	-9099
-5854	-5997
-1144	3307
-782	6409
-5781	-2896
-9747	206
-8286	-5997
6514	-2896
390	-2896
-11549	-9099
-8641	206
9060	18815
-5693	-9099
-11080	-5997
-13486	206
2574	-5997
3472	9510
-9432	6409
8095	-5997
12939	206
-5740	206
2192	34323
2822	15714
-10109	-9099
6695	25018
-10310	-5997
5931	-2896
-8394	-9099
3432	-2896
9355	206
-14075	-12201
-5198	206
-1345	15714
-3844	-9099
10186	206
-8755	3307
9154	206
-5580	-5997
7532	-2896
-1888	-5997
-2471	-2896
-9975	-2896
-8641	-9099
-10062	-5997
-1392	-2896
-12454	206
-2317	-2896
-3596	-9099
11063	-2896
-10042	3307
10212	206
-4588	-5997
-6665	-2896
5321	-2896
8611	206
-4072	-2896
5589	6409
-14638	-18404
13750	9510
9918	-2896
-6591	-2896
-3938	9510
-4903	-2896
-1392	-2896
13026	6409
3070	6409
11291	31221
-14430	-15302
-4769	3307
-8193	3307
-11817	-12201
5502	206
32604	6409
-5151	206
37622	3307
-9097	-2896
4939	206
-1144	-2896
-3281	15714
-9070	37425
-1412	-2896
-4300	9510
25642	3307
-2451	-9099
-1660	3307
4243	3307
-13532	-9099
2481	-9099
-13800	-15302
-14008	-9099
8926	-5997
22306	-2896
14735	3307
-14571	-12201
3090	25018
-4883	-5997
-7248	-5997
-10739	-9099
-6591	-9099
4511	-9099
-4320	206
-10042	-9099
-86	-2896
-2585	3307
-6390	3307
7010	206
11519	3307
7780	3307
-9298	-9099
8229	-2896
1355	-2896
-5854	6409
-11187	-2896
5636	9510
-12246	-9099
10145	-2896
-15422	-9099
-5781	-2896
-7543	3307
7077	206
3432	3307
4511	6409
-6591	206
-3623	206
2239	-2896
10594	-2896
-13666	-15302
-8983	9510
-3804	3307
-9861	-9099
2012	12612
-12246	-9099
-5492	-2896
-9908	-15302
13408	206
19512	3307
1134	-2896
-10176	-12201
13227	3307
15552	3307
3700	15714
-2270	6409
20055	-2896
8202	-2896
4196	-5997
18882	28120
4645	-2896
-1117	12612
-13847	-15302
4377	206
-12340	-2896
7392	9510
2373	18815
-14162	-12201
8	-2896
-11502	-15302
5120	18815
-11033	-9099
115	206
-9452	-5997
44563	6409
-3777	206
2889	6409
-514	206
13455	3307
-6819	-12201
-3147	-2896
4645	-2896
10253	3307
10775	-2896
4243	206
1670	6409
-2270	15714
8544	-2896
-12561	-9099
5884	3307
6829	206
5569	9510
3834	18815
-15784	-15302
-11328	206
22802	206
-11569	-15302
-2565	18815
-622	-2896
2936	6409
-1439	6409
-3804	15714
11921	9510
-11911	-9099
-2002	3307
-5425	3307
2347	206
1536	-2896
4738	-5997
-13780	206
-8012	9510
4919	3307
-1955	15714
2936	206
-5580	-9099
-14343	-15302
11720	3307
-555	-2896
-5131	206
-153	6409
-7114	15714
6407	206
8410	-2896
-10042	-9099
14219	3307
5435	31221
-4997	-12201
-14906	-15302
-2223	-2896
23793	3307
-12588	-12201
9717	206
-6685	6409
9871	-5997
4692	34323
-12025	-12201
-6504	6409
-3757	3307
-12387	-15302
13341	206
-1573	52932
8363	-2896
-5492	-9099
-2786	-2896
-8822	-9099
3834	-5997
-4702	3307
-8668	-9099
-4501	3307
2125	-5997
13254	6409
-14430	-12201
18795	206
-4072	-12201
-5781	-2896
10956	-5997
-735	-5997
-2585	206
-6256	-5997
-7630	-5997
-3871	-5997
13884	206
-9164	-9099
-8822	-9099
189	206
-6323	6409
21408	9510
-5827	-9099
1717	-2896
7532	15714
-13238	-12201
-10015	-5997
-14182	-18404
-11710	6409
-1928	206
13207	3307
-4320	9510
1965	-9099
2554	9510
-10785	206
1717	-5997
-8668	-5997
5703	-5997
7506	28120
-6122	-5997
-12206	-12201
-15764	-18404
-3080	15714
-12112	3307
-7697	-5997
3968	-2896
-8641	-2896
6856	18815
3767	18815
504	-2896
-220	-2896
17643	15714
-1754	-2896
-4387	6409
5951	-2896
4805	3307
-10558	3307
-9097	-9099
-7764	-5997
-6276	-2896
-11931	-9099
-8239	-2896
-3958	6409
-2089	9510
25549	21917
-5466	-9099
-14276	-12201
13857	9510
23070	-2896
8343	206
-9680	-9099
8383	9510
23277	9510
11271	-2896
2146	6409
-12702	-12201
-14571	-5997
8879	3307
-6055	-5997
15030	3307
34064	6409
-9385	-2896
457	3307
4196	-2896
24986	206
-10424	9510
437	6409
-2900	206
-14658	-15302
-11998	-12201
-2404	-9099
-916	6409
-581	206
6226	9510
-9278	-2896
-12588	-12201
638	-5997
-4568	6409
29086	206
-7161	-5997
-5580	9510
-4454	206
-9385	-5997
-8782	-12201
6856	3307
-3235	-5997
20705	9510
2775	-2896
3928	206
-15134	-21505
9938	-2896
12283	206
-8574	-15302
19894	9510
-3281	-5997
1201	206
-1774	206
9442	-2896
-4367	9510
-6799	-9099
10326	206
-916	206
-6866	-5997
-5492	-5997
22400	6409
5321	-2896
-4930	40526
933	-9099
-7020	-2896
2373	-5997
-3147	-5997
7753	206
24765	6409
-9184	-9099
9221	-2896
-9928	-9099
-3034	18815
9375	3307
-514	15714
13750	206
162	3307
8477	3307
16430	3307
-4903	-5997
-943	9510
8135	-2896
6474	3307
-14323	-15302
10480	18815
5951	-2896
-1050	9510
10098	28120
-1459	-9099
-5037	15714
-6618	-5997
-5647	-5997
7713	25018
-5017	-2896
-6236	-5997
1067	3307
11177	-2896
23612	18815
6112	206
-15040	-12201
-15067	-15302
19720	206
5140	-2896
-14363	-9099
-6839	206
-13666	-12201
-12950	-9099
5998	3307
75	-2896
-3101	206
6809	6409
-7114	-9099
1355	-2896
-9030	-12201
8430	206
-13646	-9099
4216	-5997
30212	12612
-12360	-9099
-7248	206
13093	25018
-2156	-2896
792	18815
1991	-9099
1516	-2896
-3958	-2896
23679	206
-1164	6409
10956	3307
-11891	3307
13321	3307
-9097	-2896
6541	6409
2802	9510
7532	-5997
-1117	-5997
-14792	-18404
13502	3307
-15851	-18404
410	21917
-1325	9510
7599	12612
11338	-2896
-12675	-5997
-2946	-5997
-14571	-9099
10052	206
4263	206
7914	-9099
5435	25018
-15650	-18404
-12836	-12201
-11549	-12201
1335	3307
-3804	12612
-10377	-9099
9985	206
15505	12612
-6457	9510
-5198	3307
9938	3307
-6571	6409
-11911	-9099
-15248	-15302
-2993	3307
1134	3307
-8869	3307
477	206
-5807	9510
-1861	-2896
-2290	-2896
-6209	3307
-5606	-9099
19854	206
-1975	206
10078	-5997
-869	-5997
5616	-2896
5589	206
-4816	-2896
-9251	-5997
2527	12612
17596	6409
5321	12612
7258	206
5321	9510
-3576	-2896
-10873	-9099
-6839	-12201
-12226	-9099
390	206
-7610	-2896
4939	3307
8316	-2896
752	12612
3519	3307
4779	-2896
5978	3307
6742	-2896
6923	-2896
16785	6409
10212	-2896
-2136	21917
-8822	-12201
-13733	-15302
-2424	-2896
10052	15714
-11281	-9099
-3415	-5997
-12454	-12201
13790	3307
-12407	-9099
9261	-2896
2239	-9099
5750	15714
9489	-2896
11492	206
3499	12612
638	12612
12196	-2896
1315	25018
-3757	9510
1583	-5997
21046	-2896
13884	43628
23143	3307
14943	3307
8497	9510
-6343	6409
8450	-2896
-1365	3307
28523	6409
-7449	-12201
26071	3307
9489	12612
-7878	6409
-12427	-12201
-6437	-2896
-1707	3307
6226	-2896
10976	-2896
1402	21917
2414	18815
-8956	-2896
-1861	206
-6390	-2896
-15536	-15302
3157	6409
-4682	-5997
1991	-2896
-11281	-2896
-2156	206
162	206
-4655	-2896
-4005	-2896
4216	-5997
5502	-2896
-4930	-5997
-6236	206
-13646	-12201
21904	3307
15438	-2896
-10243	-12201
-8869	-9099
-9975	-9099
15056	9510
16497	6409
-4903	15714
-3509	-2896
-3730	-5997
5978	3307
14065	-5997
-3710	206
-9747	-5997
7238	206
-7650	206
2554	-5997
611	-5997
-1392	12612
-3871	9510
3861	3307
-916	-5997
4109	206
-8916	-9099
-10089	9510
-5425	-2896
-3375	-2896
19083	-2896
-7677	3307
-12923	-9099
-467	-2896
4558	6409
11492	3307
-12635	-15302
-896	-5997
-5111	12612
-2853	12612
9757	12612
-8688	206
-601	206
-13419	3307
-7335	12612
-11710	-12201
2956	40526
-8507	-9099
-6591	12612
-11978	-2896
26607	206
3472	9510
-3328	-9099
-15154	-12201
-14457	-15302
819	25018
1717	31221
-15000	-18404
-11864	-9099
477	3307
-3415	-5997
-9278	206
-13894	-18404
16611	-2896
-8306	-5997
13388	6409
6132	6409
-13197	-2896
6246	206
10145	-2896
12443	-2896
-3623	-5997
-15288	-18404
4671	206
-9278	206
5797	-2896
-11911	206
-534	-5997
18748	-2896
-15201	-12201
-8219	-9099
-3214	-5997
-2920	-5997
-7724	206
-13419	-12201
-10899	-2896
11988	6409
-2317	-9099
-3281	9510
-2920	206
7887	9510
5368	206
-2337	12612
-10785	3307
11901	-5997
10547	6409
3070	206
12370	3307
2909	-9099
-601	-2896
-6819	12612
-6799	15714
9897	15714
-6933	-5997
-8574	-9099
-4434	-5997
8879	206
-6732	18815
-8574	-9099
-3168	-5997
33615	206
-12608	-9099
12510	3307
-14973	-12201
5167	3307
-2384	-9099
1516	3307
-9861	-12201
-12139	-12201
-3127	-2896
-3013	-2896
-9452	-5997
11740	-2896
-8306	-5997
9221	18815
4015	-5997
4558	-2896
-10290	-9099
-9948	-12201
-14390	-15302
-12836	-2896
-11998	-5997
-6457	-2896
15934	3307
-715	-2896
-8239	9510
-7114	15714
2661	-2896
-4340	3307
6018	25018
-10584	-2896
-6189	-2896
5797	21917
14715	3307
9308	9510
-15087	-15302
10165	-5997
16718	9510
5234	206
-8755	-9099
-12722	-5997
9020	3307
-5559	3307
-4320	6409
7104	206
-15851	-18404
10346	-5997
-12769	-15302
-3462	206
-12159	-9099
-6732	-5997
-7268	-9099
-3777	9510
-14390	-15302
-7764	3307
-2585	18815
12443	3307
-3013	3307
9127	15714
-6142	9510
6695	-2896
5388	25018
12350	9510
7217	206
-8802	-15302
1583	-2896
10052	12612
8497	25018
4738	206
-12521	-12201
6380	21917
6648	3307
-1144	-5997
11988	18815
-8487	-5997
-14926	-12201
-4682	206
-14363	-15302
-2136	3307
15659	206
4531	-2896
-4387	206
23163	-2896
-8260	-9099
5931	-2896
-9365	-2896
4872	206
-13264	-12201
23050	206
8028	6409
-4970	206
477	206
-10718	-5997
-5111	-9099
-11120	-5997
591	-2896
-5513	-12201
-10651	-12201
-13599	-12201
437	-5997
-4970	-9099
-4655	6409
4604	206
-15583	-18404
3948	-2896
-5446	-2896
-668	-5997
-10718	6409
-5513	206
2889	-5997
-10718	3307
-4682	-9099
-6953	-5997
5482	206
17127	206
15592	206
571	-5997
-13151	-9099
10547	206
15820	6409
21837	-2896
-9814	-5997
-12675	206
1536	25018
-5218	3307
5321	9510
2166	-9099
3070	9510
-2337	12612
1898	-2896
-9613	206
6762	21917
437	3307
10078	206
-59	9510
-12809	-12201
3251	206
18165	3307
-11053	-9099
-287	-5997
1878	21917
4464	6409
3814	-5997
5569	9510
5978	206
-3328	6409
953	28120
10775	15714
12330	9510
7485	-2896
5502	-2896
-7201	206
3519	-2896
9221	206
-7724	-2896
-9365	-2896
-1459	-5997
-2652	18815
-8936	-2896
-3013	-12201
-7181	-5997
12510	206
16859	-2896
-9526	-5997
-11214	-9099
-9747	-2896
-13124	-12201
5730	15714
1402	-2896
-2605	-5997
7171	-2896
3700	206
-11569	206
-7335	206
6809	206
-1774	-5997
11137	6409
3271	15714
12665	-2896
5797	206
-9881	-5997
8812	-2896
-7858	3307
-2203	206
5884	206
-14544	-15302
1945	-2896
3546	206
-581	-2896
-1687	9510
-4025	31221
-11007	-12201
25756	6409
-15000	-12201
11767	3307
15867	-2896
-14323	3307
-13867	-12201
-668	28120
-15268	-15302
4082	-2896
-3235	12612
-467	206
4082	-2896
3680	3307
-9050	3307
-2451	18815
-12407	-12201
3586	206
-13941	-9099
-7496	-2896
-6437	-2896
-12990	-2896
-2967	6409
7305	206
35914	-2896
410	3307
-15134	-18404
-9204	-9099
-7563	-2896
-1278	206
14896	9510
-15355	-15302
-4682	206
1422	21917
-5760	15714
9871	206
-2946	206
-6504	15714
-5874	-2896
-7067	12612
-10605	-2896
-12809	-12201
-447	21917
4397	-5997
-9526	-9099
-10739	-2896
-695	34323
6065	-2896
8202	-2896
-5332	-12201
-9345	-9099
-8916	-9099
-8668	-9099
524	-5997
-11234	206
-14477	-5997
-14028	-15302
48	21917
5388	-5997
7532	-2896
-12474	-12201
-6437	-2896
2192	-2896
1248	-5997
12598	3307
3633	18815
11358	206
-8146	3307
14333	206
7733	206
-2109	206
-13238	-9099
10253	-2896
-829	-2896
-16145	-27708
-4997	-12201
-695	15714
-4769	206
22038	3307
-9318	-5997
4176	206
-1573	-12201
-15630	-18404
-5285	3307
-3824	-2896
-12722	-15302
14628	6409
-12454	-9099
2481	9510
8162	206
20075	206
16383	6409
-6390	25018
7171	9510
-555	-5997
-6055	34323
6246	-5997
-9948	-15302
-5425	-5997
5234	3307
11606	206
12758	-2896
-3690	3307
-2719	31221
-8353	-9099
-13084	-5997
-9881	-5997
12778	21917
-240	206
9737	12612
-3101	-5997
-2833	-12201
-10852	18815
2976	-2896
-1727	3307
-2745	9510
229	-5997
7305	6409
20256	3307
7573	3307
-3978	206
7713	18815
-3214	6409
-15944	-18404
6132	-2896
-5647	-5997
-6256	-2896
2079	3307
-14209	-15302
-14028	-2896
10842	206
-2518	3307
-9948	-9099
2099	15714
1020	-2896
4283	-2896
3653	3307
-488	-2896
-3348	206
-12903	-15302
705	-5997
7753	-5997
-983	3307
-1211	37425
-7181	-2896
-11187	-9099
9221	206
-5245	206
-6343	-2896
4129	3307
-4521	-5997
-6437	-5997
-9928	-9099
-14544	-9099
13140	206
2079	-5997
-13151	-12201
10253	-5997
13227	206
10567	3307
3365	-2896
-11931	-9099
-3235	206
11606	3307
-9660	6409
437	-2896
11787	6409
-12226	-15302
-5198	-2896
6427	-2896
-5513	31221
5864	3307
5455	15714
859	21917
3680	206
-6276	-2896
-14048	-2896
-2900	206
-14048	-9099
6628	3307
-5312	6409
-4541	25018
-7315	-9099
-5446	-12201
-1727	-2896
4852	206
-13553	-9099
-8983	-12201
-11683	-12201
12035	12612
6132	21917
-12541	-12201
7914	31221
-2518	-5997
-4206	-5997
-2136	3307
-5874	-2896
-8755	-5997
-15087	-18404
5482	-2896
-2812	-5997
-10538	-5997
-11187	-5997
3251	-2896
-3194	-9099
-8641	3307
12531	12612
-9995	12612
5636	3307
18025	-5997
9194	21917
-15965	-18404
-6886	-5997
-9747	-15302
-13733	-12201
3318	-2896
-14772	-5997
-7697	-5997
3901	206
-8394	-9099
1516	-2896
-9030	-9099
-8822	-2896
-5218	-5997
1811	28120
-1774	-5997
-7971	-12201
9717	206
13428	-2896
20731	206
9757	3307
839	15714
-9995	-12201
-6705	15714
-1050	-5997
-9432	-9099
-2538	-2896
28	3307
-3168	3307
-5064	-2896
8477	206
-7811	-2896
14353	12612
5951	-2896
-10672	206
21341	3307
-9814	3307
-9070	6409
-13037	-9099
16926	21917
1382	18815
-1030	-2896
-153	9510
5073	34323
-8574	6409
1020	31221
9489	206
906	-5997
-12950	-12201
8202	-5997
25663	206
-6055	-9099
4759	3307
21247	3307
-10986	-12201
-8641	206
1020	-2896
-6437	-5997
30956	3307
792	-9099
3633	12612
457	-5997
11452	206
-6524	25018
-1687	9510
16946	6409
-4997	-2896
-14839	-18404
-4749	-12201
-7543	206
-10176	-5997
3834	18815
-14182	-12201
-4950	206
-514	31221
10661	206
725	15714
6112	-2896
13750	18815
-12045	-5997
-2022	206
276	206
29180	6409
6179	206
-7382	-5997
4893	206
-2920	206
14219	9510
10393	206
-14953	-18404
6628	206
-2136	-9099
4196	12612
-7402	-9099
7351	-5997
-15717	-15302
8725	3307
6333	206
1496	15714
6581	3307
10708	-5997
-7429	-12201
19606	-2896
19874	206
2347	-2896
-5425	-2896
-8641	-5997
13837	3307
6990	-5997
-9117	-9099
13254	206
6266	206
-13264	-12201
-11817	206
2554	12612
819	-2896
-5017	-5997
-1975	206
14105	3307
-12474	-5997
8725	3307
-14524	-12201
-9499	-5997
839	40526
-12635	-12201
-13238	3307
-4501	206
12169	3307
11988	-2896
33703	206
48	15714
-2853	-9099
6045	206
-6591	15714
-7429	-9099
13703	3307
-5245	21917
-10832	-9099
18453	3307
22849	28120
3137	206
-13800	-5997
-6390	-9099
-7067	206
1851	206
9221	-5997
-14906	-18404
6313	3307
-8079	-9099
-3034	206
-5854	-2896
-15449	-18404
-14792	-12201
-6484	-2896
-13579	-12201
3499	3307
-39	3307
1516	31221
6018	-2896
-5312	28120
7599	3307
11271	206
17281	3307
-12246	-18404
-9318	-9099
-13285	-9099
-15985	-21505
-8038	-9099
13026	6409
-8079	206
-8306	-5997
10232	3307
3224	6409
5502	206
-1573	206
18366	206
-11683	-12201
14038	206
-3730	-5997
2802	9510
-1479	9510
-3328	-5997
-4501	12612
-4407	-2896
-13419	-5997
-3529	6409
-4997	-5997
-6437	-12201
10232	6409
-2290	-5997
-3804	28120
14534	3307
-13941	-12201
5931	-2896
10614	34323
-11435	-9099
12510	-5997
3204	18815
-2337	-5997
4738	6409
9717	-2896
-15784	-12201
-581	-5997
-4119	-5997
-8668	3307
26252	3307
-11328	-12201
5663	6409
2889	-5997
-6095	9510
-802	9510
3023	3307
6065	206
-13733	-5997
8450	-12201
2802	-2896
8859	3307
-11683	9510
16993	-2896
-3509	3307
7217	3307
9556	-2896
-10584	-12201
-9137	-2896
343	31221
-14859	-12201
1536	31221
3814	3307
-3891	3307
11063	3307
1087	-5997
3633	-5997
7418	3307
-782	6409
1248	21917
5120	18815
15934	9510
-12836	-12201
3298	206
-13894	-12201
-8849	9510
-1861	-5997
-10156	-5997
-1546	-5997
2956	206
2012	-5997
-14430	-15302
-11033	-5997
-10538	206
-8487	-5997
5750	31221
11653	-2896
1422	-5997
10393	3307
-10651	206
-5740	6409
3720	-2896
7686	-2896
5368	3307
2481	206
-6618	-9099
15840	3307
-7248	-9099
5663	15714
2259	-2896
-10357	-5997
9509	3307
886	3307
30031	6409
5998	-5997
-15382	-9099
-11053	-9099
6474	15714
2058	3307
-9117	-2896
-9318	-5997
5341	-2896
-4454	-2896
3023	46729
-9975	9510
-8782	-5997
4779	3307
9583	-2896
2326	-5997
16135	-2896
17736	6409
-9633	-12201
14467	15714
-14859	-15302
-12065	-12201
16450	6409
14876	-2896
-10625	-9099
-13238	-9099
-782	25018
15505	25018
256	25018
-5218	-5997
-1117	9510
95	206
-5285	15714
-9566	-2896
10527	-5997
1898	9510
-3690	9510
1851	-2896
6112	-2896
363	-2896
-10337	-12201
-1050	-9099
2414	-5997
-4903	-5997
-421	-5997
3633	-9099
973	3307
-9432	-5997
-11348	-12201
-5151	-2896
-8735	-9099
-11683	-5997
-307	-2896
772	-5997
-10156	-9099
8658	25018
-1298	-2896
-5131	-5997
-4407	3307
-11482	-12201
9556	206
-5446	-5997
-12588	-12201
1583	206
-220	6409
1221	15714
11043	206
8383	-5997
6112	21917
15572	-2896
12618	-2896
30058	206
-2424	3307
3861	-2896
-10310	-9099
13093	-2896
-13486	-15302
-4749	-5997
-2672	3307
23565	206
-1908	3307
11834	206
8993	-2896
39652	6409
-7020	-9099
5911	12612
-8420	-9099
2688	12612
7372	-9099
115	206
-11710	-9099
-12387	-5997
-8306	-12201
-11864	-2896
-3643	12612
-6772	-9099
-2585	-5997
-9231	-9099
-3482	-5997
7532	15714
-8059	-5997
5502	-2896
1134	206
-12340	-9099
1355	-2896
2012	3307
2079	-2896
-8708	-12201
-7583	3307
7800	206
8564	25018
-10692	-12201
6266	-2896
6514	-5997
7506	206
-13352	-12201
8524	18815
44677	9510
9623	206
17556	3307
14715	206
-13197	-15302
-1479	-5997
10728	3307
-3730	6409
5549	9510
-9117	-9099
-555	206
3432	206
4960	3307
-12360	206
12618	206
-11844	-9099
-8193	-5997
-12139	-15302
-1479	206
-11777	-9099
363	6409
-5988	-5997
2688	21917
6675	206
-11777	-9099
-9593	6409
-555	9510
-15965	-18404
-14095	-9099
12196	28120
-5218	-5997
4129	3307
-6169	18815
-9050	18815
-4273	-2896
3117	-5997
15077	9510
8249	6409
-12655	-9099
6380	6409
-7181	6409
2460	-2896
6045	-2896
-11502	-9099
48	-2896
3090	-2896
-12588	206
-2605	-5997
-15764	-18404
7713	25018
-3871	9510
-12541	-12201
-13800	-12201
-8668	-12201
-3147	206
-9003	-12201
3117	21917
-10109	-5997
6628	9510
7686	3307
-10042	-9099
-4903	12612
772	-5997
-3529	-9099
-1077	-2896
3137	28120
3090	206
-2833	-2896
3251	3307
24517	206
-3911	-5997
75	-2896
-4226	-9099
8631	-5997
-1298	206
6132	6409
-5626	-12201
-13553	3307
2976	3307
34855	206
6876	-2896
23907	206
-8574	3307
-11978	-9099
-2993	206
-14410	-5997
-15898	-21505
4243	-2896
14380	3307
-9412	-5997
-9546	3307
15030	9510
5663	-2896
-4655	-2896
-3395	3307
23117	3307
-12836	-2896
-8755	-5997
-2384	-5997
-514	-2896
-14658	-15302
3365	206
-3958	12612
-11998	-5997
3298	206
-12427	-12201
-10337	-2896
-13646	-9099
-5218	-2896
-2136	21917
-6484	-9099
-12702	-12201
-943	-2896
-4025	-5997
-12293	-5997
-13124	6409
12778	6409
12939	15714
-14343	-12201
2058	206
-11395	-12201
-6122	-5997
9288	15714
-8849	-5997
-10940	-12201
3090	-5997
11653	206
-1412	-5997
-8487	18815
7506	3307
-8534	18815
25529	9510
13254	15714
3405	-2896
6742	-5997
15659	-9099
-15335	-18404
-1506	-2896
4062	206
2688	206
-2766	-5997
-11007	-5997
-6886	-5997
1422	15714
6896	6409
-7114	3307
3901	3307
7057	3307
1744	-5997
9583	6409
7465	34323
5341	206
-11415	-5997
571	-5997
5616	-5997
4779	3307
13790	3307
-8688	206
7733	3307
-2786	3307
4035	-2896
-3147	-2896
9040	12612
-7543	-2896
-9680	-15302
31632	3307
1965	12612
-15697	-15302
-8782	-12201
-10852	-9099
-10852	-5997
1851	-5997
4196	-2896
-4682	3307
10326	-2896
-15221	-15302
-10491	-5997
-7791	9510
9804	3307
7506	6409
-581	6409
-8621	-12201
25328	3307
-4300	9510
-11911	-12201
6581	206
-2967	-5997
-2920	-2896
3204	206
-11978	-9099
12082	9510
-467	-5997
-13331	9510
5797	31221
-5807	12612
-802	-5997
-6665	-2896
-6323	-12201
-3235	15714
3365	-5997
752	18815
-6886	-5997
-14142	-2896
11881	3307
-11328	-9099
-10605	-5997
-10832	-12201
4986	3307
-11348	9510
-14296	-18404
-6819	-2896
-11683	-12201
14286	206
-5111	-5997
-14792	-21505
4330	-2896
17107	206
15164	-5997
16021	-2896
-6189	-9099
-4273	3307
-7295	12612
-4521	-9099
-4052	-5997
-10584	-9099
7867	206
5455	-2896
-8239	-5997
-14276	-9099
2688	206
-829	-5997
-2967	-9099
-1975	206
1087	21917
-13553	-12201
6943	6409
-15489	-18404
1583	3307
1154	-2896
6856	6409
23210	206
-12608	-2896
1697	-2896
3338	206
26701	3307
-4253	25018
15659	-2896
10567	3307
6722	-5997
-15583	-18404
1422	15714
-5084	9510
-3214	-2896
8544	3307
-11254	-12201
-9385	-2896
2460	31221
8859	3307
-15764	-18404
-2357	-2896
-12769	-12201
-2900	206
-8038	-5997
2554	15714
-14457	-12201
-8306	-9099
2012	3307
-13017	206
6045	206
-5312	-5997
-12635	-12201
-12702	-12201
-3482	-12201
-13057	-2896
-14209	-12201
7934	-2896
4377	-2896
-1459	206
4692	206
-4930	-5997
-1231	-5997
-307	206
-1298	206
-9948	-5997
-12923	206
-9365	-9099
-1097	-2896
-2967	3307
21495	-2896
12397	206
256	206
8410	3307
-11502	-9099
162	-12201
7144	-2896
-3596	3307
-9164	-5997
2641	-5997
10186	3307
26406	6409
-6571	-5997
-59	28120
20370	-2896
-4836	206
-10759	6409
-11080	25018
7191	9510
4176	12612
-2002	6409
1154	206
-1774	12612
9469	-2896
-6685	-12201
685	3307
-2585	-2896
-12702	206
5301	-5997
-4300	-5997
20818	3307
-11328	-12201
-5559	15714
-3911	12612
-7858	25018
7485	12612
-14162	-12201
-15288	-18404
8772	206
-3844	-9099
17442	3307
-1774	-5997
-782	28120
-6732	-5997
6695	206
12912	-2896
6742	206
-2652	3307
-6236	-9099
10862	-2896
5435	206
-4474	6409
17710	3307
-6370	-9099
-12675	-9099
-13218	-12201
6085	-5997
1154	206
-1975	3307
-7067	-9099
142	3307
-4367	-2896
-2585	6409
10567	206
40262	-2896
7238	-2896
-3168	-5997
-12769	-12201
-15670	-15302
-2518	-9099
-14859	-18404
15907	12612
6226	6409
5120	206
-13419	206
-9385	-12201
5569	9510
-14611	-15302
-896	-5997
2688	6409
20323	206
-4930	-5997
9918	-5997
-12045	-5997
15144	3307
5549	3307
4357	15714
5094	206
-7067	9510
17328	3307
-5084	-5997
-4025	-9099
4960	12612
-5760	-9099
6856	-2896
-14477	-18404
7057	-2896
-15898	-18404
12551	21917
-2451	6409
-5781	-9099
-12923	206
-9070	-9099
-10852	-12201
3586	206
19016	6409
2842	-5997
5589	21917
-12065	12612
21341	3307
-15877	-21505
973	40526
5864	206
23927	12612
-7268	-2896
7780	25018
-4588	6409
-13620	-2896
12236	-9099
-488	3307
-1097	6409
7392	-2896
-5446	-5997
12959	-2896
-2156	-2896
-14276	-15302
18614	-5997
-11683	-9099
4216	-5997
-1231	-9099
973	206
22125	3307
-5492	-5997
-8487	-5997
9603	3307
-11214	-12201
-5332	-2896
12263	-2896
-12494	-5997
-9747	-12201
-7878	3307
-2745	3307
-12293	-5997
6266	6409
-762	3307
17395	3307
-11234	-12201
-13646	-9099
10366	3307
8115	206
15077	3307
3948	3307
7573	3307
18661	3307
-10873	-12201
16698	3307
4578	206
-11395	3307
-6618	-2896
6045	6409
3787	12612
13227	-2896
3633	3307
1831	3307
-13760	-9099
8477	206
10299	15714
3271	3307
39920	3307
18795	206
-59	206
-9566	-9099
35418	9510
2822	3307
-11817	-12201
6970	-5997
-13445	-12201
-14048	-15302
-8601	-2896
8973	-5997
-3034	-5997
6159	-2896
-762	206
-896	-5997
-14926	-15302
-4950	-2896
10232	3307
-7543	-5997
-8507	-2896
21180	206
32537	3307
-4273	-12201
9985	9510
-11663	-12201
5522	206
2842	-2896
-5358	9510
17462	206
-4635	-2896
-4139	-2896
-9164	-9099
524	3307
-6732	-9099
-4903	-9099
-12246	206
14896	3307
3432	-2896
-14571	-5997
10795	3307
-106	9510
658	9510
390	206
-3978	-5997
13924	6409
7820	206
477	206
-11683	15714
-9030	206
14601	206
-3576	206
-1794	9510
-12836	-9099
1020	6409
4357	-5997
-6705	206
-12112	-2896
10253	15714
8068	-2896
34627	6409
-9030	-9099
-5446	21917
4852	-9099
28477	206
-4474	18815
-9097	-2896
-2879	18815
-9479	206
-2270	-2896
-2250	-12201
-15603	-18404
-4005	9510
10708	-2896
-7114	-5997
10996	-2896
-7791	-9099
-4434	21917
3405	-2896
4625	-2896
3881	-2896
6608	-2896
1744	21917
32041	12612
13341	6409
16517	3307
1536	-5997
-7543	-9099
20798	6409
-10538	-9099
-3911	206
5482	9510
35418	9510
8095	206
-6095	206
-8507	-12201
12959	3307
4035	206
-10538	-9099
17194	12612
-14162	-5997
-7449	-5997
-15630	-21505
8135	18815
-11080	206
-4206	-5997
-829	15714
-4159	6409
591	6409
9964	-2896
-3462	25018
-12923	-12201
-4930	-9099
-12340	-12201
4558	3307
-3415	-9099
13388	206
-10538	-9099
524	3307
11023	-5997
-12608	-5997
-829	206
17958	3307
6266	-5997
6829	-2896
-6591	-2896
10078	-5997
-2833	-2896
13904	-2896
-7402	-5997
11385	206
8135	-5997
-8440	-9099
2527	-5997
-2946	18815
-3482	3307
-12950	-5997
8906	3307
4738	-2896
-8601	9510
-6437	-9099
-11415	-5997
12778	6409
6876	206
-13218	-2896
10212	-2896
14467	206
-4226	-2896
-13352	-12201
13522	-2896
-668	-9099
-6551	-5997
2688	-2896
6246	-2896
3050	-5997
2956	206
-3214	3307
-4320	-2896
2688	-2896
48	-2896
-4025	-2896
1402	-5997
-9861	-9099
-15831	-15302
15010	6409
-14524	-5997
-8916	12612
-8327	-5997
-2002	25018
-7402	-5997
-10692	-9099
-8869	-5997
792	9510
-15000	-15302
17261	37425
-14571	-12201
3184	-5997
-3891	-2896
6695	206
8477	-5997
-10692	9510
-8735	-2896
-2498	12612
-13941	-18404
24175	3307
-3710	206
-7201	-9099
8772	206
-13579	-15302
10728	21917
10346	206
7686	9510
-4789	-5997
-7362	-9099
1851	206
1831	-2896
209	206
-15630	-21505
1650	18815
-1144	-2896
-8373	3307
-13713	-9099
-1459	15714
5207	3307
28389	3307
16899	-2896
4397	-2896
6199	6409
-7114	-12201
3519	-5997
-9975	3307
-13151	-9099
-13620	-9099
-15851	-21505
-8105	-5997
-4434	-5997
-9841	-5997
-648	6409
-6256	-9099
15077	206
-14678	-15302
4015	15714
6333	-2896
1268	206
-11395	-9099
3251	206
4062	-2896
-1613	-2896
-2518	-5997
685	206
2146	206
-9137	206
7666	31221
7124	3307
-333	-12201
15211	3307
6085	206
-802	-2896
-762	-5997
-5265	206
-5714	6409
-12588	-15302
-7583	-2896
19197	9510
-2652	-12201
-15268	-12201
17596	3307
7552	3307
1744	21917
12236	3307
4805	-9099
-14524	-15302
11948	-2896
3405	3307
2976	-5997
8095	206
-11462	-12201
-10625	-5997
3298	-2896
8993	206
4377	15714
16564	3307
10956	6409
-2069	-9099
524	-5997
15753	-5997
-9318	6409
-3375	206
20437	3307
-5111	-9099
-1841	-2896
8564	206
-1439	206
-5399	206
-3757	12612
-4568	-5997
2280	-5997
-1928	-2896
50848	3307
2554	-5997
8202	12612
-2384	206
19941	206
-10718	-9099
18339	25018
-7161	-2896
-6705	-5997
1134	34323
8973	6409
-5941	-5997
-10940	6409
-6457	-2896
3767	12612
-3804	31221
-6484	206
5770	3307
10098	206
-4005	-5997
-6665	9510
2507	-2896
4491	206
9509	206
8296	6409
-59	-5997
13207	3307
1784	12612
-6390	3307
8276	-2896
1918	3307
-5533	-9099
-11797	-2896
-8735	-12201
-6189	206
9154	206
-1050	-5997
3271	206
-6705	15714
-6028	-5997
-1439	-2896
7954	206
-9633	-2896
2842	-9099
14943	206
-12990	-2896
2099	-2896
-1727	3307
-7476	-2896
7619	6409
11244	206
-648	3307
9194	206
2393	18815
18500	3307
5636	-2896
4692	9510
-13867	-15302
-2089	18815
8450	206
5703	15714
-7791	3307
-14229	-5997
19874	12612
859	15714
11043	9510
-10919	-9099
-10491	-9099
11586	-5997
2373	-9099
8383	-2896
-3710	-5997
-3596	9510
6132	-2896
-8193	-9099
-7134	-5997
-8306	9510
4243	3307
48	206
6427	-2896
-4970	9510
-8420	-9099
-2565	12612
9851	15714
-240	-2896
-11281	-2896
18902	3307
7599	206
1991	-5997
16631	3307
-13599	-12201
-2223	12612
-5151	206
-983	-5997
9261	206
10775	-2896
33140	6409
-2920	206
-11817	-12201
14219	9510
-5425	-9099
11110	6409
14065	206
-10156	3307
1469	6409
-8038	206
1268	-2896
-1077	-2896
-10223	-12201
9897	6409
15820	9510
6581	3307
-467	-5997
-354	6409
-7228	-9099
-12340	-9099
15706	206
-735	6409
-2699	206
5274	3307
3653	3307
6313	-2896
-12521	-9099
-2022	-12201
12598	3307
-4434	15714
-4970	-5997
7780	-2896
256	-2896
-8534	-5997
-6685	-5997
457	206
-10852	-9099
-4072	-2896
17824	206
15934	-2896
-1258	-2896
-9774	-2896
6809	-2896
-7335	-9099
-4722	-5997
-8956	-2896
9623	206
-8708	-5997
-4387	3307
-7449	-5997
24135	-2896
15820	3307
6561	206
6742	18815
13750	6409
-2203	12612
13207	3307
7010	34323
