659	-4456
21301	-3606
1597	11700
12231	4897
2535	4897
-8099	8298
-10601	-7007
19425	9999
-11227	-1055
20676	6598
-3095	-1905
-9976	4047
5663	-9558
-1844	10849
-16856	10849
5350	-4456
8478	14251
-4659	4047
-6535	-4456
-10288	3196
5037	-10409
-6222	-9558
10667	-7007
-2156	645
-905	-6157
1284	-1055
-1218	-7858
12544	11700
2535	-1055
-12790	-9558
-13416	-6157
-6848	-8708
5663	-10409
-13729	1496
-8099	-7007
3473	-8708
3786	9999
-11539	-10409
13482	14251
-5910	9999
-7473	-1055
-5284	-8708
-12165	-8708
-2156	-7858
7539	20203
-9663	19353
5350	1496
-1218	7448
-8725	-8708
-10288	-2756
18486	1496
1284	9999
659	5747
-12790	-4456
12856	17652
-6535	10849
5350	-10409
-24050	2346
-2156	-7007
6288	-7858
-905	-1905
-10288	-8708
-5910	-5307
2848	-10409
-11227	7448
346	6598
-4971	-10409
-11539	-8708
-14354	4047
-2469	-10409
-3720	22754
-14980	-5307
-6222	-6157
-5284	4047
659	-6157
9103	3196
-280	12550
-593	-6157
-2156	7448
-3720	-6157
4099	40611
-4971	-4456
-4033	1496
2222	9999
11605	-1905
-4971	-6157
-13416	4897
-6222	-6157
4412	5747
-5597	-9558
-8099	-7858
-15605	-6157
20988	-9558
7539	31257
8165	-5307
-12478	7448
-5910	-10409
-4971	3196
-6848	-2756
16297	-9558
17548	-10409
-1531	-8708
-7786	4897
15671	17652
-6848	-5307
-1218	-2756
-10288	-6157
-3095	19353
-12478	-7858
-11852	2346
-4659	-6157
-5597	7448
7852	28706
-8099	-7858
10354	4897
14733	5747
5350	-7007
-4659	-5307
-3095	-8708
-280	12550
-4033	-1055
-3407	-5307
-11852	645
6601	8298
-1218	-5307
2848	-10409
-6222	25305
4725	1496
-3720	8298
-8725	-7007
-19984	28706
-7473	-10409
1910	-7007
-9037	-4456
971	2346
-14980	-7007
2222	-7007
-7161	-9558
-3407	-3606
-7786	-10409
5663	-7007
-593	32958
-9976	-10409
-5284	12550
4412	-6157
23803	4897
-9663	-7007
-6848	-9558
-593	3196
-1844	9149
-14667	-9558
1284	-7007
21927	645
6601	23604
-905	-10409
-18733	10849
-8099	-5307
-2156	3196
-905	-8708
14733	645
-280	-2756
22865	28706
2535	-6157
23178	-1905
-7786	-4456
18486	-6157
346	-9558
7227	-7007
-8099	-1905
-11227	1496
5976	-7858
-14667	-9558
3786	3196
6914	-8708
-11539	-7007
-10288	-3606
-5284	-9558
-9350	-7007
-9037	-4456
-6222	-9558
-5910	-7858
-9037	-9558
9416	2346
1910	15101
-5910	-10409
2535	-3606
-9037	-1905
-13729	-7858
5976	-8708
18799	15101
3161	-6157
-3720	17652
-2469	-7007
8478	15101
1910	-9558
-2469	-9558
-6535	8298
-7473	-9558
-4659	-7858
971	-3606
-2782	2346
-15605	-10409
-7473	-9558
4725	7448
-1531	-2756
-7786	-6157
-3407	21053
-1844	-4456
-4346	-1905
-8725	-8708
1284	-7858
-280	645
19425	2346
971	645
15984	-4456
-2469	-8708
-2782	-10409
4725	30407
-2782	14251
-7473	-7007
6288	-5307
-8099	-6157
-6222	-10409
7852	9149
-5910	7448
-15293	4047
33	-8708
22552	-7007
-15605	-9558
7852	-3606
971	-2756
-10601	-1055
22552	-7858
-11539	10849
22865	21904
20363	3196
-17482	7448
-2156	-10409
23178	18502
6914	15101
-280	4047
17235	21053
2535	6598
-7161	-9558
3161	-10409
18799	-9558
5663	-6157
971	4047
-5597	-3606
-280	-9558
10354	9999
-8412	-8708
4099	10849
13795	-6157
7227	-4456
-6848	-10409
-9350	-9558
10980	-1055
-37812	6598
5350	14251
14108	-5307
346	-2756
10042	4897
12856	-7858
-10601	-9558
1284	13400
3161	-4456
-6535	-1055
2222	-1905
-6848	-7858
-10914	-7858
13482	-1055
4412	-7858
-9037	9149
8165	14251
5663	-10409
10667	15101
2848	9999
-10288	-9558
-3720	-7007
-2156	27856
346	9999
-13103	-9558
-1218	-9558
-6222	-8708
-1844	-1055
2848	-9558
2535	9149
-5597	18502
-9350	-9558
-2469	-10409
7852	23604
-16544	11700
971	-2756
-593	-9558
2848	-9558
-1844	-4456
4099	-8708
15046	-1905
-4971	-3606
11605	27856
-10601	-9558
-4346	-7007
9103	7448
9416	4047
16297	-1905
-6848	-1055
11605	1496
-8725	1496
-4659	15951
-14980	-10409
10354	-8708
-6535	-7007
-4659	-9558
10354	9999
-8412	6598
-4033	-9558
-1218	9149
-1218	4047
-10914	-7007
10354	3196
-8099	2346
-1844	5747
-13416	-10409
-3095	-7858
8790	7448
-2156	-5307
-3095	-9558
-3095	-8708
18174	3196
3473	-10409
-4346	-3606
23803	-1905
2535	-1905
2222	-5307
346	-6157
-2156	-6157
-37812	-9558
23491	20203
-593	-7858
-9350	-5307
10980	16802
7539	-1905
-11539	4897
-9350	-1905
2848	3196
-14667	4897
-2782	-7007
-12478	-1055
11918	2346
-2782	-7858
6288	-9558
18174	22754
-5284	-5307
-5284	6598
13169	11700
1284	-10409
11605	-3606
659	645
5037	18502
11605	-4456
-593	-3606
2222	18502
-9663	-7007
14733	15951
-6222	-7007
20676	16802
-4659	12550
-905	-10409
-9976	-205
8478	-3606
-9663	-7858
-6535	-6157
7852	-5307
-3720	-1905
19737	-1905
-37812	-10409
11918	5747
2222	-7858
659	15951
-14667	-8708
1910	-8708
-1531	-7858
-5910	-6157
-9663	-10409
12544	11700
-13416	-7007
17861	6598
-4033	-7858
971	-6157
-8099	-9558
-3407	-2756
-4033	-10409
-1531	-7007
-593	-8708
19737	13400
7227	3196
-1531	-10409
-6535	-4456
16610	2346
-11852	-7858
-37812	-9558
5663	20203
33	-2756
971	3196
18486	-7007
8165	8298
-8725	-9558
-2782	-7007
23491	6598
11605	-7858
-4346	-8708
7227	10849
-6848	-2756
-9037	-3606
-3095	-5307
8165	-7858
-5910	-4456
-14354	-205
-6848	14251
-5910	-1055
33	-7007
346	5747
-6535	-10409
-4033	-205
1597	7448
-7473	-10409
-7786	-5307
-8725	-9558
9416	-9558
-5910	10849
971	15951
-11852	-5307
-19984	6598
3473	9149
14420	-2756
2535	-7007
10354	-5307
-8099	-4456
-6535	-1905
9729	8298
12856	14251
-4346	-8708
-905	10849
16297	4047
-2156	20203
5037	3196
-4033	-9558
-2782	-7858
1597	5747
6914	6598
18174	-9558
-9350	-10409
-1531	1496
16297	-7007
12856	15951
13795	-8708
-4346	-1905
-3407	-5307
346	-1905
-4659	7448
-1844	-2756
5663	-9558
-8099	20203
-4971	-7858
2535	-5307
6914	11700
16922	-9558
-7161	8298
-6848	-205
7227	3196
-4971	-9558
-593	-7007
-8412	-10409
-3095	9999
24429	-9558
-7786	5747
-4659	9999
-6848	-10409
10042	-8708
-593	-7858
-12478	-7007
5037	21904
2535	4047
-11539	-10409
3161	-9558
7852	-3606
-5910	-10409
21301	3196
10667	10849
-14042	6598
4099	22754
2848	645
-11852	-7007
-9976	7448
-10914	-3606
-15605	-9558
-280	-5307
-4033	7448
-18420	6598
-11227	-1905
-1844	-10409
-4971	-9558
2535	22754
-280	26155
346	-5307
7852	-4456
12856	-7007
8165	-4456
-4659	645
-6848	-10409
-1218	-10409
-3720	-5307
8478	-9558
5037	4897
9416	2346
11605	25305
-12790	6598
-4033	-7858
-9976	-8708
-4659	-9558
-4971	16802
23491	-3606
18799	-6157
33	24455
19425	-1055
-12478	-9558
-280	6598
6914	-10409
4725	-7858
1597	-7858
3786	2346
3786	4897
-12165	-7007
14420	8298
-1218	-2756
20676	2346
13482	9999
-6535	-7858
-9350	-8708
13169	-4456
6601	-9558
5976	21053
-13103	-8708
346	-3606
13795	13400
23803	16802
9103	17652
5976	6598
-3720	-6157
-2782	4047
10667	645
-10601	-7007
-11539	-7007
-8099	-9558
-593	-205
22865	6598
-8412	-10409
-12790	-5307
7539	5747
-20297	-9558
-280	-6157
-2782	6598
15359	-2756
1597	4897
-10288	-9558
-3095	-8708
-9037	10849
-9350	29556
-6535	-6157
-10601	-10409
18486	-7007
-4033	-10409
-6848	-10409
6288	5747
18799	22754
-12790	-9558
21301	6598
-11227	-4456
9729	-205
-4033	-205
8165	27006
-1844	645
-9037	-7007
-4346	-7858
15671	-7858
16297	-205
346	-4456
-6535	-10409
-13103	-9558
4412	24455
21301	21904
346	-205
20988	8298
-16544	-8708
-11227	7448
-5597	-5307
18174	-8708
3786	3196
-6222	4047
14420	-205
16610	-7858
19737	6598
13169	-205
4099	-10409
-4033	15951
6914	-9558
-5597	-205
-4659	-9558
5037	-9558
1284	-4456
17235	15951
-7473	-2756
5037	-2756
11293	-2756
18799	4047
-1218	-7858
971	-10409
-2782	-7858
1284	6598
659	645
9729	2346
15671	-6157
16297	21053
1284	-5307
4099	-3606
7852	-3606
-3720	-8708
-11852	-9558
18486	6598
-593	-3606
1597	-5307
-2782	21053
-9350	21053
33	-205
13795	13400
16922	4047
-9663	-9558
12856	-6157
2535	8298
-3720	-10409
11293	-7858
-4971	-7007
-4659	-3606
2535	-8708
-6535	-4456
2535	-4456
-8099	-9558
4725	8298
-9976	-10409
-8412	19353
-6848	-4456
-5597	-205
11605	9149
-5910	-8708
4725	14251
-11539	-4456
-8725	-8708
7227	21053
9416	-10409
-11227	-5307
-4346	-8708
5037	-205
5663	-3606
971	-10409
-3720	-9558
-3407	-2756
6601	25305
33	-4456
4725	-9558
23803	24455
3473	25305
7539	16802
12544	27006
-8412	-10409
-2782	-6157
5976	9999
8165	-2756
-10288	-9558
-4346	-7858
-4971	10849
-3095	-10409
-6535	7448
-37812	3196
3161	-1055
1910	-4456
-9663	-1905
19112	-3606
14108	27856
-1844	-3606
6601	-10409
-3095	-3606
-10601	-7858
-1531	3196
-6848	-10409
659	-3606
-280	-3606
2222	-7858
-3095	-2756
1284	-1905
24116	-4456
-3095	5747
-4971	24455
7852	-4456
-9663	-5307
15359	8298
-9663	2346
2222	-205
20676	645
659	1496
21614	27856
-7473	15951
-1218	5747
1597	-10409
1284	17652
-16544	-7007
346	-205
-12478	-7007
2222	-9558
-6535	10849
-4346	-7858
-9037	-7858
-6848	-6157
-5910	2346
-7786	8298
-3720	4047
9729	-5307
-9663	-7858
1597	13400
2222	-7858
-11539	-4456
-4033	-7007
-10288	12550
-7786	-6157
-8412	-7007
-11539	-10409
-6848	-1055
7227	5747
-6535	7448
1284	-10409
9416	-4456
14733	6598
3473	30407
-14042	-7007
10667	-5307
-9663	-3606
-7473	-9558
-5597	-1905
10980	7448
6288	-3606
-2782	-4456
-12165	-7007
14108	15101
2222	3196
4725	15101
-4346	645
1284	15101
-4659	9149
-3095	9999
-6535	-4456
1597	-10409
1284	17652
-2156	-1905
-5597	27006
659	-9558
18174	2346
-4971	9999
-12790	-10409
