-6730	12434
6313	3276
-13658	-8933
3052	224
3868	-2828
14465	6329
-2654	-5881
-6322	-2828
-7137	-8933
8759	27695
-1839	224
10389	3276
8759	224
1015	224
-20587	-8933
6721	-2828
17725	18538
-12028	-8933
4683	-5881
3052	224
8759	18538
3868	224
7128	224
-18142	-15038
6313	224
-12436	-5881
-9583	-5881
8351	224
-15289	-11985
8351	12434
5090	3276
3052	3276
-208	224
12019	224
-208	9381
-208	-2828
1015	-2828
5090	-5881
-7137	9381
-24663	-18090
-11621	-5881
199	-8933
7536	3276
-10805	9381
14057	224
6313	224
-1023	3276
7128	-2828
-3469	-2828
10389	-2828
17318	3276
11204	-2828
6313	15486
6313	49062
1830	-2828
-18549	-2828
-1023	-2828
7943	3276
13242	224
-5914	-2828
2237	-5881
5498	6329
3460	21591
-6322	-2828
-5914	-5881
9981	6329
4275	224
1015	3276
-5099	-5881
-5099	12434
6313	30748
-15289	-11985
5090	224
-14066	-5881
16910	224
-4692	-8933
-6730	-2828
13650	3276
5905	224
-6730	224
4275	-5881
-9583	-8933
-6322	-8933
-3061	-5881
4275	-2828
2237	-5881
2645	224
19356	9381
12019	3276
-208	12434
7128	-5881
-29554	-18090
-9583	-8933
-8360	-8933
9574	224
-5099	224
5498	15486
10389	224
-208	15486
7128	6329
-2654	3276
-16919	-8933
-9990	-5881
10389	224
9574	24643
-2654	33800
-18957	-15038
-8767	-8933
-3469	-5881
13242	224
-11213	-2828
5090	3276
6313	6329
15280	21591
6313	3276
-2246	-8933
5498	-2828
9166	6329
16095	9381
-26701	-18090
9166	224
4683	224
6313	27695
-4284	-5881
3460	3276
-10398	18538
-9990	-2828
7943	224
7536	224
-14066	-11985
-27109	-11985
4275	224
14465	6329
6313	224
8351	-2828
-20180	-11985
-18957	-8933
3052	224
-14066	-2828
-12436	-8933
-12028	-11985
6721	224
-208	15486
7536	224
3460	224
9574	18538
607	-2828
8759	21591
3460	6329
-1839	6329
6721	-2828
-208	224
9574	-2828
-7545	3276
-14881	-11985
9981	27695
2237	12434
12019	9381
-10805	-8933
15280	9381
8351	224
5090	224
-20587	-18090
4683	224
16095	21591
-4284	6329
-11621	-8933
-3876	-8933
2237	-2828
7536	-5881
5905	-2828
11204	3276
607	3276
-14066	-8933
-9583	-8933
-3061	3276
-16919	-11985
5905	-5881
-3876	-5881
-20587	-11985
14465	224
-2246	6329
-25071	-15038
2237	-5881
1830	18538
9166	224
14872	-2828
-11621	3276
-7952	-2828
-9583	-11985
-11621	-11985
-5099	-8933
9166	3276
-15289	-11985
-2246	-5881
7128	-2828
14465	-2828
11612	24643
-5914	-8933
-4284	15486
2237	-2828
12019	224
199	12434
5090	-2828
10389	224
8759	3276
7128	-2828
9166	224
6721	9381
-5914	9381
-12436	224
-208	9381
-12843	-8933
14465	3276
-3876	-2828
-208	3276
-19772	-15038
9166	-2828
7128	-5881
-1023	-8933
-11213	-8933
-19772	-8933
-29554	-15038
-1431	-5881
10389	-2828
8351	-2828
2237	30748
-208	-5881
-208	224
8759	3276
5090	15486
-616	-8933
9981	-2828
7943	224
7128	-2828
2237	224
7128	6329
9981	3276
3460	-2828
2237	224
10389	3276
9981	9381
6313	-2828
-9175	-5881
12427	224
5498	12434
-18549	-11985
8351	-2828
-12028	-11985
5905	-2828
19763	6329
-13251	-8933
-14066	-5881
-1839	21591
6313	-2828
13650	224
8351	9381
2645	-5881
-28739	-11985
3868	-2828
3460	24643
-12028	-11985
-17327	-8933
4683	3276
7128	224
-6730	-8933
-9990	-11985
607	-5881
-4692	-5881
7943	224
2237	-2828
2237	-5881
199	-5881
607	9381
5090	224
-208	24643
-12436	-11985
-7545	-5881
-2246	224
14057	3276
10389	18538
7536	-2828
6721	-2828
14465	3276
8759	224
-5914	39905
8759	3276
2237	-5881
-616	-2828
607	-5881
-3876	3276
9981	6329
-15696	-8933
7536	-2828
-1839	-5881
-15696	-8933
-7952	-2828
-12436	-8933
10389	-2828
4683	21591
2237	-5881
13242	3276
607	-2828
-5099	3276
-6730	224
-13658	3276
-2246	-5881
1422	9381
5498	-5881
-1839	6329
607	-5881
10796	224
199	-2828
-6730	-8933
-6730	-8933
-2654	-5881
-29147	-18090
1422	-5881
4275	6329
3052	3276
-14881	224
2645	12434
-3876	-5881
-1839	15486
-10398	-5881
-2654	3276
6721	-2828
-13658	-5881
12019	-2828
-208	224
7943	6329
5498	3276
-5914	-2828
-10398	-8933
14057	12434
199	6329
5905	27695
8351	224
4683	-5881
199	-8933
12834	224
-25478	-15038
8351	3276
-1023	-2828
3460	6329
-2654	-2828
-23440	-11985
-1839	-5881
5498	-2828
6313	3276
-4284	-2828
-13251	-18090
7128	30748
-16104	-5881
15280	3276
6313	9381
-7545	-5881
16503	3276
-3876	-8933
8759	6329
-5914	-8933
-7952	-2828
4275	-2828
4683	-5881
-3876	-5881
4683	21591
-3469	-5881
6721	24643
-5507	-8933
-22625	-18090
-1839	-2828
13650	9381
8759	224
10389	3276
-616	-5881
9981	-2828
10389	12434
6721	224
8351	3276
3868	-5881
-9175	3276
-5914	9381
3460	27695
6313	-5881
8351	3276
4683	-2828
8351	224
3868	224
-1839	-2828
3868	3276
7536	3276
-4692	-8933
4275	224
1015	9381
15280	3276
3460	15486
-1431	3276
16095	3276
13242	224
-25478	-18090
3868	224
-4284	224
-1431	21591
13650	-5881
4275	-2828
4683	224
-4692	224
13650	6329
-16512	-5881
-208	-2828
-28331	-18090
1422	3276
12019	9381
2237	-2828
-1431	-2828
11612	-2828
7536	21591
-1839	-5881
5905	-2828
-7952	224
-7545	12434
-15696	-8933
15280	6329
-13251	-5881
607	224
-7952	-5881
8351	3276
-21403	-18090
-8360	-5881
-2654	-5881
11204	3276
9166	6329
-6322	15486
5498	12434
17725	6329
5498	12434
-11213	-11985
-4692	-5881
1830	-5881
-16512	-2828
8351	-2828
8759	3276
7128	3276
9574	-2828
1830	224
15280	9381
-12028	-8933
-36483	-27247
-7952	-11985
8759	3276
199	-5881
1015	224
10389	6329
-7137	-8933
-5914	-8933
607	-2828
5090	224
2237	-2828
-13251	-15038
-616	-2828
11204	224
-20995	-8933
6721	-2828
-27109	-18090
7536	3276
16095	18538
-13251	-5881
6721	-5881
14057	3276
-15289	-8933
1830	224
4683	224
-1023	-5881
607	30748
4683	-2828
-16512	-8933
-12028	-8933
-7137	-2828
-19772	-2828
5905	-2828
-18549	-15038
-21810	-11985
-20180	-15038
5905	6329
2237	224
-1431	3276
-3469	-5881
-26293	-15038
8759	9381
-8767	-11985
2237	224
-12028	-5881
3868	-2828
1015	18538
-16512	-8933
4683	-2828
-6730	-5881
-5099	-5881
6313	224
8351	-2828
10389	30748
-2654	21591
9574	224
-5507	-5881
-4692	-5881
607	-2828
-7545	-2828
-9175	-5881
16503	12434
6313	-5881
-616	12434
-8360	224
13242	3276
14057	6329
8759	12434
5090	-2828
-8767	-2828
10389	6329
-9990	-2828
1422	-2828
7943	9381
-29962	-18090
-10805	-5881
7943	3276
4683	27695
1422	224
-10398	-2828
-6322	-8933
14465	9381
-208	15486
-18549	-8933
-4692	-5881
3868	27695
14057	12434
-13658	-11985
4683	-2828
-19772	-18090
-9990	224
-2246	-2828
-6730	-15038
8351	224
3052	-5881
12019	-2828
7536	3276
-3061	-5881
7943	15486
-3469	-8933
-5507	-2828
-208	36853
-8767	-5881
-1839	-5881
8759	6329
3868	-2828
5498	-5881
-9583	-8933
-14066	-8933
-7952	-8933
13650	21591
1830	224
15280	6329
6721	-2828
8759	12434
10796	3276
2645	-2828
20986	3276
-12436	-8933
8759	6329
-19365	-15038
-14474	224
4683	-8933
16095	224
-2246	9381
-16919	-8933
2237	224
14465	224
-4284	3276
15687	224
4683	3276
-2246	-11985
1830	9381
11204	6329
12019	224
-23848	-15038
-4692	-5881
-7137	-5881
14465	24643
-8360	3276
4275	224
4275	-2828
3460	6329
-10398	-15038
-8767	-2828
-5507	-2828
9574	12434
-1431	-2828
-5914	-5881
12834	224
4683	-5881
-1839	-5881
4275	224
-3469	-5881
-11213	-8933
7128	3276
-4284	-2828
5905	6329
4683	-2828
-3469	-2828
9981	15486
-19365	-15038
4275	3276
18541	3276
6721	224
11204	224
-9583	-5881
14057	27695
-16512	-11985
6721	24643
-3061	-2828
8759	3276
3052	224
4275	24643
-16512	3276
-616	-5881
-6322	-5881
-7545	-8933
-1431	-2828
5498	9381
-3061	-5881
5905	-2828
-18957	-15038
10796	24643
-1023	224
-5914	15486
-3469	15486
-4284	-2828
17725	224
7943	3276
1015	224
-12436	-8933
607	12434
6721	3276
9166	3276
-8767	6329
10389	-2828
-23033	-18090
12834	6329
4275	-2828
-14881	-8933
12019	3276
4275	9381
10796	224
4275	6329
14057	9381
3868	3276
10389	-5881
-8360	-11985
-4284	-5881
-11213	-11985
-6730	-8933
11204	24643
8759	224
-16104	-11985
-1839	-2828
9574	12434
-16104	-8933
5498	-2828
12427	224
1830	224
-9583	-5881
199	15486
-208	6329
10796	-5881
6721	3276
-32000	-18090
18541	3276
-2246	-8933
4275	3276
6721	9381
3868	224
20578	6329
3460	-2828
4275	9381
-10805	-11985
9574	-2828
-1839	224
-5914	6329
1830	-2828
-3061	-5881
-2246	-5881
-1023	-5881
199	6329
-616	-2828
-17327	-11985
-14474	-2828
-22218	-15038
3868	3276
7536	-2828
3052	-5881
8351	15486
9574	224
9166	-2828
-29147	-21143
5905	-5881
-208	3276
8351	-2828
7943	12434
4275	224
-15289	-15038
9166	15486
14465	-2828
4275	3276
-20587	-11985
2237	-5881
-3061	-11985
-1839	-2828
8351	224
-6730	-8933
-7952	-8933
-16919	-15038
-2246	-5881
5498	-2828
-22218	-15038
-14066	-11985
18541	3276
12427	6329
3868	-5881
-11213	-5881
-18142	-15038
5090	-5881
9574	224
4683	224
16095	224
5498	9381
-2654	224
-13658	-8933
-3061	-5881
9981	21591
-7952	-8933
16095	6329
11204	-2828
3868	-2828
-4284	-2828
7943	-2828
7943	9381
-5914	12434
8759	-5881
-5507	-5881
3460	-2828
-5914	-5881
11612	3276
199	-2828
-1839	-11985
-1839	27695
-1839	-2828
6313	3276
-8360	-5881
1015	224
8351	224
-12436	-11985
1422	224
-10805	-8933
-11213	224
-3876	-5881
9574	3276
7536	3276
13242	224
-13251	-8933
6313	224
2237	39905
2237	224
3460	-2828
-19772	-15038
-4284	-5881
-616	-2828
6313	3276
-7545	-8933
-5914	224
-4692	-2828
8759	224
2237	52114
5905	3276
-1431	-5881
-27924	-21143
10796	6329
9166	12434
-16104	-15038
11612	-5881
5090	36853
8351	224
-3061	9381
4683	3276
12427	3276
12019	6329
16503	30748
-616	-2828
5498	3276
1422	224
6313	-2828
-6730	-5881
199	-5881
18133	21591
9981	224
2237	-5881
607	-5881
10389	-2828
-3876	9381
9166	18538
8351	3276
3460	-2828
-13251	224
-2654	-2828
-6322	-11985
-2246	12434
17725	3276
4275	224
-9583	-11985
-5914	12434
4275	6329
10796	6329
-8360	-11985
-12436	-8933
6721	224
1422	-2828
199	-2828
-23440	-18090
-11213	-8933
-31184	-21143
13242	3276
-616	-5881
6721	27695
-1839	3276
10389	-2828
8351	12434
-15696	-11985
-17327	-8933
-3876	-2828
5498	224
-4692	3276
8351	-2828
-5099	-2828
-6322	-5881
-6730	-5881
-16512	-8933
2645	-2828
-1431	-2828
-1839	12434
-12843	-8933
4683	12434
4275	3276
-5099	-5881
1830	9381
5905	6329
13650	6329
9574	224
2237	3276
-27924	-21143
-14066	-11985
-3061	-5881
-33630	-21143
3868	9381
9981	-5881
-17327	-11985
-18142	-11985
2645	6329
12834	224
-208	3276
2645	-5881
1422	3276
-9990	-8933
-3469	-5881
9981	224
-16919	-11985
-616	224
-14474	-8933
9574	6329
3052	224
3868	12434
5090	3276
4275	-5881
3460	-2828
5090	-5881
-1023	-2828
10389	224
14057	9381
-3876	-5881
199	9381
10796	-5881
3460	6329
-1839	-5881
1422	-5881
2645	-5881
6721	9381
11612	9381
3052	-2828
-1839	3276
9166	3276
12019	3276
-2246	224
1015	-2828
3868	224
4683	-5881
-4284	-8933
-4692	-2828
-616	-2828
-3876	-5881
8351	3276
-15289	-11985
-16104	-11985
-1839	-5881
-3876	-8933
-7545	-5881
2645	-2828
4683	-11985
-28331	-18090
-10398	-5881
-21810	-15038
-3061	-8933
8759	-2828
10389	21591
1422	-2828
3868	224
10796	224
-15289	3276
4683	3276
-6322	224
7943	3276
9981	-2828
-6322	3276
-1839	30748
-208	-5881
3460	24643
-10398	6329
6313	-5881
7943	3276
-13251	-11985
3052	-2828
-12028	-8933
-616	6329
3868	-5881
2645	12434
-1431	-5881
-4692	-8933
10796	9381
-8360	224
-10398	224
4683	224
12019	-2828
4683	-5881
-13251	-8933
7943	39905
14872	12434
7943	-2828
-5507	-2828
-3061	-8933
6313	-5881
14465	224
16503	18538
-32000	-21143
8759	224
607	224
14465	58219
4683	-8933
5090	-2828
4683	24643
7943	224
-8360	-5881
-3876	-11985
6721	6329
-18142	-11985
5498	6329
-8360	-5881
5090	30748
6313	-5881
7943	-2828
-4284	-2828
-19772	-8933
8351	3276
-22625	-18090
1015	9381
16095	224
6721	15486
7943	15486
5498	-2828
-3876	-5881
8351	224
2237	9381
-9175	3276
7128	-2828
-4284	12434
9166	224
13650	6329
-6730	-11985
4275	-2828
-7952	-8933
7943	3276
-7545	-5881
10796	224
-10398	-8933
2645	9381
6721	3276
2237	3276
9166	-2828
-1431	-5881
4683	224
5498	224
1015	6329
3052	33800
7128	224
14057	224
5905	224
-3469	9381
-4284	224
-5507	6329
-23848	-15038
-10805	-2828
4275	-5881
3460	30748
10389	3276
11204	18538
-18142	-11985
-14066	-8933
3052	-5881
-14881	-11985
-25071	-15038
-17327	-11985
10796	18538
-9990	224
1015	224
-4284	-8933
8351	-2828
8351	-5881
7536	9381
-2246	224
-4284	-5881
607	15486
-208	-5881
-1431	-5881
-16104	-11985
-1431	-2828
6313	-2828
-3061	224
10796	224
-14066	9381
5905	9381
-23033	-18090
8759	12434
8351	-2828
2645	3276
16910	12434
-4284	-5881
2237	15486
-1839	12434
5905	224
-14066	-8933
-21403	-11985
2237	224
7536	3276
11204	3276
-1839	6329
-12436	-8933
-5914	-8933
4275	-2828
-4692	18538
-2654	-5881
7943	-5881
12427	9381
8351	9381
-9583	-8933
-9990	-5881
-5914	-2828
-9175	-8933
1015	-5881
7943	-2828
-12028	-15038
-1431	-8933
-208	-8933
-9175	-2828
-2654	3276
-5914	-5881
-8360	-5881
-6322	-2828
-616	12434
-2246	-5881
4683	27695
9981	3276
7536	9381
7943	-5881
-1023	-2828
18133	24643
-13251	-11985
16910	3276
5498	-2828
-15289	-8933
607	33800
4275	18538
-13251	-11985
4275	9381
10389	-2828
-9583	-8933
9981	12434
14057	15486
607	3276
3052	3276
4683	-5881
-16919	-5881
12427	-2828
5905	224
-16512	-11985
5498	15486
199	18538
-13251	-11985
18133	3276
16095	6329
607	-8933
2645	21591
3460	224
2237	-5881
-14881	-11985
-20995	-15038
-5914	6329
607	-5881
-5099	-11985
7128	224
-18142	-8933
12019	3276
6721	-2828
2645	-5881
-17327	-8933
-13658	-8933
-9583	-11985
12427	3276
2237	9381
11204	224
-7952	-8933
7536	-5881
8351	3276
-3061	-2828
4683	12434
-11621	-8933
5498	-5881
3052	9381
607	-2828
-8767	-8933
8351	224
-11213	-2828
-11621	224
-27109	-21143
5905	6329
13242	12434
1830	-8933
8759	-8933
3460	6329
-14066	-2828
8351	-2828
-13251	-5881
-10805	-8933
-5507	-2828
13242	18538
14057	224
8351	224
-5099	-5881
15280	224
-14474	-11985
199	27695
-17327	-11985
-5507	-8933
-12843	-2828
-3469	6329
3460	3276
-10398	-8933
-2654	33800
10389	6329
199	-2828
10796	3276
4275	-5881
1422	3276
8759	-5881
-8360	-2828
9574	24643
-13658	-11985
5498	224
14465	6329
4683	6329
-11213	-8933
-4692	-8933
-10805	-5881
607	21591
1830	-2828
-8767	-8933
-11621	-5881
6721	224
-5914	6329
7943	224
-8360	-2828
-2246	24643
7128	6329
-4284	3276
-14066	-15038
14465	9381
6721	9381
12834	6329
2645	224
2237	6329
5905	3276
-6730	3276
3868	12434
3868	224
-25886	-18090
-9175	224
3868	18538
12427	3276
-23033	-15038
12427	12434
2237	224
1422	-2828
-5099	-8933
4275	224
18133	-2828
11612	6329
-4284	-5881
-14066	-2828
5498	-8933
1422	27695
8759	224
-14881	-2828
9574	6329
3052	-2828
7128	224
-11213	-5881
11612	-2828
-3469	-5881
-3469	-8933
607	9381
-2654	-2828
-1839	-2828
-8767	3276
-1431	6329
10389	-2828
-9990	224
3460	3276
-1431	-5881
-19365	-8933
17318	3276
-1839	-2828
-29554	-18090
7943	-2828
1830	3276
6313	224
11204	224
8351	6329
3460	3276
-12028	-11985
2237	-2828
-20587	-11985
9574	3276
11204	12434
3460	3276
3868	-5881
-6322	12434
-5099	-2828
23839	12434
-11621	-5881
-8360	-8933
7128	3276
6313	3276
-20180	-15038
-3061	-5881
12427	15486
6313	15486
-9990	-11985
-29962	-21143
12427	6329
8351	224
-9583	6329
16503	224
-1839	9381
13650	6329
10389	3276
7128	-5881
9574	-2828
14872	224
10796	224
199	-2828
-20180	-8933
-9990	-5881
-1431	-5881
7536	224
7128	-2828
10796	3276
5905	3276
6313	9381
-24663	-15038
4275	-5881
7536	-8933
-20587	-15038
1830	-5881
9166	224
-7545	-5881
8759	-5881
-208	224
1422	224
8351	-2828
-5099	-5881
-20587	-5881
-8767	-8933
607	224
12427	-2828
-616	224
-12028	-11985
6313	3276
12019	6329
-19772	-15038
1015	6329
14872	-2828
607	-5881
-12028	-8933
-1839	-2828
16095	9381
-9990	224
-616	-5881
-10398	-8933
9981	24643
10389	6329
-1839	-8933
-2654	3276
13242	224
-1431	-5881
-15289	-11985
-1431	6329
-616	-8933
7536	-2828
-3469	9381
-2246	-8933
-2246	-5881
2237	12434
607	-2828
-3876	-2828
-1431	3276
10796	36853
5090	-2828
9574	-5881
-616	-5881
12019	3276
7128	6329
-1023	9381
9166	3276
12834	3276
1830	-2828
3460	224
-26293	-18090
5090	12434
-5099	-5881
7943	6329
9166	3276
3868	30748
-3876	224
9574	224
7128	3276
7943	9381
5090	15486
-5914	-8933
-7137	3276
5090	6329
-5507	18538
1422	-2828
9166	224
-5914	18538
-17734	-8933
8351	9381
-2654	-2828
8351	224
-8767	-11985
-20995	-15038
-3876	-2828
14872	224
-3876	224
8351	3276
6313	3276
12834	30748
-12436	-11985
-9990	-8933
17318	3276
5090	224
9574	-2828
9574	-2828
-11213	-8933
1422	21591
10389	24643
15280	224
7943	12434
-12843	-15038
16910	6329
-17327	-8933
5905	18538
-2246	-2828
1422	224
3460	-2828
2237	224
11204	24643
-12843	-2828
-3061	-8933
10389	15486
4683	-2828
-1839	-2828
199	-8933
6721	224
-16512	-11985
-2246	-11985
-15289	-2828
3868	6329
4275	-5881
-11213	-11985
2237	-2828
9574	-2828
-12436	224
2237	6329
199	3276
-5507	224
-12436	-8933
7128	3276
2237	-2828
7943	224
7943	39905
6721	224
3868	-2828
7536	224
4683	6329
-3876	224
9166	3276
5090	6329
-9583	-2828
-13251	-11985
-7952	-8933
5090	21591
-4284	224
-9175	3276
-31184	-18090
1015	-5881
-4284	6329
-1839	6329
-5099	3276
-4284	-5881
-7952	-8933
-16104	-18090
3052	18538
-20995	-11985
-4284	12434
-2654	-5881
3052	3276
-19365	-11985
8759	3276
-10805	-5881
-1839	6329
607	-11985
607	-2828
-616	-2828
13650	224
8759	-2828
-5507	3276
-14066	-5881
9166	224
-1023	-5881
-5099	-8933
5498	-2828
-7952	-5881
-1839	3276
-8767	-8933
9574	3276
15280	6329
12834	15486
3052	-2828
5498	9381
8351	3276
9981	224
3460	-5881
7943	21591
-14474	-2828
-4284	-8933
4275	224
5905	224
9981	-2828
-7137	-8933
-7137	-5881
4275	6329
14057	224
1830	-2828
-8360	-5881
5905	224
-12028	-11985
3868	-2828
11204	27695
-7137	-8933
6313	27695
-13658	-11985
8351	-2828
-11213	-5881
1015	12434
-1023	-2828
-616	-5881
7943	6329
-616	-5881
-5099	-8933
-3469	15486
1830	24643
-1839	9381
-5507	-8933
9981	3276
14465	9381
5498	30748
5498	-5881
10389	3276
1015	18538
6721	-5881
2237	-5881
-2654	-5881
-11621	-11985
9981	224
6721	-2828
-6730	-2828
12019	3276
-15289	-8933
-3061	6329
-3876	-5881
-616	-2828
3868	12434
3052	6329
9166	-2828
14465	224
4683	-2828
-9583	9381
9574	3276
10389	9381
10389	224
-14066	-8933
6721	3276
16910	12434
-6730	-2828
3052	-2828
8759	3276
-9175	-11985
14057	224
16503	24643
-10805	-8933
-14881	-15038
12834	6329
-1839	-5881
-5507	-11985
3052	-2828
-3876	224
7943	-2828
-7137	-11985
9981	9381
9166	224
-9990	-11985
-3876	-8933
-27516	-18090
-6730	3276
-1839	24643
607	21591
2645	15486
-25071	-15038
-5099	-2828
-9175	224
-6322	224
607	30748
9166	3276
-1431	-5881
-2246	-5881
13242	-2828
-9175	-5881
-2246	-5881
5090	224
199	15486
-10398	-15038
-7952	-5881
-6730	224
3460	3276
-29147	-21143
-12436	-5881
-7137	-8933
3460	-2828
607	6329
-1839	-2828
12427	3276
199	12434
199	-8933
-1431	-8933
607	224
-5914	-5881
9981	-2828
10796	30748
-208	-5881
-10398	224
5498	-2828
-5507	-8933
11204	3276
3052	15486
12427	9381
7536	18538
6313	-2828
4683	18538
9981	-2828
607	27695
1422	224
4275	9381
5498	3276
-16104	-8933
12019	224
-6322	-8933
1015	-5881
-18957	-2828
3460	21591
-23033	-21143
2645	-8933
-4692	224
9574	3276
2237	-2828
5090	3276
2237	224
-10398	-8933
10796	3276
7943	-8933
5090	224
10796	9381
1015	-8933
8351	224
1015	18538
5905	224
4275	-5881
-5914	-11985
-20180	-11985
-616	-2828
5905	-11985
1830	9381
9981	46010
-20587	-15038
-12436	3276
-3061	-8933
-3061	-8933
15687	3276
-12436	-2828
5498	-2828
4275	-2828
16095	3276
-6730	-11985
15280	15486
-17734	-11985
1422	6329
1830	-5881
-5099	-8933
2237	224
9981	224
-19772	-15038
-2654	12434
-20180	-8933
-7137	-8933
12834	3276
6313	15486
-27516	-15038
-5507	-5881
-2246	-5881
-9583	-8933
-24256	-18090
-13251	-8933
8759	6329
12019	224
3460	224
-3469	6329
-3469	-2828
5090	-2828
6721	3276
607	-2828
-3061	24643
9981	-2828
-16919	-11985
-8360	-8933
-5914	-5881
-21403	-11985
-11213	6329
-24256	-18090
2237	18538
7536	224
-1839	6329
-13251	-8933
-9990	-11985
-8360	-5881
7536	6329
199	-5881
-5914	-5881
5090	6329
5498	224
-13251	-8933
7128	6329
1015	3276
1422	12434
1015	-5881
-3061	12434
3052	18538
-3469	-11985
7536	224
-12028	-8933
4275	224
1015	9381
2645	224
199	-5881
4683	224
3052	224
3868	-5881
18541	12434
199	9381
-3876	-8933
4683	9381
-11213	-8933
5905	12434
-11621	-11985
-3061	-2828
-616	-2828
9981	3276
-616	224
7943	224
199	-5881
-1023	3276
-9583	-8933
9981	224
607	224
-1431	-2828
-1839	6329
7536	-5881
-208	6329
-7137	-11985
-1839	-2828
1830	3276
11204	9381
-208	224
7536	224
15280	3276
-26701	-21143
1015	12434
5905	3276
2237	-2828
6313	224
199	-5881
-5914	-8933
-2654	224
6721	224
5905	21591
3460	3276
-6730	-2828
-6322	-8933
-11621	-8933
11612	6329
6721	6329
5090	3276
11612	3276
1422	-2828
-10805	-5881
2645	-5881
5498	-5881
4275	-2828
7128	224
-22218	-18090
-2654	224
-2654	-5881
-1839	-2828
-1431	6329
-13658	-5881
607	224
6721	-2828
10389	-5881
5498	3276
607	21591
-11213	224
5498	224
-616	-2828
-16512	9381
4275	-2828
-12843	-8933
14465	3276
-3876	6329
2237	224
-1023	-5881
-3469	12434
-4692	3276
9574	3276
4683	9381
3868	-2828
-6730	-2828
1015	-5881
8759	224
-11621	-11985
18541	3276
-8767	-11985
-14881	-11985
13242	-2828
10389	-2828
12834	3276
-20180	-15038
2237	12434
13650	27695
-12028	-5881
-8767	-5881
1830	3276
11612	224
-3876	224
-5914	-5881
5498	224
-22625	-18090
607	-2828
5905	-2828
11612	21591
-9990	-15038
22616	39905
9166	224
9574	-5881
9574	6329
9574	33800
-15289	-8933
-14881	-11985
-18549	-11985
-10398	-5881
10796	-2828
607	15486
-3876	3276
11204	224
-5914	-2828
12834	3276
6313	-5881
-8767	-8933
13242	9381
5498	27695
-2246	-5881
-616	-5881
5090	-2828
-4692	224
-4692	-8933
7128	-2828
8351	-2828
-5507	224
-1431	-5881
-3469	-5881
-7952	-5881
9981	3276
-6322	-2828
11204	224
-21810	-18090
-5914	-11985
-21810	-11985
-11213	-5881
9574	6329
-1431	-2828
16503	6329
-7545	-11985
2645	224
-7545	224
8759	21591
-11621	-8933
7536	224
10796	-2828
3052	9381
-7952	-8933
-5099	-8933
199	224
2237	6329
-8767	-11985
-2654	-8933
10796	9381
-19772	-11985
-2654	-5881
-616	224
3460	15486
-4284	224
6721	9381
-20180	-18090
2645	3276
-3061	-5881
6721	224
-616	224
-9175	-8933
-20180	-11985
-1023	-11985
-13658	-2828
8759	-2828
-208	3276
6313	224
8759	6329
-5914	-11985
6313	224
9981	3276
7128	12434
16095	224
-7952	6329
-8767	224
2237	30748
-2654	12434
-23440	-8933
-16919	-15038
1830	224
-12028	-2828
7943	-2828
199	-2828
-12028	-5881
2237	224
-1023	6329
-12436	-8933
-1839	3276
-7952	24643
199	-5881
13242	3276
5090	-5881
-6322	-2828
-2246	-8933
199	-2828
7943	3276
11612	3276
2645	-5881
2645	-5881
3460	12434
-5914	3276
8351	3276
13650	224
-28739	-18090
4275	15486
-5099	224
-6730	-2828
2237	224
18541	3276
-1839	224
-2654	3276
3052	6329
7536	30748
-15696	-8933
-18957	-5881
-4284	224
12427	3276
-208	27695
4683	224
4683	-2828
-5914	224
-5914	-5881
-1023	-5881
-7952	224
-18142	-11985
-26293	-15038
-20995	-8933
9166	12434
8759	3276
-616	3276
8759	-2828
-6322	-5881
5498	18538
199	224
20171	224
-12028	-11985
-8360	-11985
-616	-5881
6721	15486
16095	-8933
5090	-8933
-8767	-5881
-7952	-2828
2645	-2828
10389	3276
10796	3276
3460	-2828
14057	3276
1015	-5881
7128	224
-7545	-11985
9981	3276
-9175	-8933
11204	6329
10796	224
6313	6329
1015	-5881
10796	15486
-22625	-15038
7128	224
-7545	-11985
-1431	9381
-12843	-11985
-17734	-15038
3460	-2828
2645	-5881
5905	-2828
8759	-5881
-1431	-8933
-1023	9381
-208	-2828
10389	9381
9981	-2828
11612	3276
-9990	-11985
-208	3276
-3876	-5881
-28331	-15038
7128	3276
-4692	3276
3868	9381
1422	-2828
-16512	-15038
16095	6329
-13251	-8933
4275	-5881
12019	33800
-1431	15486
3868	6329
6313	-2828
1015	-8933
2237	3276
-20180	-15038
1015	21591
8351	3276
-5914	3276
-5507	-5881
-3876	224
6313	18538
-18957	224
-4692	-8933
-4284	-5881
-3469	-8933
-12028	-8933
607	-5881
-23033	-11985
-2654	-8933
6721	6329
-14474	-5881
-5507	-2828
-5099	9381
4275	-2828
-18549	-5881
-22218	-15038
4275	-2828
-20180	-8933
-5507	-11985
-16512	-11985
14465	15486
9166	18538
-1839	-2828
199	6329
199	6329
10389	224
-9583	-11985
-18957	-11985
1830	27695
18541	6329
16503	9381
12019	-2828
11612	-5881
13650	3276
-9175	-2828
7943	6329
-1023	224
9981	224
-10398	-5881
11204	15486
8759	224
4275	-5881
-3876	-8933
8759	9381
607	-5881
11204	6329
9166	6329
-3876	-2828
-208	-5881
5905	6329
1015	6329
12019	12434
6721	-2828
-16512	-11985
1830	-5881
-5914	6329
-17734	-8933
7128	-5881
11204	-11985
-3061	-11985
4275	224
7943	15486
12019	3276
-208	15486
5498	-2828
6721	-2828
1015	-2828
11612	224
-14474	-11985
9166	-5881
-15696	-8933
13242	18538
-10805	-8933
5498	18538
-6730	9381
199	-8933
-1839	-8933
-5099	-11985
8759	6329
7536	6329
-1023	-2828
5090	-11985
1015	15486
8759	224
8759	3276
6721	9381
-4284	6329
4275	18538
11204	15486
-11621	-11985
7536	-2828
8351	33800
3868	12434
5905	33800
607	-2828
5498	21591
7536	6329
-23440	-11985
-3061	224
6721	224
-19365	-8933
1422	-2828
8351	224
-1839	-2828
8351	9381
-4692	-5881
3460	-8933
-15289	-2828
-14881	-15038
14872	3276
10389	3276
-4284	-5881
5498	224
-18957	-15038
9981	24643
7536	-2828
-7952	-8933
-15696	224
-14066	224
11612	-2828
-1839	-5881
5090	9381
-6730	-5881
-12843	-11985
2237	9381
8351	3276
4683	3276
5905	-5881
5905	-2828
-3061	15486
-2246	21591
8351	3276
4683	-5881
5498	-5881
12834	3276
-4284	-5881
5498	-2828
8759	-2828
10389	-2828
-15696	-11985
-8360	3276
15687	224
-25071	-21143
6313	224
-16512	-8933
-4692	-8933
3460	18538
-9990	-8933
-7952	-8933
2645	9381
-4692	15486
1422	224
11612	224
-15289	-5881
8351	9381
2237	-2828
14057	224
-208	-2828
10389	30748
2645	15486
12427	9381
-1839	3276
3868	18538
-4692	-8933
5090	-2828
3052	12434
4275	-2828
3868	-5881
16095	6329
-19772	-15038
8759	3276
3460	6329
4683	9381
12019	224
11612	-2828
-1023	-5881
1015	18538
2645	3276
7128	9381
16095	-2828
-7952	-11985
607	224
3868	224
3460	21591
-7952	-8933
7943	224
-22218	-18090
12019	224
4275	6329
10389	12434
607	9381
16095	224
19763	6329
5905	224
-16104	-15038
3460	224
2645	-5881
7536	-2828
1422	6329
-18549	-5881
-13251	-2828
18948	224
-5914	-8933
9574	15486
10389	9381
-16512	-11985
14872	9381
-9990	-11985
-11621	-2828
6313	3276
14872	9381
9981	6329
5498	-5881
-3469	-8933
-1839	-5881
-9583	-5881
16095	3276
-23440	-11985
5905	-2828
9981	224
-5099	-2828
9981	224
5498	3276
-18957	-11985
-9175	224
-5914	-11985
-8767	-11985
-15289	-8933
13650	3276
7128	6329
-20587	-11985
7128	224
18133	6329
11204	3276
8351	-5881
-21810	-18090
5090	12434
-3469	-5881
12019	224
1422	21591
9166	24643
2237	-8933
2645	9381
4275	12434
9981	6329
9981	15486
15280	3276
2645	9381
9166	21591
-2654	224
-4284	-5881
9981	18538
7128	-5881
-8767	6329
9981	3276
-11621	-11985
4683	224
-16104	-11985
607	3276
7128	15486
12834	9381
4683	12434
4683	-2828
6721	12434
9166	224
-9990	-11985
-18549	-11985
-8767	-5881
-10805	-5881
-21810	-15038
10796	9381
12019	6329
-15289	-11985
-1839	-5881
5090	224
10389	-2828
3460	12434
-12436	-11985
2237	-2828
8351	224
-5507	224
4275	224
-13251	224
6721	6329
10389	3276
12834	12434
7128	-5881
4683	3276
-12843	-8933
3052	224
-3876	224
8351	3276
9574	-5881
-8360	15486
16503	-2828
5905	224
-26293	-18090
7943	6329
-12028	-11985
-25478	-15038
16503	-2828
5090	3276
-17734	-11985
11204	224
14057	9381
-15696	-15038
-15696	3276
11612	12434
-3876	-5881
4683	3276
-1023	-8933
-5099	-5881
-3061	-2828
15687	6329
8759	224
20171	6329
12427	18538
2237	224
-11621	-8933
-5507	-5881
-12436	-11985
-3876	6329
10796	3276
-28739	-18090
-208	-5881
-14066	-11985
-1839	6329
-25478	-21143
8759	6329
-3876	-8933
-2654	6329
1830	224
-1023	9381
199	24643
-2246	15486
7128	224
4683	-2828
4275	-8933
1830	18538
5498	224
-20180	-11985
-20587	-15038
-1023	-5881
3052	-5881
-8360	-2828
199	-2828
-13251	-2828
16095	-5881
7943	224
-6322	-5881
-12028	-2828
607	-2828
3868	-5881
-6730	-8933
5090	3276
5905	21591
2645	3276
-616	6329
-12028	-5881
-9583	-11985
-2654	224
6721	18538
7128	12434
6721	224
2237	3276
9166	-2828
-12436	-5881
-4284	-5881
-3469	-11985
-7952	3276
-18142	-15038
12834	33800
10389	224
8351	3276
-7137	-8933
7128	-2828
199	18538
-7545	-8933
-7545	-5881
-3876	-8933
5090	6329
199	3276
7128	24643
12427	224
7128	-2828
2237	12434
-3469	6329
5905	3276
-16104	-8933
-6730	-11985
11204	224
-6730	-5881
-23440	-15038
-19772	-11985
16095	3276
11204	-5881
-5099	224
-6730	-8933
3052	9381
-3061	-5881
3868	6329
-1023	-5881
11204	224
11204	224
-4284	-5881
-208	-2828
7943	3276
3868	224
-3469	-5881
199	9381
