13025	325
8107	6512
-58	28165
-10106	-5861
11867	-18234
3675	-15141
-4223	28165
1732	-2768
8886	-2768
-14471	-5861
1553	9605
-6413	9605
7369	325
-2719	-5861
23319	6512
1393	-8954
-5002	-2768
-6659	-2768
-13839	-2768
6384	325
-8941	325
-14784	-12048
-1176	325
11128	9605
5446	40538
-9594	-2768
4574	-5861
-1628	-5861
-3977	9605
-550	-5861
6537	-5861
-11244	-2768
5266	325
8014	-5861
43948	-5861
-12788	-8954
-11470	3419
30659	6512
-5521	-2768
-1668	325
9066	-2768
8400	-2768
-8629	12699
-10019	-2768
1999	325
3116	-5861
-9054	-12048
501	-18234
-7624	-2768
-6346	-5861
-4689	21978
-8788	15792
-4669	15792
-13753	9605
2085	9605
-6526	3419
-15050	325
14216	6512
-12967	-8954
18462	-12048
-9793	6512
-3458	-2768
1686	3419
7455	-2768
-6705	25072
-1089	325
-7284	325
-11650	-15141
19985	3419
-9301	-2768
5911	6512
10097	-2768
7588	-2768
44061	-2768
654	3419
-10618	325
-10106	-5861
-6459	3419
-6998	9605
-863	3419
-3418	-2768
-16168	325
-12368	15792
-3418	-8954
10676	-2768
9624	-8954
614	-15141
-5541	-5861
34865	-5861
-6772	-18234
814	-8954
-10998	325
14728	-15141
25582	-15141
5845	325
13318	-2768
-4510	-5861
15401	-15141
14323	-8954
-4962	-15141
-1315	-12048
10789	3419
4926	-5861
7768	21978
-13772	9605
-13799	325
16405	-2768
8353	-2768
-7870	-15141
-2473	-8954
1193	325
-16168	-2768
14775	-8954
4301	12699
-10019	325
-10532	3419
3742	-2768
2471	-2768
-4649	-2768
-3771	9605
-12142	325
6251	6512
1526	-8954
20079	6512
22601	-8954
-7131	-2768
7029	-8954
-4556	3419
-8609	6512
-3771	-5861
5871	12699
4055	6512
11328	9605
-617	325
7076	3419
7142	325
13431	15792
15134	-2768
-11404	325
-2433	-8954
7389	-8954
-3258	6512
-12881	-12048
-3325	-2768
-3884	-12048
29	-2768
-577	34351
-5095	-8954
-14784	31258
1772	325
-1781	15792
5758	325
1486	-5861
13724	3419
9585	3419
-11517	325
3675	-5861
-14378	-2768
-8828	-12048
-6705	-2768
12266	-12048
5379	-2768
767	-5861
11574	325
5958	9605
7236	9605
-1355	28165
6517	3419
2132	-8954
-643	-5861
435	325
8194	-5861
6963	-5861
-843	325
-6147	15792
-13260	325
1127	3419
-8136	3419
8287	3419
14056	-5861
-9101	3419
-11470	3419
-8941	-2768
4414	325
33521	-8954
4860	3419
-796	31258
7568	-8954
-9008	-2768
142	-15141
-5295	-5861
-4982	-2768
-4802	34351
-6772	325
1420	-2768
947	-2768
-1761	-12048
-84	21978
11907	-15141
-14558	6512
-8895	-15141
-4177	-5861
-5361	6512
-11916	-8954
1326	-2768
22002	-5861
8487	-5861
7588	9605
1686	-2768
1732	-8954
-5474	-15141
-3884	-2768
-15988	-2768
-2879	-5861
-8269	-5861
10117	-15141
-6839	-8954
-5588	325
-5701	-15141
2511	-12048
-13733	325
6563	9605
5559	325
13384	6512
-370	15792
-1695	-18234
10230	-5861
-3977	3419
9764	-5861
2444	-2768
-5208	-5861
-11111	-2768
13744	3419
-12568	-5861
-10172	-5861
4793	325
4547	31258
1440	3419
-1382	25072
-13014	6512
10390	-5861
588	-5861
-2946	-2768
-10259	-2768
-8921	-8954
-13952	-8954
-13373	-5861
-6393	-8954
18641	3419
-14378	-8954
-3458	-8954
-1422	325
11128	-5861
-15922	-15141
10676	-2768
-3505	-8954
189	325
13118	-12048
-3125	6512
10569	-5861
1639	9605
-8542	-5861
18309	-12048
-5608	9605
-11071	-2768
10902	-8954
-9035	6512
4348	325
-13686	-8954
-7151	3419
8620	325
-13772	325
-3285	15792
4367	-5861
-5561	-8954
-5248	-2768
25915	325
-12029	31258
5379	9605
11261	6512
-3618	-2768
9624	-8954
-14917	325
-304	-2768
9558	-12048
-6905	9605
901	3419
9112	3419
-2746	-5861
-9613	-2768
9585	325
17730	-2768
-9993	-18234
-5248	12699
-1109	-2768
-6998	325
17750	3419
-304	-8954
3210	325
10210	325
15760	325
-1562	-2768
-14870	-2768
12852	325
1080	25072
1486	-12048
2757	25072
16026	-5861
2132	-8954
-2187	-2768
10856	-5861
-3192	6512
-1668	-2768
-464	18885
-14065	-2768
-4044	12699
9451	-5861
7122	15792
-1848	12699
-18	3419
-10578	-2768
-7803	-2768
10456	-2768
-2833	-2768
18575	3419
-13819	325
-8156	3419
-863	3419
2225	-18234
-7531	-8954
13052	-5861
2850	325
-13034	34351
-13307	325
-12568	-5861
-13886	325
5286	-5861
-10465	-5861
-9074	-5861
8600	6512
-6705	325
1080	-12048
6271	-12048
-12901	325
-15210	-5861
7122	325
-1562	6512
7302	325
9491	325
9851	-2768
681	-2768
-11224	325
-3864	-5861
-15183	-2768
-16055	-5861
13384	3419
16339	-2768
-3911	6512
3968	6512
-7843	325
-8249	3419
-10485	3419
-13214	12699
14482	325
-13866	12699
19360	-5861
1260	-5861
18754	18885
-3192	-15141
4887	325
5379	-15141
-15988	-8954
-10059	-2768
-8675	-2768
20212	-5861
-3751	-2768
12113	325
-15543	-5861
5958	-5861
-9367	325
9358	12699
29	-5861
7768	-5861
-11111	-2768
-9254	-8954
-14085	21978
-10219	18885
9179	6512
-444	3419
-7843	3419
4953	-5861
5532	40538
-9527	-5861
-10778	3419
3695	325
-4356	12699
-14019	325
-13060	9605
-14691	-2768
-730	-15141
14615	-8954
-12701	-8954
-6346	28165
-9840	-15141
-3571	-2768
6989	15792
-6885	-8954
1526	-2768
-15563	-12048
5153	6512
-9813	325
11907	-12048
-8249	6512
-9747	325
11554	6512
-6326	6512
12000	-2768
2937	25072
-6592	-2768
-9347	-5861
-8023	-12048
-2613	6512
-5315	3419
4281	-2768
5805	6512
3363	325
16652	-5861
1346	-8954
-9594	-2768
-12748	3419
16186	-2768
-14578	-12048
-1355	-2768
4860	-5861
-12635	325
-1695	-8954
3522	3419
-11204	28165
-7803	-8954
13477	325
7482	9605
-4197	-2768
14662	325
-4197	12699
2804	6512
1147	6512
-9035	3419
2358	325
-9054	-2768
-13799	-2768
-12521	-2768
-13373	-15141
-4623	-5861
3855	-21327
-5182	25072
-13733	-12048
-890	6512
-11849	-5861
-7644	-5861
1639	12699
5153	12699
9964	-8954
6251	15792
1193	21978
-13060	-18234
-1355	-8954
-10505	-8954
-6506	-2768
-7378	-8954
-8402	-2768
-7910	325
14436	18885
6743	6512
-4110	-2768
-12368	3419
-7531	-2768
2491	325
17164	-8954
9272	-12048
-6592	325
-9301	325
7322	-8954
7768	-5861
8846	-8954
-1987	-5861
21396	18885
-3039	9605
-15835	-5861
-197	18885
8819	21978
2644	-5861
6497	-2768
3096	15792
8979	-5861
11840	9605
1080	-2768
3722	-2768
-2813	25072
2065	12699
-10778	-2768
-3258	21978
18016	18885
-10192	325
-5208	-8954
767	3419
-8116	-2768
14216	-8954
-3458	-5861
2757	3419
-2500	-2768
1260	3419
3316	-2768
-10399	-2768
5891	325
-3704	9605
10277	-8954
-11270	3419
7795	6512
-8855	-12048
1885	15792
2963	-18234
-3797	-2768
32070	-2768
4188	-12048
588	6512
12739	6512
-5095	-5861
-13373	325
7056	325
-12701	-2768
1619	3419
26207	-2768
-12834	18885
-8742	3419
10503	-12048
8127	3419
3316	9605
6677	3419
-13886	325
23679	-5861
-15722	325
-9035	9605
-5987	-8954
-15004	-5861
-2966	-2768
-1222	-8954
-12635	43631
-15696	-2768
-1741	-8954
-11423	-5861
6004	-18234
-11716	-2768
75	-12048
-12615	-5861
14748	-2768
2358	6512
-264	9605
12692	-2768
37054	9605
16678	325
4461	-2768
-9008	6512
18175	-12048
-2833	-2768
-5967	12699
-5361	3419
-5721	325
-11177	6512
5312	9605
-15875	-2768
9245	-5861
-7444	325
8866	325
11528	3419
4148	-5861
-8788	12699
12113	-2768
435	3419
5845	-8954
5625	-8954
-3951	-2768
17011	-5861
8553	325
8686	-2768
-8229	-12048
-7531	-12048
-264	6512
-13174	-8954
-1136	325
-956	325
-3551	-5861
2491	12699
-5521	-5861
-304	9605
-4403	3419
10882	-2768
1865	18885
-9347	-2768
-6859	-12048
5286	325
2624	-5861
-1422	-15141
1240	3419
-9074	34351
-15409	-5861
-5674	3419
5512	3419
-12342	-12048
25176	6512
-3039	-18234
-6127	-5861
-13060	-12048
13451	-12048
3183	3419
-4982	6512
11594	-5861
-8476	-2768
-12049	-2768
228	-2768
13344	325
5692	325
-4470	-5861
8620	15792
-12049	-12048
-756	-2768
-2566	-5861
12379	325
-9434	325
-3012	3419
-2520	-8954
10676	-5861
-6725	325
4055	-2768
12220	9605
-2453	-2768
-3618	-5861
1173	-2768
-10825	325
17011	325
-12209	-2768
3542	-8954
-3145	6512
-6792	-12048
7142	6512
-6998	31258
5040	3419
7548	-5861
-12368	18885
24843	-5861
4261	12699
-10778	325
-12122	3419
-3285	-12048
5312	3419
-7803	-2768
4394	-2768
2152	-5861
12513	-8954
10902	-2768
-2879	-2768
-7803	3419
-8808	-8954
-4849	40538
-5920	-2768
-13174	-5861
16718	-2768
-5388	-8954
14662	6512
-237	-12048
14323	-8954
3629	3419
388	3419
3296	6512
2737	-12048
20411	6512
-13194	25072
-4110	-2768
-8961	-12048
4680	15792
1173	3419
-10352	-2768
7728	3419
-3618	-18234
-3664	9605
16698	325
9378	325
-4090	-5861
10456	-5861
747	325
-13460	6512
28956	-12048
9897	6512
-2227	-5861
5665	-5861
-6772	-2768
6224	6512
-15476	-12048
-1715	3419
-14225	6512
-5674	-8954
-1914	3419
-12655	-2768
322	6512
-12229	325
-11943	-8954
10569	325
8174	325
-14624	-2768
5352	325
-11916	-5861
3096	325
-7644	9605
2917	-5861
-12162	9605
-12096	-5861
-5854	3419
4214	325
-13373	6512
6497	-8954
-7444	3419
25043	3419
568	-5861
24464	325
-7444	-24421
-823	-12048
2917	-8954
3922	-8954
-3105	-5861
-7198	325
-10751	-8954
3210	18885
16006	-5861
3316	-2768
14642	-8954
4301	325
-1495	-12048
-13014	9605
12559	-12048
9245	-5861
11195	-15141
747	325
-6280	325
-8136	3419
13810	-5861
2691	3419
6697	-5861
-9168	9605
3230	-5861
2225	-2768
5692	3419
5133	-18234
588	15792
122	325
654	-15141
4035	6512
19426	-8954
-8562	-12048
-1781	21978
-13373	-8954
13298	-2768
-11384	6512
-9008	3419
162	-2768
-15316	18885
-13593	325
5871	-8954
7522	-2768
12359	3419
-7378	6512
7415	6512
-5361	-8954
-5428	-15141
11242	18885
34865	-8954
15241	-21327
10183	-8954
-6792	325
95	-15141
-11583	-2768
-8542	3419
1686	-15141
5133	-5861
10050	-2768
6650	18885
-15656	18885
15514	3419
-14538	-5861
8014	6512
11415	6512
-2680	-2768
-370	-5861
-6439	-8954
95	-12048
-417	9605
-8675	-5861
-2433	6512
9605	325
-16188	325
1912	21978
8507	3419
1666	18885
-5608	-8954
5559	325
-7065	325
-10152	325
-5967	-5861
-15070	-8954
3922	-2768
-370	6512
-4044	-12048
8107	-12048
-1043	-12048
-14850	6512
13790	9605
2963	15792
-1448	325
-10332	-5861
-12029	-5861
-9101	325
-13639	-5861
1819	9605
3742	3419
8646	12699
3449	-8954
18355	325
17031	25072
-5634	-2768
33161	-18234
614	325
10343	3419
-5967	6512
7974	6512
13025	-5861
12805	325
4727	-2768
11973	-2768
-8562	-5861
-8515	15792
-9035	-5861
-10019	-12048
-5880	325
4860	-2768
-4869	-15141
26181	9605
342	6512
1752	325
-13866	-12048
-6147	-18234
1213	18885
7928	-12048
-11829	-12048
1213	3419
1193	325
9651	-12048
-7890	3419
-6459	325
-5494	325
-3372	28165
13344	325
-550	-8954
-15456	-5861
-13866	325
-9660	15792
6024	-15141
-7151	37445
12313	-8954
-11177	25072
5665	-2768
-5721	-12048
-617	325
-7777	9605
9944	-5861
-84	-21327
-10798	3419
2358	-12048
-2680	9605
-15496	-8954
8646	9605
4547	21978
-8562	25072
1460	-5861
-2966	9605
-264	-12048
-7284	9605
368	12699
-6972	6512
-7577	-8954
-5315	-5861
9338	3419
-12295	3419
-13952	-8954
-10578	-18234
8932	6512
-6147	-2768
208	15792
-11177	-8954
-9700	325
-10958	325
-530	-2768
2511	-2768
13877	325
-956	9605
5778	3419
3003	325
6184	-2768
-12748	12699
-464	-2768
162	6512
9272	325
1839	3419
-6612	18885
475	31258
4906	-12048
8886	-8954
-10778	3419
-8742	21978
-3458	-12048
5020	12699
-1961	3419
11348	3419
7748	-8954
-4423	-5861
3163	-5861
-2793	6512
3942	-2768
31691	-5861
-3145	-12048
3589	9605
-3571	325
927	3419
10702	3419
-12162	12699
-13440	3419
-14398	-12048
2937	-2768
10390	18885
1666	3419
-2700	-2768
-1874	21978
6404	325
-4337	-18234
11800	21978
16139	3419
-12096	-5861
19273	-5861
7349	31258
-9208	-2768
-4669	21978
-3977	3419
95	-5861
7834	325
-5787	325
-11337	-2768
701	-2768
8819	3419
-13866	6512
-15456	-8954
6204	-5861
-6033	-5861
33228	-2768
-9121	-5861
2424	12699
14708	-2768
8327	-2768
-8496	3419
-8582	325
7834	-2768
-12142	-27514
12692	-5861
-1176	9605
6224	18885
-14604	325
-4736	3419
-8496	-8954
18442	325
-3438	3419
8979	-5861
-3079	-2768
11128	-8954
-11091	3419
7834	325
6810	-2768
-3212	-2768
6830	12699
-11943	-2768
-9567	-2768
-15429	-8954
-13506	-5861
-14065	325
13923	325
13610	-8954
16026	-8954
-10998	9605
-13147	9605
8220	6512
-7331	3419
17816	325
-1695	325
4035	3419
12539	3419
-8316	6512
-10931	-5861
10789	-8954
1573	-2768
-7105	9605
-2946	-2768
-8515	-2768
9944	-2768
-9680	3419
-4243	6512
-9008	325
1526	3419
-5428	-8954
12712	325
-15296	325
-5494	-18234
14595	18885
30433	3419
23499	6512
-10532	3419
-9008	-15141
12200	325
13344	-8954
10656	-5861
-8562	6512
-10219	3419
-843	9605
-15276	-2768
-4110	325
6716	18885
-13240	325
7881	-12048
18222	-5861
-11157	3419
4015	325
-9567	-12048
-9454	6512
7349	-5861
5379	-2768
2358	9605
2870	-15141
-9054	-15141
-7198	21978
-10399	325
12000	-5861
10097	6512
1393	325
12559	3419
15241	-2768
-2879	9605
-1874	3419
-9414	-2768
-15656	-18234
-7178	325
-12049	-2768
-843	-8954
1100	6512
10569	-2768
11754	6512
-14737	-5861
-13460	-8954
9558	325
-9880	-5861
-8116	21978
23432	-5861
-7710	325
-14358	9605
-7710	-2768
4394	-2768
1999	-2768
4168	6512
-13060	-2768
4507	-2768
-976	-8954
9518	325
10430	-12048
-13772	15792
-16055	3419
-776	9605
14662	-2768
-4157	325
-1382	-5861
7681	6512
6430	3419
-9567	12699
-12255	3419
6743	-8954
-9008	18885
8666	6512
-12009	-12048
4035	15792
5153	18885
5692	-21327
-9101	325
-5428	-8954
3902	12699
-13799	-12048
-2074	-12048
-11650	3419
2557	325
-7105	-12048
-4782	28165
-1761	-15141
614	-2768
11168	-5861
-13639	-5861
-2387	325
-12681	-15141
7861	-2768
6271	3419
-2074	-5861
2983	15792
1952	-8954
7275	-5861
-4869	325
2198	12699
-2766	31258
-9101	325
-7624	6512
12825	-2768
3609	-8954
-7890	25072
-3192	12699
-8562	325
-1695	325
-7710	-2768
8753	325
9092	-8954
-11244	-12048
-304	12699
-6659	325
22647	-12048
-11783	325
-16035	325
-15742	3419
6004	18885
10010	-2768
-4310	-2768
-9414	3419
3250	3419
-14850	325
16518	-2768
-1695	3419
-4130	-15141
-15137	-8954
14349	325
15514	-12048
-5049	-15141
-5295	-8954
9179	6512
6404	-5861
-5182	-8954
7349	21978
10144	3419
-5920	-2768
3030	3419
19806	3419
-15183	3419
4953	3419
-11071	325
-14984	3419
13657	-2768
-13639	18885
13630	-5861
12047	25072
-3505	9605
4953	-2768
12985	-18234
-10485	-2768
2917	3419
7369	21978
2963	-2768
6450	-8954
5286	21978
-1289	325
-5521	-8954
-9773	325
-11244	-12048
9831	-8954
7415	3419
-8609	3419
208	3419
654	325
-617	9605
8041	325
-9347	-8954
-9141	-5861
13344	-12048
9917	-12048
-12814	6512
22135	-2768
5086	-5861
8220	12699
-6100	-15141
-12947	-5861
12047	28165
7548	-5861
-264	-2768
13205	325
-530	-12048
2152	9605
5911	325
275	-5861
2624	-15141
1100	12699
12379	12699
-643	6512
2132	-18234
-2879	-5861
947	-8954
-11517	6512
-2879	3419
-14265	-5861
-1761	325
634	12699
-7910	3419
12466	325
-12049	-12048
9605	-5861
-2453	-8954
15154	325
9871	-8954
-10106	-12048
-6213	-8954
18395	9605
13205	3419
17144	-8954
17164	3419
11687	28165
-12901	-5861
16898	-12048
-2813	34351
-1961	-2768
12047	3419
1034	325
-8336	-2768
-12475	-8954
-10931	6512
1213	6512
15514	325
-12927	-5861
-6526	-5861
-12568	-15141
-9993	-2768
-4177	325
