-5985	9648
-9092	2581
-5985	-11968
28193	-5732
21979	9232
229	-6148
-12199	-17787
9550	-10305
12657	6738
-2878	-14877
-2878	-16125
-2878	-8642
12657	-11552
229	-21944
3336	-6148
-12199	5907
-2878	8401
3336	-12383
3336	6323
6443	-10305
-2878	8401
-2878	-5732
-5985	7570
3336	-26101
-15306	-4070
229	-744
229	5491
15764	-17787
-9092	-8642
6443	-3238
-5985	87
12657	6323
9550	14221
229	-4070
229	7985
-2878	-328
229	-5732
-5985	-1991
-2878	-7811
12657	-5317
229	8401
229	6323
-2878	5907
6443	3413
-12199	7985
229	5491
-2878	6323
-9092	6323
-2878	10479
229	-744
-18413	-3238
-9092	-6148
6443	4660
-2878	7154
18872	-2823
21979	-10721
229	4660
6443	10064
6443	-29011
21979	18378
15764	10479
229	5076
-12199	1334
18872	9232
-2878	-4485
-5985	-4070
-12199	8817
-2878	-4901
-5985	-1991
-5985	-2823
9550	-3238
229	-20281
-5985	13805
229	10064
3336	-11552
6443	2997
-2878	1750
-5985	7154
-2878	2166
229	-14877
-2878	-9889
-2878	-13215
-9092	-7395
-15306	4660
-12199	5491
229	-19866
-2878	10895
-15306	4244
-12199	3828
-2878	5076
6443	-1991
43728	87
-9092	15052
229	-3654
-5985	-7811
-18413	5907
-9092	11311
-12199	10064
-2878	-3654
-15306	2166
28193	5491
-2878	-328
6443	11727
18872	7154
3336	11311
-5985	9648
-2878	-9058
12657	-24438
229	2166
-2878	6323
-5985	5076
12657	4660
6443	6323
-12199	1334
9550	5491
-9092	-1991
-2878	-20697
-2878	12558
-5985	-27348
-5985	4244
-2878	6323
229	-1991
6443	-328
9550	-3238
-12199	15883
-15306	-17372
6443	7154
9550	2581
-5985	2581
-2878	18378
-9092	10479
18872	5076
-2878	-12799
3336	11311
9550	5491
-12199	-4901
-12199	7985
229	11311
229	10479
9550	2166
-9092	-13215
-2878	-4485
229	6738
9550	-11552
-2878	12558
-5985	-2407
229	3828
3336	-11136
-5985	2997
229	10064
3336	2997
-2878	3413
229	-26932
6443	15883
-12199	11727
12657	-4485
229	8817
-2878	14636
-12199	16299
-9092	9648
-5985	6738
-9092	-8226
3336	-7395
-5985	13389
3336	9232
229	9648
-2878	-8226
-5985	2166
-9092	-1991
-2878	5076
6443	-5317
6443	-30258
6443	5491
6443	-12383
-12199	8401
229	-4485
6443	-328
9550	-6979
6443	14221
229	12558
-9092	5491
3336	9232
-9092	10479
-2878	11311
229	-12383
-9092	87
229	-16956
-5985	-5732
-9092	3828
229	3828
229	8401
3336	12974
229	-1991
40621	-14462
31300	4244
-5985	1750
-2878	-13630
-12199	4660
-9092	503
-15306	2166
-15306	1334
-5985	10479
3336	7154
3336	-5732
-5985	-4485
3336	-8226
-5985	-2823
21979	4660
-9092	-3238
-5985	10895
9550	3828
18872	-11552
12657	-14462
18872	-5317
229	9648
229	15052
12657	2997
229	-8226
-2878	919
3336	-4901
3336	-12799
6443	4244
-5985	-3654
15764	3828
21979	7154
229	2997
15764	-7395
9550	-10305
-12199	-11968
-18413	8817
-2878	1334
3336	4244
34407	-22360
229	87
-12199	-4485
229	-2407
-2878	-5732
12657	-6979
-9092	-328
-5985	4244
-12199	-11968
-2878	-17787
-5985	-14462
-5985	-25270
3336	-5317
21979	5076
3336	-5317
18872	7154
-5985	-744
-2878	-9474
12657	10895
-9092	1750
9550	-14462
-5985	-6979
3336	9648
3336	8401
-9092	10479
229	-14046
-18413	6323
3336	919
-15306	5907
28193	-8226
229	919
229	87
229	4244
-5985	11727
3336	24197
-9092	10895
-12199	-6564
-2878	-4901
9550	3828
3336	3828
229	-7811
-2878	14221
-2878	10064
3336	-13630
15764	17962
3336	919
-9092	4244
6443	-28595
229	10895
-5985	7570
3336	-24023
229	-6979
-12199	87
-15306	3828
6443	10479
6443	7570
3336	-5317
-9092	-6979
25086	-6979
-15306	8817
-2878	-1991
37514	87
-12199	-13215
-2878	-16125
-15306	-5317
-9092	1334
-12199	1750
-9092	12142
40621	503
-15306	87
-2878	-24023
-9092	-25685
-2878	12558
229	-19034
-2878	9648
6443	13389
3336	-7395
-2878	-328
-5985	5491
3336	-20697
-2878	15052
-5985	-16956
15764	1334
6443	10479
229	-1575
-2878	6323
-2878	8817
3336	-20281
6443	6323
-2878	6323
-2878	6323
6443	-4485
-5985	-21528
-9092	5491
-9092	-328
-2878	1334
12657	12974
-9092	10064
3336	1334
-9092	-328
25086	5907
9550	2581
25086	-10305
-5985	-17787
6443	-12383
229	-328
6443	503
3336	-4070
3336	-9474
-9092	2166
3336	3828
-2878	7154
15764	-11136
9550	-3654
229	13389
-5985	-328
12657	4660
3336	-744
3336	-744
15764	6738
-2878	2581
-2878	-1160
18872	8817
-9092	-7395
229	-328
-2878	4244
-2878	12974
-2878	8401
-5985	13805
-2878	-10305
-9092	9648
28193	-11552
229	-4485
3336	10064
-2878	4660
21979	-13215
-2878	2997
229	-17372
3336	3828
-2878	12974
-9092	-6979
6443	6738
-9092	-7395
229	-1991
-2878	-744
-9092	5491
-2878	-14046
-12199	8817
-9092	1334
-12199	-11552
-15306	87
229	5907
-2878	7570
-9092	4244
6443	-13630
9550	-11968
-9092	7570
6443	-16540
9550	8401
9550	-7811
229	11311
3336	-13215
-9092	1334
229	-11552
9550	2997
-2878	12558
-5985	-9889
3336	-12799
229	13389
229	5907
-2878	87
3336	-17372
-5985	4660
229	7985
3336	6323
229	-11968
-2878	-1991
-5985	3413
-9092	4660
229	-18203
12657	7985
15764	-9889
28193	12142
-2878	2581
9550	9232
229	8401
-2878	-9474
3336	8401
6443	-22776
229	-14462
-15306	6738
3336	-4901
-18413	14221
-5985	919
6443	-9058
-5985	-11968
15764	16299
-2878	5907
21979	-22360
-12199	919
-12199	7154
9550	-2407
-2878	10479
-15306	16299
6443	-9058
3336	-2407
3336	-3238
3336	15052
3336	3413
12657	5907
-12199	-26517
3336	3828
-2878	-15709
-5985	2997
-12199	5907
-2878	-11968
229	-14462
15764	-6979
-9092	-4485
21979	9648
-2878	5907
-12199	-4901
6443	-20281
-2878	503
-2878	1334
-18413	4244
-5985	6738
-5985	-13630
3336	14636
-5985	15052
229	9232
9550	5491
-12199	22950
21979	-6564
3336	7985
229	7985
-12199	4660
229	-14462
229	-9474
9550	14636
6443	7985
37514	4244
-12199	87
-2878	5076
-12199	-9058
229	-1991
229	-4070
3336	-16125
12657	-5732
21979	-2823
229	8401
6443	-9474
-5985	-4485
229	-13630
3336	-23607
6443	3413
-5985	-23191
3336	-1160
3336	8401
-5985	-12799
-9092	-2823
18872	17546
-5985	-5317
-12199	-328
-9092	-8642
-18413	-1991
12657	8817
-5985	13805
229	6323
-5985	18378
-2878	5076
-2878	10479
3336	6738
18872	9648
-2878	7985
-2878	2997
3336	2581
9550	2997
9550	9648
-9092	12142
6443	-4485
-2878	10479
-5985	2166
-5985	12558
-18413	5491
-9092	4244
6443	6323
-5985	13805
-2878	4244
-5985	10064
9550	-5317
-9092	9648
-5985	-15293
229	3828
-18413	-13630
-2878	-6148
-5985	2997
-12199	10064
-5985	7985
-5985	-10721
3336	10064
229	12558
229	6323
229	919
3336	-7811
-5985	4660
-2878	12142
25086	14221
9550	3413
-2878	1750
6443	7985
9550	15468
3336	-6148
-15306	10064
-12199	1334
-5985	87
40621	13805
15764	4244
-5985	8817
46835	-4070
-18413	3828
3336	-744
9550	-1160
3336	-8226
-5985	10895
31300	-29427
-5985	5491
-9092	12142
-9092	87
-2878	-16956
-2878	14636
229	8401
9550	503
229	2166
-5985	-5732
-2878	-23191
3336	-1991
18872	-7395
12657	-1991
-5985	-5732
6443	-9474
-2878	3828
6443	4660
-5985	4660
-12199	3413
-5985	-6979
229	-15709
-2878	2166
-2878	-1575
18872	9232
229	1750
-5985	-6979
12657	17546
-2878	-744
229	-2407
-9092	-6979
229	-1575
-18413	-17372
3336	10895
-9092	2581
-12199	1750
229	87
6443	12974
229	14636
3336	14636
15764	1750
3336	7570
-5985	-14462
-5985	-6148
3336	17130
9550	-22360
9550	9648
-5985	2166
28193	-14046
6443	15468
229	8817
229	-29011
21979	919
21979	-6148
-2878	-15709
-2878	12558
-12199	-12799
-9092	-328
-5985	13805
3336	-11968
-5985	-32752
18872	2997
-2878	-1160
-15306	-1991
-9092	12974
-2878	-11136
3336	-1991
-5985	3413
-12199	6738
-15306	7154
-2878	-22776
15764	-328
-2878	4660
-2878	-14046
-2878	-6979
-5985	8817
31300	87
-9092	13805
229	4660
-12199	-9889
-18413	5907
-2878	-2823
229	503
3336	11727
-15306	-5732
-9092	4244
-2878	-9058
9550	6738
9550	-3654
-2878	7154
-12199	-20281
6443	-19450
-9092	-6148
229	503
12657	-5317
6443	10064
-15306	-1991
229	8401
-2878	-4070
-2878	-18203
-12199	4660
229	-4070
9550	2166
3336	1750
3336	8401
18872	-2407
-9092	10895
-2878	4660
229	7985
3336	8401
21979	-1575
-12199	6323
229	-1160
28193	4660
-18413	-11552
3336	-2407
-5985	-19034
6443	16299
229	-15293
3336	-5732
-2878	-8226
-5985	-1160
-12199	-3238
-15306	11727
-2878	-16956
229	7985
-5985	18793
-9092	7154
-9092	14636
-9092	-4901
229	-328
3336	15468
229	-22776
-5985	10895
-2878	11727
229	2166
229	2997
229	5907
-5985	-4070
9550	2166
-2878	7570
229	8817
18872	3828
3336	12142
3336	-6148
12657	-12383
3336	-5317
-5985	87
-15306	-14877
229	-6148
34407	-1575
-2878	18793
-9092	10064
6443	8401
9550	10479
-5985	8401
3336	2581
229	-18619
9550	-4485
34407	11727
3336	3413
12657	87
-5985	1334
229	4660
-2878	-3654
9550	4244
229	2581
15764	-2407
229	4244
12657	-17372
-5985	11727
229	2581
-2878	4660
-9092	11727
-9092	-14462
-9092	87
6443	4660
-5985	8817
-12199	-4901
229	8401
6443	7154
3336	10895
-5985	11727
-2878	-9889
-5985	8401
-2878	-5732
6443	-9889
-5985	9648
9550	-16540
21979	6738
-5985	-14877
3336	8401
229	-16125
-15306	-16125
3336	10064
3336	9648
3336	5907
-2878	-1991
-5985	5491
229	6323
6443	6323
3336	-14462
-5985	7154
15764	7570
15764	-30258
229	4244
3336	-21113
-5985	-5732
3336	5907
6443	2166
28193	-9889
-9092	-24023
-2878	-5732
229	10064
-2878	-1575
31300	-13630
-5985	8401
-5985	3828
-2878	9648
-18413	-17372
-15306	10064
9550	-3654
229	9648
-2878	8401
-5985	-9058
229	-9058
-5985	8817
3336	12558
-5985	3828
6443	18793
229	16299
229	503
-2878	-6148
-12199	-29842
-9092	-19450
-5985	-8226
-5985	7985
6443	2581
-5985	-21113
-9092	5907
-2878	16715
-9092	-13215
-18413	5076
-5985	13389
-2878	20040
-5985	5076
9550	-30674
-12199	-7811
-9092	7154
18872	-1575
229	9648
9550	-8226
-9092	7985
229	8817
3336	2166
-5985	-2407
229	919
6443	6323
229	-4070
229	6738
229	10895
-2878	-15293
25086	16715
-2878	-4485
9550	11311
3336	14636
3336	11311
-5985	6323
-2878	-4070
-9092	7985
3336	-6979
3336	-744
-9092	503
-5985	87
6443	-1991
6443	1750
-15306	-19450
-12199	11727
3336	5076
229	9232
-15306	-4485
229	5076
-9092	15468
-18413	7985
6443	2581
229	-10721
-2878	9232
-2878	2997
229	16715
18872	11727
-2878	12142
-2878	11311
-5985	5907
12657	-1160
-12199	-12799
-2878	-20697
3336	-328
3336	-6979
-9092	10064
229	7154
-5985	8401
229	-744
21979	1334
-18413	8401
229	2997
3336	-11968
-5985	-3654
-5985	-14462
-9092	-24023
229	17546
-18413	503
-15306	3828
-9092	2581
229	5076
-2878	2997
6443	-20697
6443	-4070
15764	5076
229	8817
-9092	2997
6443	9232
-5985	-14462
6443	-4901
-2878	5076
-12199	-6148
-5985	-4901
-9092	3828
-12199	-10305
-5985	10895
-9092	14636
-15306	-6979
-2878	-4901
-9092	-744
18872	8817
-2878	503
-9092	-19034
6443	2581
12657	8401
3336	4660
6443	4244
3336	7570
3336	2581
-2878	10479
15764	-6564
3336	-3654
6443	7570
12657	-12383
12657	-3238
-12199	5076
-9092	-1575
12657	3413
25086	-9058
9550	1750
-12199	-6979
229	17130
28193	1750
3336	4660
229	6323
-5985	-4485
229	6323
-2878	3413
21979	-1575
-2878	-4070
-15306	5907
3336	-18619
-9092	10895
-12199	-29011
-9092	8817
229	8401
-5985	4244
-5985	-9889
-5985	8817
-5985	-1160
229	2997
6443	-4070
229	15052
6443	-20697
3336	-28179
-5985	-3654
21979	-19034
229	11311
3336	6738
25086	5491
-5985	-1160
21979	16299
9550	-4070
-2878	-9058
-9092	-2407
229	-10305
-5985	5491
12657	12974
229	-8642
-5985	-12799
3336	-9474
6443	3828
6443	6738
229	3828
-2878	-10305
229	3413
-2878	-10305
-12199	-13630
3336	4660
12657	-1991
-15306	-11136
229	7154
229	-6979
3336	-12383
15764	503
-15306	1334
-5985	10479
-2878	-15709
-5985	-3238
9550	-9058
6443	-1991
18872	-17787
-12199	5076
12657	-5732
-9092	9232
-9092	11311
-9092	-14462
9550	-11136
-5985	2166
-12199	-6979
15764	-1575
-5985	-4901
3336	-3238
9550	-5317
21979	-9474
-2878	2166
18872	-5317
12657	-21113
-5985	2166
-9092	3828
-9092	7154
6443	-6564
3336	-744
18872	8401
-2878	503
229	-3238
-5985	14636
229	3413
-9092	-8226
229	919
31300	-12799
-2878	-1160
229	-744
-9092	5907
229	11311
229	-19450
-9092	7985
3336	-14877
6443	1750
229	7570
3336	6323
-5985	-5732
3336	6738
-2878	-13630
-2878	-11552
3336	7985
3336	7985
-2878	-744
6443	-5732
229	12142
229	16715
-5985	-20281
6443	-9474
-9092	-4070
34407	2166
229	-5317
-2878	1750
229	16715
6443	3828
-9092	-20281
3336	8401
3336	-11136
229	-1991
229	1334
9550	4660
229	-328
229	1334
-5985	10479
3336	12974
-9092	13389
6443	2581
-9092	8401
-12199	10064
229	-11552
-5985	13805
-9092	15468
-12199	1750
-2878	4244
229	10064
-5985	-9058
229	-6148
229	-23191
3336	5907
3336	8817
12657	-4070
-5985	-6564
-5985	-6148
9550	12142
-2878	2166
6443	9232
-2878	-5317
12657	-7395
-12199	12974
3336	-15293
3336	-1575
229	5907
-5985	2997
-2878	14636
229	-16540
-5985	-2823
6443	503
6443	-12383
229	-1991
-2878	8401
229	2997
229	-4070
229	-328
-15306	5491
-2878	-8226
21979	-13630
-9092	-328
3336	87
229	-1160
6443	15052
-15306	21287
3336	4660
-2878	-19866
3336	15883
-9092	-29011
3336	-5317
-2878	-4070
-2878	7154
3336	13389
-15306	1750
229	-328
15764	7154
229	-1575
6443	-25685
-5985	2166
25086	-10721
-9092	503
28193	-4485
-2878	-10305
3336	-26517
12657	-19034
18872	-12383
-2878	-328
-12199	7985
229	-11552
3336	919
3336	-6148
-5985	-744
18872	1750
229	-20697
3336	20040
9550	13805
-9092	7985
-2878	-1991
-5985	-15709
-2878	6738
229	7570
229	7985
229	-7395
-9092	-2823
6443	5907
-2878	6738
229	-3238
229	-1991
9550	3413
-12199	-6148
9550	-9889
-5985	5907
21979	4244
-2878	9232
37514	8401
-12199	-7395
21979	10479
3336	-4485
-15306	-7395
-12199	5076
-15306	-1160
-2878	-6148
229	-1575
-5985	2997
-5985	-4070
-9092	-328
-12199	-13630
-5985	2166
-5985	4660
-2878	-4901
3336	-18203
-12199	7154
-2878	2166
-9092	13389
-2878	6323
3336	-7395
-9092	10064
-2878	-3238
18872	-6148
-12199	87
-18413	-4070
229	5907
-9092	87
49942	-10721
-12199	-15709
12657	10479
-2878	-744
-2878	-2823
-5985	2581
229	919
229	-14877
229	-1575
9550	-7395
6443	7570
3336	-328
-9092	-16540
15764	503
229	-8226
-5985	11311
-15306	13805
25086	-15293
25086	5076
-5985	-5317
229	10064
3336	11311
6443	-6564
28193	-6564
12657	10895
3336	7985
229	-8226
-9092	5076
3336	9648
-5985	-17372
6443	11727
-2878	7985
3336	11311
-5985	-2407
-2878	-2407
-12199	-16540
-5985	-5317
9550	87
12657	15468
-5985	-14462
229	-13215
12657	-5317
-18413	7985
-12199	16299
-9092	7985
3336	-11136
-2878	5491
-9092	2581
-5985	-10305
-9092	6323
6443	-8226
25086	2166
-2878	10895
-9092	10895
-2878	-744
37514	-328
-2878	87
229	-14877
-15306	11311
229	17962
6443	3828
-2878	5491
-2878	4244
6443	-12383
6443	-29011
-9092	14221
229	503
229	-744
-12199	2997
229	-6979
-5985	-4485
-5985	12974
229	-3238
-2878	12142
229	7154
15764	87
-2878	-3238
12657	12974
3336	15052
3336	-15709
18872	-4070
3336	-11968
-12199	6323
-9092	-3238
3336	-7395
15764	-4070
-5985	-4901
15764	-8642
229	14636
3336	6323
-2878	3413
-5985	919
28193	-744
229	-12799
-2878	10479
6443	6323
-2878	3413
-15306	12142
18872	3828
-9092	-4485
3336	-744
-5985	12142
-2878	-32752
-15306	-8226
229	-6148
-18413	7154
12657	4244
-2878	-4070
-2878	-5732
6443	12558
-2878	14636
-12199	-6979
-18413	15468
-12199	-6148
229	1750
229	3413
3336	-12383
229	-1575
-2878	4244
-5985	-14462
3336	13389
-2878	3828
15764	10064
-9092	11311
-2878	-4901
-2878	7570
-5985	2166
-9092	1750
3336	-16125
12657	7985
3336	9648
3336	-328
-5985	-28179
-2878	5907
9550	-23607
-9092	5907
9550	4244
229	8817
-9092	-3654
3336	10479
-2878	7154
-5985	-6979
12657	1334
9550	-27764
-9092	919
-2878	3828
-5985	-2823
-12199	18793
229	2166
3336	2166
-9092	-9058
-5985	-11552
-12199	4660
229	-11552
229	-9474
-2878	503
-2878	9232
15764	5076
3336	-9058
-5985	-1575
229	-10721
-9092	5491
-9092	4244
-9092	-1991
-5985	2581
-2878	9648
-2878	2166
-5985	-6148
-2878	2166
-2878	6323
-9092	11311
229	1750
3336	10479
9550	2581
9550	4660
-12199	-10305
-18413	-9474
-9092	-16125
-5985	-9474
9550	1334
3336	9232
-21520	7154
-5985	5491
229	7570
-2878	503
-9092	12142
3336	6323
21979	7570
-2878	-4485
229	14221
-2878	503
3336	-12383
-2878	2166
9550	-16125
-2878	-17372
15764	503
-2878	-3654
-12199	503
229	-10305
6443	-12383
-5985	3828
229	10479
229	12974
-5985	-2823
-12199	4244
-5985	10479
12657	4660
25086	503
28193	16715
9550	-6979
-2878	-12383
-5985	-7811
-5985	5491
-9092	8401
-12199	2581
-2878	8817
-9092	-328
229	9648
-2878	-8642
-5985	-328
-5985	1750
18872	5907
-5985	16715
229	10895
3336	-6148
3336	-744
31300	5491
6443	-1575
3336	-1160
-9092	-4901
6443	-3238
3336	7985
229	-12799
-2878	503
-2878	-13630
229	5491
9550	-4485
6443	-17372
-9092	6738
-9092	5491
-5985	8817
9550	5907
-12199	12142
12657	1750
-9092	-16540
-12199	10895
-21520	-7395
229	6323
-2878	4660
-2878	-328
229	7570
-5985	-9058
229	5907
3336	6323
9550	8817
-2878	17962
-2878	-328
-12199	11727
-5985	2581
-9092	7570
-2878	-6148
9550	12142
-2878	3413
25086	-4070
-2878	87
-15306	-16125
18872	5491
-5985	8817
6443	-29842
-5985	-10721
18872	6323
9550	-5317
-5985	-22360
229	-7395
-9092	6323
-9092	-9474
-15306	1334
-5985	3828
-5985	-15293
18872	16299
-12199	-17372
-5985	7154
6443	4660
-5985	8817
-2878	-14877
229	-14462
-5985	5491
229	-7811
-9092	-3654
-5985	-8226
229	-19450
9550	3828
229	4660
25086	7985
-2878	-15709
-5985	8401
-2878	1334
-2878	-5732
-9092	9648
-5985	-9889
9550	-16956
-2878	-12383
-2878	8401
-5985	6738
-9092	-2407
9550	-4070
229	-4485
-12199	-3654
229	-5317
-2878	9232
12657	-9058
9550	8401
9550	12974
3336	87
6443	-9058
229	-5732
6443	-16125
229	-1991
6443	5491
-5985	12558
-5985	7154
3336	-11968
3336	2166
-2878	-744
-9092	1334
-2878	11311
-5985	9232
229	-6979
12657	-19450
-2878	3828
-2878	-1160
229	2166
-12199	9232
15764	6323
-2878	-6979
15764	14636
-9092	7985
-5985	-1991
3336	13805
-9092	-11136
-12199	12974
3336	-18619
229	5076
-5985	-12383
-12199	7985
6443	9232
-5985	-12799
-12199	11727
18872	-4901
-9092	1750
-5985	3413
3336	5491
-2878	-17787
9550	-6564
18872	-1991
-5985	1334
229	-12383
18872	-4070
-2878	10479
25086	1750
-2878	8401
-5985	-6564
21979	-26101
3336	7570
9550	-26932
-5985	-28595
21979	-2823
-2878	-8226
-5985	-2407
-2878	-5732
-2878	-6564
-2878	9648
-9092	-6979
21979	12142
229	-5732
3336	87
3336	8817
-2878	8401
-2878	-10721
229	2997
15764	-4070
12657	10064
3336	11311
-2878	919
229	3828
3336	-31921
12657	16715
-2878	-8226
-2878	2997
-12199	503
-18413	14636
15764	11727
-5985	2166
21979	-7811
6443	5076
3336	-20697
-5985	5491
6443	7154
-5985	-17372
-12199	2997
-2878	-3238
3336	3413
-12199	11311
-2878	-8642
229	1334
6443	-10305
-2878	3413
-12199	-19034
9550	4660
-2878	-6979
229	2581
9550	6738
-2878	12558
-15306	9232
-18413	-30258
229	-2407
-5985	12558
25086	-4901
-5985	-22360
6443	6738
3336	6738
3336	-11552
229	8817
6443	6738
229	-744
-9092	10895
-12199	5907
229	18793
-9092	-1991
-5985	17546
3336	7570
229	-3654
15764	-3238
31300	-4070
-5985	3828
-9092	10895
-2878	2997
9550	-4485
-2878	16715
-12199	-11136
6443	7154
-5985	-744
-2878	5907
-2878	-4901
229	-20281
-15306	3828
34407	-13630
-15306	-12383
-2878	-6979
-15306	11727
-9092	3413
-12199	8401
3336	-4485
-5985	12142
-2878	8817
-5985	8817
-5985	87
-5985	-21944
-5985	-744
31300	-7395
-5985	2166
-12199	503
-15306	-2407
229	9232
6443	-21944
12657	-12799
-2878	-16956
-9092	10895
12657	5076
229	12974
3336	7154
-5985	8817
3336	8817
-12199	-13630
-9092	-2823
-12199	9232
31300	-3238
-2878	4244
-15306	8401
3336	3413
229	7985
9550	2997
18872	-4901
3336	-328
6443	87
-9092	-14046
-2878	4660
229	-5317
9550	-4901
-12199	-4901
-5985	-18619
-2878	7570
229	6323
-5985	-1991
9550	-15709
-5985	-6564
-5985	-2407
-2878	2166
-5985	-9058
-5985	-5317
6443	-1160
3336	-5317
15764	3828
-15306	10064
12657	-7395
-5985	1334
6443	-3654
3336	7570
229	503
-9092	503
12657	-30674
-5985	2997
-2878	87
-9092	6323
-2878	-6148
229	5491
-9092	8401
-2878	-1575
-2878	4660
3336	5076
-2878	-744
-12199	6738
-5985	-2823
3336	6738
-2878	-4485
229	919
3336	-10305
6443	-10305
229	10479
-2878	4660
-2878	5076
12657	10064
-5985	-6148
-2878	10479
-5985	-12383
-15306	-9889
-2878	11727
-2878	-328
-9092	5076
229	2997
-9092	4244
-2878	-7395
-5985	12974
3336	14221
-9092	8817
6443	-1991
9550	6323
-15306	-3238
229	6738
-5985	-15293
-9092	-13215
-2878	10479
9550	11311
-5985	-4070
-9092	8401
12657	10064
6443	-3654
229	8817
-15306	9232
-2878	7985
9550	12974
-2878	10064
3336	-12383
3336	-15293
-2878	-20697
6443	-6979
229	7570
-2878	-744
-2878	3828
-2878	12558
-12199	3828
6443	10895
9550	-5317
9550	7154
-5985	14221
-5985	7985
-2878	1750
-5985	-6564
-2878	-4485
3336	-1991
-9092	-8642
31300	9648
-5985	10895
229	7154
229	-18619
-5985	-9889
-9092	-9474
-5985	9232
229	-2823
-9092	-4485
-2878	87
3336	8817
15764	4244
21979	10479
-9092	9232
-9092	-14877
3336	3413
-2878	-18203
6443	4244
15764	-15293
-2878	-15709
3336	-4070
-2878	-16540
229	4244
-2878	-14046
3336	2997
-9092	7985
-12199	7985
6443	7154
-12199	-11552
-5985	-7811
-2878	10479
-5985	-2823
-5985	4244
6443	-7811
9550	8401
3336	-6148
-2878	-11136
3336	2997
229	-7395
-15306	20872
229	-16125
229	8817
229	-20697
6443	10895
-5985	3413
-2878	8817
3336	6323
-2878	8401
-2878	14636
229	10479
229	-14462
-18413	13805
-12199	-11136
-2878	-23607
-2878	-20697
-21520	-328
-2878	-13630
28193	11727
-5985	12558
9550	9232
12657	8401
229	5076
-2878	-328
3336	-20697
6443	87
-2878	7985
3336	10895
21979	-5317
6443	-21113
9550	15468
229	10479
12657	4244
229	15468
-2878	-14046
-5985	8401
-9092	10064
-2878	-4485
-15306	8401
-12199	-6148
-18413	7570
25086	7985
-9092	1750
229	-744
-2878	4244
229	9648
-2878	-5317
3336	-12383
-2878	-6564
-27734	87
12657	7985
-5985	-12383
229	9648
229	-6979
31300	9232
21979	10064
12657	3828
-12199	-3238
9550	-16540
229	-7395
229	-4901
3336	9232
-5985	9232
-5985	-13215
229	12558
-5985	14636
3336	7985
-9092	-6148
-2878	-9058
-12199	-7395
-5985	-4485
-2878	-744
-21520	-10305
229	4660
3336	919
-2878	-2823
3336	-15293
-9092	14221
-2878	-21528
-12199	-4485
-9092	7570
12657	5907
-5985	6738
-15306	7985
-9092	-5732
229	2166
-9092	2166
-2878	-16956
-5985	-328
12657	10064
9550	12142
-2878	10895
-15306	-4070
229	3828
18872	7154
-9092	919
-2878	13389
-9092	5491
229	-17372
229	503
34407	-3654
12657	7570
-9092	9648
-9092	-9889
-2878	-12799
18872	10895
-12199	3413
-2878	-3654
-5985	6323
229	1334
-15306	16299
3336	-744
12657	503
-9092	20872
-2878	3828
-12199	87
3336	4660
229	-14462
229	-14462
229	15883
-5985	1750
-5985	7570
229	8401
-12199	3828
-5985	-27348
6443	-15709
-5985	-11968
-5985	8401
229	503
6443	1334
-5985	-5732
229	5907
-12199	6323
-5985	-14877
34407	-13630
229	-8226
-18413	7570
9550	919
-9092	10479
-2878	-2823
229	7154
-2878	-11136
15764	2581
6443	-2823
18872	6323
-12199	-5317
3336	-1575
229	-9474
12657	-21528
6443	8817
-5985	7570
40621	-12383
6443	7570
-9092	-5317
-5985	7154
-2878	-2407
6443	503
-9092	10479
-5985	-6979
3336	-29842
3336	-13630
-12199	-13630
-5985	-20281
-5985	6323
-9092	-4485
-21520	7154
12657	8401
6443	-3654
-2878	11311
-12199	5491
-18413	503
-5985	5076
6443	10064
-9092	-23607
6443	5907
229	8401
-9092	5076
6443	12142
229	10479
-9092	5491
-2878	-14046
-5985	4660
3336	-6148
3336	6323
-2878	-8226
-5985	-9889
-5985	-1575
-2878	14221
229	4244
-9092	8817
229	11727
3336	-7811
-5985	11727
-9092	3413
-9092	9232
229	-8226
3336	3828
-5985	-8642
3336	-4485
3336	7570
15764	2581
-9092	4244
229	3828
40621	4244
-12199	4660
18872	3828
-5985	12142
-2878	-6148
