-15206	-11392
3103	-2634
9206	8256
-6052	-1260
51	-4149
-3000	4330
51	10182
-3000	-867
6154	-11717
3103	-2571
-3000	6900
-12155	6364
-3000	-9164
-3000	-2098
51	785
9206	-5865
3103	1788
-3000	-5944
6154	-7164
-3000	5395
3103	-9546
51	-12925
51	-6520
-9103	-2121
51	8079
-3000	15197
6154	683
6154	-10446
51	2432
24463	-3146
6154	-14902
-6052	-12349
-3000	-6811
-9103	-9466
3103	14547
-3000	5065
-6052	20371
15309	-6246
-6052	6769
51	3287
6154	1897
-9103	-12703
-6052	-14378
21412	3885
-12155	4660
24463	-4771
-9103	-2793
-3000	-12805
-3000	-4753
-3000	7686
3103	3771
-9103	-445
-6052	15174
3103	-12817
-12155	5145
3103	4814
12257	-8366
-6052	-16509
21412	-2480
-15206	-1876
12257	-10184
-3000	7151
-9103	6547
3103	5800
-3000	15396
-3000	785
9206	11231
-6052	-2958
51	-16316
51	-16093
3103	10826
-3000	5093
-3000	6096
-6052	17710
-15206	7327
-3000	-11523
51	-8024
3103	-4491
3103	-12703
12257	-5124
21412	3965
3103	-240
51	-867
12257	-14275
15309	-14652
-3000	-15421
-12155	4632
6154	9213
-6052	6005
6154	9099
-6052	-6053
-3000	3612
-6052	-616
-21309	36816
6154	-14993
-6052	2267
3103	-5135
3103	-9757
3103	-12332
9206	-4702
6154	-6970
51	4267
-6052	-16509
3103	14006
-6052	-10999
51	728
-3000	-4714
51	-16145
-9103	2877
-12155	10250
24463	9846
51	10393
-15206	27482
-12155	11139
-9103	5971
-3000	-13734
51	1122
24463	9909
51	6638
51	-9728
3103	7669
-6052	-10224
-3000	-1
-12155	5236
9206	-11062
9206	8871
51	-13096
-6052	3429
3103	-15107
-6052	-3449
15309	-3449
-6052	2512
-6052	7777
51	6849
-9103	1190
51	-4508
3103	12672
51	8666
18360	-10173
-12155	8296
51	-7677
-3000	-485
-18258	14137
-9103	5703
-3000	4603
-3000	-2531
-9103	7185
51	-9363
-6052	-12965
51	-8537
-6052	-9090
-12155	-14663
-3000	-7768
-12155	2199
15309	-6429
-3000	8473
36669	12724
-18258	27260
51	-15256
-6052	13932
3103	-6691
3103	-445
-6052	-16184
-6052	2905
-9103	19716
3103	-9939
-6052	-9443
-6052	18029
-12155	25186
6154	4620
18360	15225
-9103	2905
-6052	-14532
-3000	1424
51	6467
6154	483
51	-14800
30566	12661
51	2370
-6052	14017
-3000	-14629
51	-14327
-9103	-3050
-6052	-12822
-6052	8695
-3000	-13301
-3000	3156
-3000	-11198
15309	3287
6154	-14942
-6052	2512
-3000	-6093
18360	2136
51	586
-15206	4974
51	-16213
15309	-10805
51	-11198
-6052	5002
51	8626
9206	12541
51	7133
51	-3813
18360	-11119
21412	-9295
24463	1258
51	-15125
51	-14099
51	-3802
6154	-1676
9206	-1232
-12155	21220
6154	11595
-3000	9664
-3000	3834
-3000	-16486
-6052	4529
-3000	-16447
-3000	5538
51	-9375
51	18023
51	6216
3103	-10623
-3000	-6389
-6052	-5318
-3000	-3978
39721	-9130
-3000	2985
-9103	6244
33618	6347
-18258	28212
15309	-6429
-6052	22935
-3000	6831
-3000	5128
-12155	7225
-3000	-7278
51	-12412
3103	14672
3103	-4560
-3000	-6132
-6052	1241
6154	-1163
-9103	939
51	16655
-6052	-4873
-3000	1857
51	-11119
3103	-11460
51	-5329
51	-6024
-6052	8849
-3000	-9962
-6052	951
-18258	34657
12257	-12634
18360	5703
-6052	5276
51	10404
-3000	-4246
3103	-12310
-3000	-2138
-3000	-15541
51	-12116
6154	495
9206	-8116
51	-8024
51	4569
-18258	20029
-6052	-16036
-3000	-1334
51	-1283
51	-292
3103	-16025
-6052	-3420
-9103	1919
-3000	7287
51	-3540
9206	10393
3103	-10646
51	-3340
-15206	28314
-9103	11202
3103	-14184
12257	3600
51	2250
-3000	-4024
-6052	4427
-3000	3714
6154	-10503
51	-3904
-6052	6712
27515	-11170
-3000	-1767
-9103	2854
6154	-1163
-3000	-16760
51	-12298
6154	-5489
15309	14376
21412	-6702
15309	-16196
3103	-11460
-6052	8131
18360	-5044
-3000	2734
-12155	15892
51	-16521
3103	-13842
51	10849
6154	4865
-9103	7760
-12155	-2058
18360	2888
-12155	23488
-9103	-14891
3103	444
-6052	-3431
12257	-8275
-9103	-12
-12155	17271
3103	-14048
3103	-423
-9103	7698
3103	-7631
-9103	10330
-12155	-736
-12155	24308
9206	14821
-12155	10250
-3000	11248
6154	-3146
-6052	-12914
-6052	-2827
-9103	12923
-12155	21129
-12155	-2383
-6052	-10623
51	-6497
9206	-9626
-3000	-9797
3103	939
-3000	5407
-6052	14501
6154	-12310
-9103	4854
3103	-12116
3103	-10668
9206	-6833
-12155	-10304
3103	-15763
51	-8064
-3000	-10252
3103	4581
-3000	5430
12257	-7164
-6052	9675
33618	-4594
-18258	28320
15309	-16053
51	2016
3103	-10383
-12155	-5238
-3000	2090
-9103	-850
-9103	-9301
27515	-3796
9206	-4964
-3000	11755
9206	6062
-6052	10496
12257	-12583
3103	-3329
-12155	22399
51	3612
3103	-3141
27515	-15506
-3000	-605
-3000	8695
-6052	12137
-3000	-6258
18360	15083
6154	6980
6154	-5147
6154	15214
-9103	837
6154	153
-6052	-1978
-3000	13932
51	-13603
6154	79
-12155	31249
-12155	22206
15309	-3015
3103	6324
18360	5395
-9103	-485
-3000	11248
-12155	-5460
12257	18262
51	-11329
30566	-5517
-6052	7760
-6052	-7762
-6052	-15558
-6052	-6799
-9103	1361
3103	-7939
-6052	-2394
51	-13381
-9103	1475
12257	899
39721	-7728
-6052	-15740
9206	-1927
51	-10315
-3000	13681
-12155	2575
51	4752
6154	-3591
-9103	4387
3103	-10463
3103	2654
51	-1938
51	5549
9206	-14310
30566	1663
-9103	1794
3103	7578
9206	-12441
-3000	-417
-9103	8957
-3000	4689
-6052	3019
-3000	-14298
-3000	3036
-12155	-9073
9206	-10292
-6052	-10241
9206	4712
3103	6176
-3000	-14258
6154	3589
-6052	-12845
51	8507
-6052	-6036
27515	-9586
9206	-7950
51	-4685
15309	-13238
6154	19243
-12155	4358
3103	-10554
-6052	-2503
-3000	-4771
-9103	808
12257	-4189
3103	10758
-6052	-445
-9103	7373
-3000	-7671
24463	-7232
18360	16262
-6052	2666
-3000	-4138
-9103	9635
51	5036
12257	939
-12155	9567
-9103	-7768
9206	3703
51	-8657
9206	5561
9206	6883
-6052	-9386
-15206	5224
9206	1110
51	-1169
3103	-11694
-15206	13350
-9103	19100
-3000	-11221
21412	6096
-6052	15721
-6052	-223
9206	-12423
-6052	19191
-21309	26183
51	6096
-12155	9515
-3000	-10264
6154	-6731
51	-11666
-3000	-4018
-9103	4250
51	-12167
51	-1112
-9103	-8771
51	-12310
51	3127
-6052	-15330
-3000	-13774
12257	-6258
-12155	-14771
3103	1230
3103	-10697
51	5316
-3000	1310
-15206	25961
-3000	11949
3103	-2964
-6052	16439
3103	643
51	11470
-6052	-6264
15309	210
-6052	-1859
-6052	-12463
3103	-5682
-6052	4147
3103	-12253
-12155	13442
3103	-6355
24463	4934
-12155	-15843
-12155	4581
-3000	-6982
3103	-15187
-15206	20462
-9103	16496
24463	13670
-3000	3179
9206	-1101
6154	-5591
3103	-7033
-3000	18325
51	-13250
-6052	8507
51	-2702
3103	3179
-12155	22730
-9103	-9859
9206	-13882
-6052	-554
9206	28
39721	1612
24463	9988
3103	1150
3103	-14087
27515	9134
-12155	11510
-3000	-1824
51	-10668
-6052	-13369
9206	-8942
-9103	8051
-12155	3635
-9103	3640
-12155	-850
-6052	-8811
3103	-9557
15309	10615
-6052	16012
-12155	10718
18360	-423
-12155	8558
3103	-109
15309	-8509
15309	17647
-3000	-10401
-6052	-5882
-12155	21630
3103	16787
39721	-2332
21412	-10133
3103	16336
-3000	-6560
-12155	7931
-3000	2432
-6052	-2109
6154	-4201
-6052	2974
18360	4649
3103	-2531
-9103	2917
51	12632
3103	-16264
6154	1190
51	-12292
12257	-15860
12257	-8577
3103	-514
51	-14885
-6052	1737
51	-5528
-3000	7396
-6052	-3876
-12155	6780
6154	-12845
-6052	-11153
51	-7449
3103	-10446
3103	-8862
51	-10685
3103	-10435
-3000	12553
51	-7637
30566	-5449
-6052	-9517
-9103	-4298
-12155	2096
6154	-14834
51	-5962
9206	-8588
-12155	6062
-6052	-143
-12155	18456
-6052	12866
-3000	-6577
-3000	-3733
3103	-13147
3103	-5095
-3000	-6377
51	10803
-9103	6974
-9103	-9221
-9103	3367
-3000	-13865
12257	13801
24463	14638
-3000	6336
3103	10057
3103	-16264
-9103	12581
3103	9960
-3000	654
-18258	20211
-3000	2774
6154	-998
-9103	-4924
51	10798
51	-14144
-15206	4467
-3000	141
-3000	5709
51	-3654
-3000	9088
9206	2472
6154	-11614
-3000	-6771
-3000	8182
33618	-7859
-3000	2484
3103	2552
-3000	-3978
15309	2501
3103	-4491
33618	-5500
12257	-13056
-12155	33819
51	-850
3103	6495
-6052	-16640
-18258	31591
27515	-15375
12257	-14572
-9103	-7204
3103	-13552
6154	808
-3000	4449
6154	-13107
51	5093
18360	-8446
9206	10986
3103	10239
3103	-565
-6052	1965
3103	-8577
-3000	2746
51	-4058
-3000	-7489
-15206	11208
9206	5942
-12155	4108
3103	-14025
-3000	-13945
9206	14205
-6052	6022
9206	-1545
15309	1834
51	-5580
51	-11352
-6052	888
3103	-9871
15309	-5078
-6052	-16538
3103	-3665
-6052	-8982
-15206	21533
-9103	552
-9103	392
-3000	3720
-6052	-7870
6154	-15763
-12155	13003
9206	-8851
-6052	4569
6154	-10361
3103	1481
-3000	-10463
21412	-11233
-12155	1805
-9103	5720
9206	1925
9206	-14743
-9103	-7870
-9103	3543
3103	8928
51	-6286
-3000	-15814
-3000	-11324
-3000	7891
6154	14712
51	-2554
-18258	25579
6154	17294
51	-5580
-6052	-15387
-9103	-8378
6154	-7580
3103	-6127
-15206	3977
51	6962
51	12251
-9103	1139
-6052	-11757
51	-6811
12257	-8777
3103	16547
51	-5500
-9103	1623
51	-8121
-6052	8000
-6052	10758
3103	-9415
-3000	8837
-6052	2996
3103	-16304
51	-4229
3103	-4372
-12155	-7597
-3000	-7540
51	18302
3103	6740
15309	-9324
-9103	2996
-6052	-3773
6154	-8554
6154	5196
-3000	6273
9206	8119
9206	1566
-12155	11282
-15206	10273
-15206	6717
51	-8509
-9103	5709
-3000	6529
15309	-7073
-6052	-1824
-9103	-6389
-12155	2250
9206	8455
-6052	5458
-9103	3589
9206	14336
-6052	-11027
-6052	1737
3103	16103
9206	-5084
-6052	-7831
9206	-69
51	-9141
18360	-161
-3000	-121
-15206	6011
-6052	-4805
-3000	1293
51	-9301
3103	-13500
-6052	2159
-6052	2039
-3000	-9705
6154	5982
9206	-303
-6052	7618
9206	-3449
-3000	10040
-3000	2444
6154	-6782
-3000	-13107
-12155	25032
9206	-10138
-12155	-9677
-15206	6398
6154	10837
-9103	-52
51	9926
15309	-5460
3103	-8418
6154	2563
51	-10150
-9103	-10976
-6052	-2976
-6052	7680
6154	-9130
-3000	1310
51	-9688
-3000	-14669
18360	11903
51	14912
-12155	1190
51	-5124
-6052	-9483
-3000	7458
3103	-5842
3103	-10213
-6052	-1380
51	-8879
3103	8649
3103	-930
-3000	-6782
27515	141
51	-16589
3103	2814
-9103	16262
-6052	-2674
21412	-15683
12257	-14287
-18258	13755
18360	-7751
-3000	-6833
-9103	17271
-15206	2974
-12155	22519
12257	-799
3103	-4189
3103	1908
-6052	15749
-9103	-9375
24463	-3916
-12155	11573
51	-6406
3103	-13216
42772	16428
9206	2945
51	13823
12257	-2805
-9103	6980
51	-12737
51	3270
-3000	12216
-6052	-12463
9206	7327
-6052	432
9206	495
51	-4771
-15206	-9170
12257	15738
3103	2318
3103	3105
-6052	11088
3103	12017
-3000	6780
12257	13966
12257	-8588
6154	-2753
51	-4508
9206	-4018
-3000	-8720
-6052	717
51	-3409
-3000	5652
6154	-8697
9206	-6264
-9103	7817
-3000	3965
6154	15955
12257	8119
-15206	-3580
51	-12663
-6052	-2964
51	-16435
6154	4187
-6052	734
6154	-3665
12257	-3825
-6052	-3483
-9103	1532
6154	-12292
-9103	8604
6154	11464
3103	8387
-6052	-13512
15309	-14367
-9103	-13905
51	-2634
12257	-12925
12257	-2844
3103	-736
3103	9230
-6052	-8395
51	-7540
-9103	-8332
51	-423
51	-15033
51	10108
-3000	-11301
-6052	-1534
-3000	-6742
-6052	13248
-9103	8416
-3000	-12127
-9103	-7358
9206	-6993
-12155	5207
51	820
3103	9572
-12155	5840
9206	-5711
-18258	30087
-21309	29654
-15206	67
-6052	-12845
-15206	1697
6154	10894
-12155	18354
-9103	-1471
51	1766
6154	-8640
3103	-725
51	13578
51	5658
-6052	-7164
-6052	-6833
9206	-12737
51	12291
51	-10737
-3000	-3978
-18258	4005
-9103	2472
-9103	-6925
-6052	10940
15309	-11250
-3000	848
51	1612
-9103	-8788
-6052	-457
12257	512
51	1201
-3000	-3602
51	11060
51	-3580
15309	4068
-15206	1766
-9103	8666
9206	859
9206	1361
-12155	10849
6154	-5489
-6052	-4412
51	-2685
27515	-9466
-3000	12199
51	-6406
51	12148
3103	7196
6154	-514
-3000	13499
51	-10634
51	8849
51	-366
9206	-5084
-6052	-3369
9206	-13028
-12155	-14207
51	-1049
-12155	16940
6154	-3010
-15206	24559
21412	6752
-3000	-10395
9206	-6833
-9103	1583
3103	-9768
3103	808
9206	-12423
-6052	-1927
21412	-8212
24463	4569
33618	2210
51	9020
9206	-14361
24463	2221
3103	3150
3103	-1391
6154	-5147
3103	-15370
-3000	-14407
-9103	-1517
51	-10213
6154	-3403
18360	-14663
-9103	4712
51	-3221
51	-7700
3103	-13660
51	17698
-6052	9817
9206	-15449
-6052	939
-9103	13459
6154	-4816
-3000	3663
-6052	-13854
-3000	15145
-12155	24206
9206	-3562
51	-1574
-3000	-5124
-6052	717
21412	-4765
-6052	8604
3103	-12361
21412	-10030
-6052	2278
21412	1087
51	-3141
18360	-15882
51	-16213
-9103	-628
3103	12439
51	-10777
-3000	-3813
-3000	352
-12155	11664
21412	3196
-6052	2541
-12155	14017
-3000	19482
24463	6244
51	-14600
-15206	18240
-3000	-394
9206	-6748
-3000	10421
-3000	-9586
9206	-11631
51	-14008
30566	-6286
51	808
-6052	-5608
51	-1562
21412	-605
-3000	-12150
-3000	-7899
51	6535
-12155	22308
6154	-12099
-12155	-1767
3103	-13803
51	-5164
-9103	21704
12257	17710
-12155	23693
12257	-9244
-9103	-13489
-3000	-6275
-6052	-14794
-3000	-5813
51	-7922
3103	-907
-9103	7111
18360	204
-3000	-8002
51	-6195
-12155	233
-6052	10131
3103	-2360
3103	10627
3103	3640
-18258	24519
-9103	9646
51	-5164
3103	-10999
-3000	-502
-6052	4865
-15206	14308
3103	-8486
-6052	3766
-6052	-4138
-3000	-5067
51	-9432
12257	18878
-12155	1817
51	-12338
-3000	-5773
-3000	-8868
-3000	-5563
15309	-13956
12257	-14144
21412	-1693
-6052	11259
30566	-12201
-15206	5834
-3000	12330
21412	-14783
-6052	-15763
-18258	7042
-3000	-12384
-12155	3321
-3000	-12019
6154	-11261
3103	-947
-12155	-5882
-9103	-1351
51	-14230
-3000	-7842
51	-13056
-12155	10364
12257	4689
51	8889
3103	2501
51	7606
-15206	13390
-9103	1595
51	-9363
-12155	-548
-9103	7829
15309	-12253
-3000	14427
3103	4159
6154	-14549
-15206	17881
-9103	728
3103	12895
-3000	4883
-9103	-6144
27515	-7061
9206	808
3103	-8423
33618	-10674
51	2694
21412	11652
-9103	-6993
12257	-502
-12155	6096
-15206	18735
-3000	79
12257	-1061
-3000	-3146
3103	694
-9103	6911
-18258	33631
-15206	5036
-18258	15881
3103	-7728
6154	-6862
9206	-14184
-3000	-9831
6154	-3431
9206	-11757
-3000	9618
-15206	20280
27515	-8383
-6052	-2582
-15206	19471
-6052	888
-9103	4421
6154	-5084
-6052	-7557
-9103	8051
-6052	-13330
3103	8444
-3000	-9871
-6052	-1431
6154	-7398
-12155	6689
6154	-7557
9206	13932
51	-3722
51	10199
-12155	-9779
-3000	-5300
-3000	5356
3103	774
3103	-15284
-3000	7567
-6052	3623
51	-7227
51	-7768
-9103	-3523
-6052	-7375
-6052	-12663
51	-3887
12257	90
-3000	-14851
51	3851
3103	8131
27515	-11432
51	-10685
3103	12319
-6052	16257
6154	5407
-12155	-3978
3103	-5608
-6052	-7819
12257	-6298
-9103	626
-12155	-2320
-6052	-11876
12257	-9261
-6052	2330
51	-588
-3000	13014
-15206	6495
12257	-7608
-12155	-1300
-6052	6427
-12155	-8252
33618	-11614
3103	10051
-3000	-8224
-15206	221
-9103	-11888
3103	4005
-9103	6096
-12155	2159
-6052	6820
-6052	512
6154	-14218
51	-12686
-3000	-5956
-15206	3310
51	13670
-9103	-4337
6154	-13028
-9103	9099
-3000	-13198
-9103	-11825
-9103	-4058
-12155	14057
-3000	17203
-3000	7800
-12155	4159
-12155	2814
-3000	-759
51	-16435
6154	-1169
-6052	483
24463	-13067
-3000	-3847
-12155	8889
27515	-4662
3103	-14845
-9103	7105
-3000	10068
51	5264
3103	6034
-3000	-7306
-6052	-7204
-9103	8780
51	-3796
15309	3116
6154	3076
9206	-14976
51	-12389
-3000	-12429
51	-15068
21412	5065
51	-4337
-3000	8957
-6052	-16253
-6052	1828
51	-9665
33618	6427
-6052	5378
-9103	-1163
-3000	-6486
-3000	-8093
6154	-8606
-9103	-7819
9206	1162
-12155	11544
6154	10906
51	-3967
-3000	-1129
3103	-3146
30566	-10594
51	-5397
-6052	-6748
-18258	27049
-6052	-2343
6154	335
51	848
51	2535
-12155	7082
3103	14587
-12155	4370
51	-15153
-3000	-10708
9206	-7751
24463	10775
12257	14598
33618	3099
51	-331
-3000	1179
3103	3452
-3000	6900
-6052	-6953
51	5487
-3000	5430
51	-13654
-3000	15567
9206	-3813
-6052	-4018
30566	14764
51	-12686
6154	-2041
-3000	-7768
-3000	4922
6154	-7073
-9103	5994
-9103	13823
-3000	-5517
-6052	7327
15309	7840
15309	-5135
51	-6942
-3000	8655
6154	-14509
-3000	-3300
-3000	-14025
27515	-6839
51	15983
27515	-16207
-15206	27557
6154	-1756
6154	-1864
3103	-10190
-6052	9134
3103	-5962
3103	12741
-9103	10815
-9103	-485
3103	-6719
51	2774
3103	1258
51	-2252
-6052	6153
6154	10068
51	9766
-3000	-2582
3103	-1334
-12155	6142
-9103	-6400
-9103	-3055
-9103	6529
-6052	7498
-9103	757
-15206	-736
51	-5357
9206	-14783
-3000	-10896
-9103	244
-3000	5703
3103	-3169
-3000	-12822
-15206	5133
15309	-7437
51	5287
-15206	26383
-9103	9151
-3000	7829
-3000	9766
-6052	-3654
51	-7369
-6052	1606
-3000	-2303
51	1868
-6052	3207
-6052	683
9206	4752
9206	10330
-6052	130
-12155	9618
-6052	-2696
3103	956
-15206	1412
3103	-10879
51	-1522
3103	968
18360	7903
-3000	-7779
51	13077
3103	5760
-3000	-4047
-6052	-1654
-6052	-1300
24463	8809
-3000	3059
27515	-15700
-3000	8820
-9103	-8868
12257	4922
6154	-13176
51	-11512
51	-4018
-18258	27585
-9103	5076
51	-16076
-3000	3065
51	-759
3103	-1334
3103	-7779
51	-1363
51	4016
6154	8210
51	-14441
51	5914
-12155	11988
-9103	-5842
3103	3504
3103	-9574
-3000	-7779
-3000	-3762
-3000	9436
6154	13624
12257	-2178
-9103	11726
-18258	5002
51	11048
-6052	12906
51	-6178
24463	-9574
-3000	12268
-15206	22166
3103	-12555
3103	11362
51	17282
-12155	19869
51	-1220
9206	15943
9206	-12401
51	221
-6052	-16156
15309	5435
51	-9124
9206	-1283
15309	-10657
3103	-13187
3103	4854
3103	6951
-9103	-3443
3103	1965
-3000	-13278
15309	2968
-3000	-11797
-12155	-366
-6052	10877
27515	10552
51	4951
-21309	24952
-3000	-3232
24463	563
-6052	-7677
-3000	2928
-12155	7777
3103	-7306
-3000	8928
-6052	-10344
-3000	10182
-3000	-1163
9206	1521
21412	-3209
-3000	-2332
39721	-16167
-3000	-11745
9206	3994
6154	-6486
-3000	-5033
12257	-3802
-3000	7133
-6052	16012
51	-7477
-15206	20525
24463	-3580
51	2278
-6052	8262
-3000	7857
-3000	18798
-6052	-13803
51	-11443
51	8000
15309	-13381
-12155	-1300
-6052	825
9206	-7375
-18258	20177
-3000	-12452
-15206	5538
-9103	6792
-3000	5498
-3000	-7728
6154	10410
-12155	23174
-6052	221
-9103	1372
45824	-6184
3103	-1876
-6052	7316
6154	15419
-12155	5629
-3000	290
6154	-4639
6154	3743
-3000	-14492
3103	-13381
-12155	5224
3103	-10936
9206	-4098
6154	364
3103	-8013
21412	-195
-3000	-12423
-6052	13248
-9103	1492
-15206	16536
-18258	13823
-6052	9082
51	5772
51	3048
-3000	-2189
-18258	12359
-6052	-8292
3103	-10583
6154	-14862
9206	-10936
3103	-4924
3103	5669
51	-1625
-9103	2694
-3000	-9130
-3000	9151
51	8233
-3000	-1220
-6052	19693
3103	-15700
-6052	-9215
21412	10080
-6052	18040
51	-15330
12257	-9113
9206	-8053
-3000	13972
-3000	3714
-12155	3367
30566	-15501
-12155	4239
6154	-9153
12257	-645
-9103	19339
6154	-6207
9206	-9654
-3000	2444
3103	13390
-12155	-3494
-3000	5458
3103	4643
-12155	-12116
3103	3680
-3000	6136
3103	-6446
9206	-5420
-3000	-13067
-6052	14034
51	5224
-9103	10410
21412	-12503
-3000	6125
-6052	8302
9206	2147
12257	90
-6052	8535
-12155	25687
-15206	9789
30566	7800
3103	-13563
-9103	8820
51	-8406
3103	-1602
-9103	-747
-9103	6307
6154	-14663
51	-10777
-9103	3543
-3000	-2269
3103	-12201
15309	-1118
-6052	-52
3103	-14942
-6052	-9797
-3000	-9324
-9103	102
-3000	1988
-3000	4962
51	8364
-3000	-13791
-6052	4204
-3000	21140
3103	-2907
-9103	-10252
-9103	10968
-21309	25192
-3000	-9432
3103	-11141
-12155	-5631
9206	130
-6052	7276
-3000	-3392
-6052	5470
9206	14900
51	-2018
-12155	23892
51	13197
15309	1515
21412	-11500
12257	-15700
27515	-5648
12257	-3198
9206	-13341
-12155	8262
-3000	-423
12257	-10252
-15206	3219
24463	13350
6154	4034
-6052	10837
3103	6205
-6052	-12845
51	-5238
-18258	26405
-6052	8558
3103	-13369
-15206	15225
51	4689
-6052	3281
-6052	512
51	-5135
-3000	-2748
18360	-12361
51	-13216
-6052	-4902
-3000	15812
12257	6626
12257	-4685
-3000	6142
24463	1897
-3000	5612
51	-2867
6154	820
3103	-5870
-18258	23117
-9103	5772
51	-12281
6154	-8133
51	13350
51	5367
3103	-366
6154	-7739
-12155	7515
-15206	26081
-12155	-9506
-9103	-5044
-9103	-9626
-6052	19294
-9103	4649
-6052	-5916
-3000	-12543
12257	-9728
51	4073
21412	5680
6154	7253
-6052	-5762
6154	-13603
3103	1350
-3000	381
-15206	25021
51	-2987
-9103	1868
-9103	19260
6154	6717
-9103	-2109
-21309	-1112
-3000	-14452
-6052	21795
51	2079
-3000	-12555
15309	7555
-3000	928
3103	18040
-3000	837
-6052	7903
12257	3378
-6052	5002
-3000	-4753
51	-502
-12155	2079
-15206	5954
51	-64
-6052	18980
51	-12241
51	-14691
-9103	-13643
51	10946
3103	9088
-6052	-12190
6154	-15068
6154	546
-9103	3925
6154	-10019
-6052	12957
51	-12999
-3000	5224
9206	-11039
-15206	10894
-18258	-9232
3103	4581
15309	5891
6154	6980
-3000	-8064
-3000	4518
3103	-7295
-6052	-2383
-3000	6980
51	9333
-3000	3287
51	6188
-3000	5173
6154	9230
-3000	6005
15309	-3146
51	-8053
-12155	-1391
51	15094
-9103	-2776
-3000	991
-6052	825
-6052	2261
-6052	-6782
3103	-14914
-9103	9162
-3000	-4639
-9103	7424
-3000	8473
6154	-11329
21412	-7717
6154	-8959
15309	7002
-6052	-5084
-3000	14399
51	-7517
-12155	7515
-9103	-5033
3103	12268
-9103	19362
-3000	7606
3103	-10976
-18258	30229
3103	-14275
-18258	6883
30566	8256
51	13003
51	-3551
-9103	181
51	-12868
51	7851
51	-11745
18360	-2087
-9103	-12401
18360	4187
21412	9766
3103	-11238
-6052	-7073
-6052	-1021
-6052	643
-6052	-6326
-3000	-7648
-9103	-7529
6154	-7113
21412	-12936
-6052	-10526
-18258	31249
-6052	-11899
-6052	7151
-9103	4204
3103	404
-9103	-7899
9206	4370
18360	1503
51	-3471
15309	-15358
3103	10666
51	11641
24463	7105
15309	-696
-21309	39290
-3000	-149
-9103	9048
-12155	-10372
6154	14256
-3000	-13039
15309	14804
-3000	-1283
18360	-2360
-3000	-13198
-6052	3823
3103	-8657
-3000	5720
-24361	40218
-3000	-9386
-12155	5982
18360	-14156
-3000	-15580
18360	-15318
-3000	-8839
-9103	-3420
3103	8991
51	-6429
-3000	-594
-9103	6934
-3000	-11979
9206	-16407
-9103	284
51	-161
-6052	865
-3000	-7580
-3000	-6326
3103	14581
3103	-5642
-3000	7960
-3000	2130
21412	-8423
-6052	-3705
3103	16849
3103	9242
15309	13065
-3000	-4714
6154	10604
-9103	11846
6154	3287
-6052	7971
3103	-6571
-6052	4016
3103	-15307
12257	62
-3000	6125
3103	2381
42772	4843
-9103	6752
-6052	-5357
-3000	-10423
-3000	597
6154	10211
12257	-15860
3103	-11939
3103	5065
3103	-4377
3103	-12714
-3000	-10150
3103	-11666
15309	-4035
-3000	-5198
3103	-12845
3103	-6925
-6052	-4201
9206	8558
3103	-16247
3103	2535
51	11259
51	-1340
-12155	19898
3103	-223
21412	-2451
3103	-5107
9206	-64
-12155	8285
-12155	7931
-3000	-5124
-6052	-10594
-3000	10592
-18258	6307
6154	-8908
-6052	15772
-6052	-10161
51	-14389
9206	1310
9206	-2463
15309	-9386
-6052	6649
3103	10091
3103	-10344
-6052	-2132
3103	-6793
-6052	4683
-6052	6096
-3000	-747
27515	-759
-15206	9191
-6052	3196
-3000	-6178
-3000	3036
-6052	5703
3103	-11945
3103	-8469
-12155	7418
9206	1805
12257	-4320
51	-2696
-3000	-656
18360	-3500
6154	-5528
-3000	-1562
9206	-1693
3103	3321
6154	-14862
21412	-11985
-9103	-850
3103	1874
9206	8604
-18258	26064
-6052	-3836
15309	2837
6154	8256
6154	-2765
-6052	15408
-12155	2421
-9103	2774
18360	-81
-3000	-5916
-18258	22217
-3000	-1431
-12155	2865
9206	-13751
-12155	14296
3103	4791
-3000	12803
-21309	28371
-3000	3270
-6052	-2201
-15206	21681
15309	-12612
-9103	21402
-3000	-4440
51	-10668
3103	-1220
-6052	-13016
51	-1192
-6052	8376
-3000	6364
39721	-4189
3103	2187
-12155	19322
51	-13369
-3000	6096
-9103	-5608
-12155	-7295
-3000	-11284
-3000	-5084
3103	5065
-12155	-3580
-6052	6273
3103	-5044
27515	14017
-3000	-9637
-12155	10980
-9103	-6691
-6052	-7899
-9103	15789
18360	6883
51	-12338
-12155	905
-3000	-13922
-9103	768
-12155	6962
51	9567
-6052	3247
-3000	4518
-6052	-12167
15309	9572
-18258	29067
-9103	18314
3103	-4896
-3000	4136
-6052	-14862
-3000	2694
-3000	-2919
-3000	-6537
9206	-13170
21412	-16025
51	1885
51	7931
-3000	-2229
-9103	4512
51	-10423
9206	-1517
51	-10401
-3000	-11352
18360	2199
-6052	-4372
-9103	-13449
51	-13723
9206	-10042
6154	7344
18360	10917
3103	-12241
3103	11966
