-7254	-3909
-7254	-299
6680	4515
-13524	-2706
3894	14143
19500	-1502
2500	-5113
21451	14143
5984	-1502
28278	4515
828	-7520
12951	-9926
-14221	-2706
24795	-299
-8647	2108
-1680	-299
-8647	-9926
-7254	5719
-3074	2108
-8508	-17147
-7254	-6316
3894	4515
2500	2108
-983	4515
-12828	26178
-10041	-12333
-3074	-1502
-1680	8126
410	2108
-5164	-7520
8074	2108
10164	-12333
-6278	-6316
-3492	-7520
3197	-6316
-3074	-12333
-5164	-5113
-6557	-299
-3074	2108
-3074	38213
9467	-6316
-8647	-5113
-5164	-299
16434	-9926
-1680	6922
10861	4515
-10041	23771
-983	-8723
-6557	8126
21451	-5113
271	-6316
15738	-299
1107	-8723
-6557	-299
-8229	20161
-8229	-11130
-8647	-7520
13648	-9926
16434	-7520
-6557	-7520
10861	905
3894	-11130
3197	14143
14344	-6316
410	2108
9467	-11130
20615	6922
14344	6922
410	905
-7254	11736
-10319	8126
12811	2108
10861	-7520
-1680	-2706
5984	-3909
7098	-7520
-6557	-2706
-13524	-8723
3894	2108
-7254	11736
3894	-2706
10582	-13537
-17008	2108
-12131	3312
-5860	-8723
-6975	14143
10861	-3909
8074	14143
-10041	-8723
-7254	-1502
3615	-5113
-5860	-5113
3894	-2706
9467	-6316
-3074	-14740
-3074	10533
-7672	-3909
3894	9329
3615	8126
-8647	2108
-17008	-8723
-5860	-8723
2779	-7520
-8369	-9926
1107	4515
-983	-299
-11434	-8723
3894	-14740
-7254	20161
-3074	-14740
-5164	-5113
3894	8126
3894	905
17828	-3909
410	-3909
9467	-7520
7377	14143
8771	-5113
31762	-6316
-3074	32195
-15614	2108
-287	-6316
-17008	-1502
-9344	-3909
-5860	8126
3197	-15944
2500	-11130
14344	2108
-10041	-7520
3894	-3909
-4467	23771
-12828	-9926
-5164	-7520
2500	-7520
-3074	38213
24795	4515
6680	-5113
5984	-7520
15041	2108
9467	-6316
-17008	-299
3894	8126
410	-1502
-7951	-5113
-5860	-2706
410	14143
410	2108
3894	-7520
5287	-299
22008	-7520
-3074	-299
-15475	26178
-287	8126
-3074	-7520
-10041	5719
9467	-7520
-12828	9329
10861	6922
1107	-7520
-4467	-6316
-3074	-7520
-7254	10533
3894	3312
5984	-7520
7377	-6316
3197	-8723
3197	11736
8771	4515
-8647	-12333
-4467	5719
-10041	-7520
-287	39416
-6418	-5113
-5860	-7520
-7951	10533
-12131	38213
-11434	4515
-3074	3312
8074	2108
-1680	-11130
3894	-6316
-19098	-1502
3894	-5113
-8508	-299
-6557	-9926
7377	26178
10861	10533
-7254	-5113
-11434	5719
3894	-11130
-7951	-11130
-34426	-5113
-10041	-9926
-287	-14740
410	26178
828	-6316
2221	-12333
3197	-2706
1107	-8723
12254	-11130
28278	-299
-12828	14143
20615	-7520
1385	8126
3894	16550
3894	-3909
12254	-7520
410	-2706
17828	-5113
-1680	-12333
-7951	38213
-7951	3312
8074	-7520
-11155	-7520
-10041	4515
6680	-7520
410	4515
10025	14143
7377	-299
-7254	-2706
20615	-7520
410	-7520
3894	-2706
10861	2108
-4467	16550
3894	-299
-17008	2108
19918	-7520
-1680	-8723
31762	8126
-12828	8126
-6557	-7520
1803	-7520
3894	-7520
410	32195
10861	-2706
-4188	8126
3894	-14740
-3074	8126
17828	14143
-287	-14740
20615	14143
-17008	-2706
-11434	-3909
-1680	-9926
-3074	-9926
1107	-13537
3894	6922
17828	38213
10861	-8723
9467	4515
-3074	-14740
-13524	-5113
2500	8126
7377	8126
-7254	4515
3894	-7520
1107	20161
-9205	-9926
-10737	-5113
-3074	-13537
410	2108
-13524	9329
-8647	-2706
-1680	20161
10861	-7520
410	8126
-3770	-5113
-1680	-8723
-3074	-3909
-12828	-11130
-5860	6922
828	8126
-4467	-15944
11557	3312
-287	8126
14344	14143
-5164	-11130
8074	-12333
410	-6316
-37770	6922
-3074	5719
-3074	-299
6680	2108
5287	-3909
-3074	-7520
-13524	8126
-3074	-7520
10861	5719
7377	8126
17828	-7520
271	-3909
3894	-3909
-3074	-3909
3894	-7520
-3074	8126
410	-5113
-7254	-1502
10164	-5113
5984	-2706
-10041	-7520
8074	-2706
3894	-5113
3894	2108
-565	-7520
7377	-11130
410	8126
-11434	-7520
-5303	6922
-17008	4515
19500	3312
24795	9329
-3074	-7520
1803	-9926
2500	-7520
1803	2108
-13524	6922
-8787	-2706
16434	15347
-14221	-11130
-287	4515
1107	-13537
-17705	-7520
-11434	-7520
410	-2706
-13524	-6316
-6557	39416
-10041	20161
-5860	-7520
3197	-7520
1385	-13537
1107	2108
9467	-5113
-5860	-7520
5566	-9926
-3074	6922
-1680	-7520
-7254	-7520
5984	-1502
3894	2108
3894	-7520
3894	-9926
-13524	14143
-7254	14143
-3074	-9926
-3074	2108
2500	16550
-287	-9926
-983	-299
17828	-299
17549	-2706
3894	-9926
-1680	8126
-3074	2108
-7254	4515
-3074	-6316
-8926	2108
410	2108
15041	5719
-17008	-299
-14918	-6316
-17008	-2706
-10041	-7520
-10180	-7520
-3074	14143
5287	-3909
-287	-13537
10861	-5113
-4467	-7520
-12549	5719
5984	9329
5984	-7520
3894	-5113
-13524	5719
-6557	905
5566	-13537
-7951	6922
-3074	-6316
-983	-299
5287	-3909
-15614	26178
410	-7520
1385	-3909
-10041	4515
-9205	3312
16574	-7520
24795	6922
3894	11736
-7254	-2706
-8647	17754
17828	-3909
17828	2108
-15614	6922
10861	-9926
3894	-14740
410	14143
-5860	-3909
6680	2108
410	8126
-13524	14143
9467	-3909
8074	-11130
3894	38213
-16311	14143
10861	8126
410	-2706
31762	5719
3197	-13537
3894	-12333
2500	4515
-13524	-9926
3894	-7520
-8229	8126
-4467	8126
17828	-3909
-4467	-14740
10582	-5113
-10041	2108
-17008	22568
-4467	-8723
-11155	14143
410	-12333
-8647	-7520
1525	8126
3894	6922
5984	-5113
10861	-14740
1107	8126
410	2108
410	-299
-4467	905
7098	-7520
-17008	-2706
-7254	17754
-7254	-15944
7377	-6316
-10041	-6316
2500	-7520
-19098	11736
-7254	2108
3894	2108
-10041	10533
-5860	-8723
31762	-9926
-6418	2108
410	8126
3894	14143
-7254	2108
21311	-2706
-13524	8126
-7254	10533
-34426	-6316
-3074	-5113
-8090	6922
1107	4515
12254	2108
10861	-1502
410	-2706
-7254	8126
5287	-11130
-5164	8126
-13524	2108
-7254	-3909
-11434	14143
13648	-7520
3894	6922
2500	14143
-7254	-14740
-18401	-2706
17131	-11130
16434	-3909
9467	10533
-3074	-6316
1664	2108
-3074	10533
-3074	-12333
10861	-11130
5984	-5113
-287	8126
-7254	-299
-10737	6922
-11852	-3909
-7951	-5113
3894	-3909
-10041	8126
-8926	2108
-1680	10533
410	-2706
1385	11736
-5860	5719
24795	3312
-9344	4515
5984	-7520
9467	-3909
-7254	-299
-4467	11736
-5164	-9926
410	-7520
-5860	8126
1803	14143
3894	4515
6680	-1502
-3770	4515
1803	6922
5984	-6316
-1680	-2706
-3074	4515
12254	-8723
-6557	-9926
-15475	-21961
17828	4515
-3770	-3909
-3074	2108
3894	-5113
410	-6316
-5860	2108
10025	8126
-7254	-5113
3894	14143
5984	14143
-4467	-3909
5984	-6316
-5860	-5113
10861	-9926
8074	4515
-3074	-299
10861	8126
-4467	6922
24795	905
2500	-299
3894	-7520
-6975	-299
20615	-3909
-10877	-2706
-14221	-7520
-10041	-2706
