-8055	-13741
10370	-4092
242	13916
7268	-7663
12430	1775
-12351	15682
1561	7129
13732	684
-836	-2730
1974	-11537
2720	9167
-8634	-9022
-17052	12273
-16378	-2462
816	-416
-2977	20445
-18587	5425
-14439	-929
-5864	-7054
-7108	-2322
9167	23083
-885	-12926
6567	-9284
2998	-10783
-8764	-10468
-18021	-12492
3209	-2769
7609	4645
14536	-11357
11874	4158
4848	25173
16983	5986
3443	7760
11896	-8548
4192	3330
13575	8084
11034	24656
-16791	10805
2908	1784
-18816	-4434
5705	9763
10213	-6625
982	6222
13544	7607
14078	-241
2603	1556
-8432	14631
5835	-74
15030	-9999
4771	21343
-10960	9929
-12899	15126
-17986	-3882
16210	8886
-12935	17698
789	-9140
1943	9215
13616	-14056
937	-1152
1225	-530
15272	6603
13687	-5021
978	-5963
-5851	2423
1216	-7839
3954	-5061
6778	4088
10320	26610
1925	1319
3285	-12128
-611	-8066
-16993	6897
7272	-6787
6082	-6533
-3494	-7834
8291	-14700
1979	-2589
10657	-7887
-7444	-12531
7968	8698
-540	140
-8863	-4877
-149	3164
5651	3733
7348	-1025
-2201	-2322
-670	-10507
5113	8518
-12724	2371
6311	6213
-9626	-5034
10877	-10923
11708	-1564
-7920	3935
10635	-13482
1198	763
16354	11178
-2964	-2353
6935	-14678
-10084	11756
1799	-13298
3384	-4609
-12001	1792
-7144	-10831
-15072	-13451
5261	4106
-14246	-2475
-2555	-8654
9288	22991
1431	-1121
9966	26509
12493	8190
-4535	4299
7303	10845
-118	-5113
5624	1770
3941	6630
-2255	-7725
5544	-13671
919	-14069
-18075	-12961
3407	3738
-17433	20826
-15454	-293
-580	-6428
8807	666
7752	-2454
15146	-3588
-9725	4417
-831	15034
-149	15678
-14179	13426
-3184	-8408
-16275	-3413
-10632	-13390
-10322	20598
-20491	-11839
20368	-8110
7950	17794
-13685	-10354
11775	-2274
-5698	-1235
-1289	-3312
-2654	-13162
5368	-5950
11860	9048
10805	-9512
-1595	-4346
-13343	2664
1952	3361
-8217	3418
5629	11375
3088	4399
8583	-13508
3730	-10590
15093	21606
11676	5026
-17694	-13254
9072	-7089
-16666	2620
-5334	4982
-1666	8325
7039	-5521
-13249	-2852
1660	898
16507	4824
-2789	-4890
9696	2038
10500	-7549
-7067	3251
-2282	4605
13548	-14604
12691	517
-4885	-1284
5916	7423
-3808	-14792
1315	13605
-10407	-3409
-1936	-11519
6244	-3137
2127	-2265
-2344	-6292
-3741	1534
-3301	4846
-17330	-5288
8318	-6642
-7247	-11857
-2120	-7646
5404	-14875
2405	-8185
-1563	-6358
-10529	-5521
13827	22671
9539	11287
11770	-7992
-4270	-13631
-14466	-11339
-13218	-1735
4542	-7067
13616	4220
11595	10937
444	-8386
-2888	-4416
-3916	15099
147	-5797
19600	-1279
6590	-2120
6320	2226
5804	-9740
9202	2691
12049	21939
-8809	5289
-2187	1604
-17236	-8697
-5025	14736
-21052	-6432
-23	-9802
-6107	12646
-5990	-8080
-2591	-438
-10847	14674
-9819	6853
2527	3015
-8410	-3027
-1613	8619
16556	1762
-6484	-495
-7377	6283
-17846	-6445
11151	530
-16693	3221
15937	-12111
14123	-7002
-11386	-14551
-7139	3869
2293	-486
466	-13872
9198	3229
3214	259
15268	2051
20529	6029
-8688	5249
9158	-8505
10037	14569
19093	3900
15093	-4627
7155	-6428
-10901	19258
10006	-10156
-9052	11848
13710	-14748
-8455	-11243
-3557	289
-15422	-4500
4551	-9837
-6596	-1595
-16657	10358
7443	9600
6666	-3886
14900	-14293
7977	15594
354	-3746
-16217	13040
4197	-4035
-5348	-3387
-2376	15419
5876	23315
834	-4925
583	-6287
15559	9364
-2771	-8772
-15777	-13798
21230	5880
-6282	-10616
-15943	-10349
-2564	403
5638	-14621
-16670	-929
-5456	-508
-3049	-2984
179	9346
7856	-6147
-3247	-10980
-5236	-14849
6675	7142
-14565	-1257
-7759	13859
16395	9075
-11471	-2432
1638	4250
3106	14096
7519	27364
12170	12676
-8594	530
-625	-12001
-6677	-13316
-7727	-5319
89	4610
4767	9504
-3152	-2134
12085	-5841
-7696	-10104
-9770	1963
-8217	-14091
-13002	-302
5490	4399
-2169	-12523
-11453	8041
9193	-9762
12403	-7523
-5002	2949
-5357	-3505
16965	9114
-18206	-8465
7200	3865
-2088	11252
-4118	15524
6917	-14512
10037	21440
2715	20274
6019	12019
7057	13369
6244	-9920
19268	1586
-18206	-4022
-11063	-2773
-6838	3470
2854	11511
4866	4509
587	-12790
10046	2366
7887	4080
3088	4461
17490	-14030
-2937	-14893
7896	-6375
15007	3514
-903	-14477
-9043	-6463
-827	-920
7425	-10428
6805	-11874
-2977	-5845
-2299	-14328
10262	4802
9557	11717
-14048	13171
15744	23468
-14789	-11848
-10758	12234
-5213	-1454
-6205	-6594
-15656	15498
-15548	-3733
-15193	-5402
102	-4311
-20554	-7974
3420	-9052
-1936	9289
7856	-7440
-7063	-3343
-2820	-5753
-11449	-13868
-20841	-6853
-7480	-13224
1175	8790
-4585	-10376
10617	-12715
-4073	-6371
-2133	-2541
1503	3041
-21573	-8413
-1514	2620
933	4421
4215	3944
-652	-6616
3258	1074
-6636	4071
-14026	-3488
-3148	17663
-14425	22075
-5945	-11304
9000	-7584
7546	-3641
12008	942
1763	19407
7537	-9648
-14448	4995
15039	19520
2809	-10174
9651	28919
15613	6853
6320	17579
-17685	246
-6919	-8356
-11835	-7711
-5370	403
1377	-6007
-18870	-14731
6073	-5897
-7660	13605
11393	-5521
-11548	1819
-7880	17281
-11853	1188
780	-9105
-13052	-5937
5898	-9552
10060	-8272
10046	9837
-6695	-10152
12812	5320
6563	-5959
5984	3383
-3705	3291
1449	-8855
-8217	7081
8134	-7869
-9352	-2971
1876	-6007
14657	-8044
11555	-13018
-7979	21676
7586	4816
19393	1376
14073	-7974
3101	14359
3465	7769
-6394	5946
1297	4732
23317	-3934
-12966	8816
-827	-4907
-14039	-3479
7232	1919
-11283	-13671
-5671	15783
7366	14964
5997	3124
-16271	15358
-12042	12435
3290	-11738
-5011	-7208
2702	-11291
-16405	7383
11371	-5047
-4270	16992
2069	-4351
-91	2117
10626	20384
-7660	-11107
3205	-3488
7860	-298
-17038	-5148
-18529	-2112
-10533	14004
7241	11901
2253	-8364
6082	4899
2446	-12225
10823	2691
-1312	-10424
9458	2095
-10699	16935
11137	16063
138	-13403
-12540	-2716
8947	13071
-4306	-11484
18181	2252
17382	11918
4502	14135
19730	-8268
15178	-2861
3618	21383
1660	1196
6055	3773
-15346	-10932
7461	11375
7505	-9469
6652	8969
394	-12181
-18021	5854
10864	-333
12201	2708
-8279	-14025
475	-13412
8094	-5231
18837	5613
-5213	14714
-1393	-3229
-7763	4426
-9159	-6108
-15157	-10143
-17483	-3413
-6520	15660
1054	2441
-18327	-565
1095	-14678
6064	-745
9903	-14442
3492	-12939
-8001	-14126
16224	-3343
2536	-7501
-2941	-11563
-13546	4544
-11144	-14166
-11337	-5494
-13110	346
19537	-1463
-5379	2787
4758	-1862
-1761	-10616
-6282	-14801
-3916	2511
-10327	640
-5693	1508
-14493	-6143
3119	-3277
15609	8001
8085	-7549
10926	-11782
9553	-4714
11645	27223
-14924	-1279
394	-1880
3725	-3334
-10515	-1551
5629	-7488
-8208	2726
8453	11660
10356	-8053
7990	-4355
-7426	-9087
8246	2025
75	-12794
-9236	303
7707	-11659
7604	-10078
-23	-13732
8758	-4154
11622	8803
-2156	373
-11166	6376
-15265	-9425
-13433	-12518
-11799	-12860
14913	-12663
-5671	-5104
-11732	4399
6432	-9793
-5307	-968
-1289	8255
13153	-683
-10205	8781
-2677	-4298
5997	-6375
7160	-1034
-4315	-3444
-13106	-13346
3995	13360
-2210	-1297
-3337	-13048
3474	-12737
5939	-14301
-16922	15248
5472	17890
-18915	-10393
-4585	-9723
17	12987
11357	4053
-8423	-13232
2477	21063
-18870	-11164
-7004	-13671
9297	5359
-6650	3265
-6488	763
-302	-7265
16861	12878
-9788	6564
-9478	-13767
-4971	5745
1270	-10292
-14407	10319
9849	-1516
542	18903
-16693	-10634
6109	24590
7981	14065
12947	2068
-13622	16462
-13523	3059
-4365	3475
-3233	17575
-6587	-7900
13598	-675
12466	-9626
-12104	12199
-9263	17005
14316	-11366
14778	609
9400	5013
6486	-5757
-11534	-7028
1427	8978
-8172	17189
1095	4215
-5896	-4202
10365	12015
-16266	-14332
3312	-4820
9894	22097
14487	-1647
4798	-9284
-17164	-1840
3398	16300
19528	5959
11788	-52
-19759	-7006
12376	2734
1665	-8246
-1613	-1880
15470	8610
18675	21155
-4347	-10529
7290	-10866
14886	-7339
5517	-11252
9930	16874
11214	25488
-9321	10236
-18933	-5954
-2636	-8259
-9061	-12772
13845	1157
-9070	-3404
951	-12159
6437	17492
8740	5289
8233	-3939
-2600	14845
-8221	-10240
1669	6884
-11153	-11576
9939	16690
-1698	-8579
-9245	21768
3685	7782
-15225	-13771
-16468	-5249
-6340	-990
7416	25019
-1631	-9162
-903	-6485
-822	10792
-1967	-2199
-16028	-1047
-7494	11011
-5689	14162
565	4987
16255	6923
8296	5473
11609	8439
-1788	-2747
-16293	19867
-10834	-10678
-2677	-8474
-8580	-3207
-3390	-5591
21566	-7707
14635	1429
13212	10902
-4858	-3777
-19018	-7917
8480	-9920
-11067	3690
-4643	-6344
224	-3562
3654	3059
-7171	6783
11865	-10752
4955	-6743
-13599	6441
6913	456
12915	995
-18506	-4197
-16544	2625
-1298	-3746
-6766	-2879
8233	2739
-4854	4058
-14394	-14556
-17775	-8237
-7121	-2283
6872	-11046
6630	9622
8978	13180
-17249	16015
-16239	-4688
5768	14617
-4715	-12457
-13968	-5240
14891	-7681
13880	19788
19016	-1472
-8154	20769
1566	-7878
7479	-3098
16484	-9157
5292	-13657
-4073	-6590
5050	5162
1404	-14455
-4715	1775
16992	10915
-6744	-4789
-11853	-14687
-6506	-9122
-8284	-2291
