-11795	5055
5077	-8695
2838	-10944
-6932	23935
-4837	-9489
-11708	4070
9868	-2762
8349	-15173
959	-8695
19325	-4178
-7254	15103
-7768	-4112
18729	-2026
2958	6491
-680	15772
11752	15772
-13587	4960
-10656	-2848
-7076	4768
20257	1391
-2045	7448
2002	14002
-6110	-2762
257	8883
-13443	3601
2045	18547
-14149	4768
-1434	-11011
14649	-2600
-646	-12168
1684	-2982
11516	9648
10632	-380
-1257	-14178
291	-6561
-14572	6491
6230	7792
589	20940
18013	-2762
2540	24767
-4303	9935
373	1783
10262	2759
24832	-7767
-13385	4720
12021	23332
13587	17973
3900	-6025
-15716	-13384
-17057	-11709
-8061	3907
690	-6609
6634	-3289
8763	654
4082	-2982
-7542	-10408
-5332	-8695
6240	6491
15702	6586
-10416	3850
26567	8883
-16360	2759
-310	-6341
10233	-2504
19142	-6619
-12150	-2848
-14611	-12647
-15250	5534
-3726	-7901
-10122	9457
-15437	4912
-2496	1993
-7970	1630
-1689	-590
-11060	-12379
17590	13763
-7979	10404
-17321	-15173
-16615	10701
6230	-11747
8431	-4533
-16821	-456
6230	23935
-14279	1324
2122	-820
-3847	-2982
-5077	20949
-3943	-11786
14597	13667
1608	24767
-12641	-13920
-1641	-6609
-4202	-7901
906	-8724
5418	5553
-6369	-16
-11338	-2762
-15543	1534
11492	13763
-9757	3046
843	-3978
-752	6491
-6538	-13164
-17287	-2791
-10771	-9298
-1617	-11116
-7734	13763
-286	-7432
-1324	-4322
2155	-3289
-2775	883
200	-8389
-18551	-13030
9123	-6456
12588	-399
-1747	8912
-3558	23332
6057	15772
-8835	-8274
5678	15103
-2674	-6456
3222	-11116
1728	2309
5207	9935
-11122	-8657
-12410	-4121
2929	-4131
16235	749
-15639	2185
-8008	10127
9950	-12647
-14567	4338
6711	-6571
-1713	-12695
9604	7448
-5639	-7767
-1353	-15173
13040	-4121
-12208	13763
-6355	13763
-15000	749
-1910	13763
24534	-7767
4717	23332
12578	491
863	13763
-5312	-13537
-12049	-12302
-7042	-8274
-13549	-12647
1252	-6446
4534	-13384
1583	14002
19008	-12264
-6523	10701
-15870	-581
-10060	-13508
2251	-782
373	-131
5716	-13891
15216	-399
1257	-4896
-4817	-12743
-4961	-13049
-14270	18547
-3650	-8724
10464	7161
-8186	-14178
-18705	-4724
7710	-8724
-4760	-6456
-14981	-7432
18128	9457
-2910	9409
-3751	13763
11343	-6446
26442	-2810
1583	-11116
14058	-12264
3780	-13221
-5759	-12255
24832	-11116
2083	14002
11843	20078
3059	2759
-1852	-4178
-17566	-9499
-10939	7792
-3092	3926
11636	2146
377	1611
18484	-10924
959	-6619
1425	5534
-4303	13763
17408	9648
-14106	4960
5130	-9872
-2453	-12264
27	-12963
-353	-8657
10699	5534
2083	-581
-1449	-7432
21238	10701
-2631	-14178
-3433	-11613
-20046	-6619
1665	20078
4082	-5623
8849	3907
-8513	-4896
3486	-2848
12141	3075
-11160	-6609
-9301	-10924
-6369	15772
17590	3907
9527	5534
9988	1620
13756	3075
-1679	24767
-5740	15772
16509	3142
-4870	-2848
-2616	-2982
-41	-12255
16591	-4322
10747	11543
5024	-2848
-1449	-12168
5543	271
17888	3142
-10589	4912
-10666	20940
-13289	491
1905	10127
-7359	-14178
-13347	-4925
-11132	-6446
-8354	7792
-7162	2759
2372	-801
-3251	3601
26086	-12762
9661	-13144
-15019	-9547
-6812	-14015
-8585	-10274
2324	-10886
8806	-12073
973	1391
-10690	-6619
-12434	7151
-12938	9074
-7287	11543
-3347	3017
3837	-13125
-13169	-2600
3876	7792
9051	-6571
26029	8883
-6840	-1451
7883	7792
964	-8274
-10915	-11020
1997	-9489
11781	3955
11603	10404
-15130	-8532
2593	4768
-13525	-12264
-6134	587
-6677	3046
84	6491
-6542	-6475
-13265	9457
4736	2185
-11002	24767
-276	1993
925	-2600
-1391	9409
-12122	-2456
-12439	-6743
-689	-11709
5077	9457
-12468	23332
-13539	-6341
3510	-6456
-7624	-11116
-18508	271
-4322	13763
15668	-12455
-6038	-8274
9757	-7432
867	-3289
8537	11849
-5740	-7767
6773	19026
12809	-5958
12165	11371
-1449	7792
22252	-6619
8369	23332
-9032	-12484
-18580	13667
-2261	-8274
-16533	5821
21651	-3069
9114	-12264
10598	-2963
-3630	10404
-7955	883
4976	4070
16884	-11011
2155	9648
7763	10127
-14640	-8274
12045	-399
-1252	-10743
18638	-13125
-6566	9696
-4870	1391
2679	2759
8008	-389
-6201	-12991
3659	-7575
-12708	-12293
-16432	7792
1665	4768
-11122	2759
14332	10127
-6908	20078
14649	3515
-1473	8979
-11564	-11154
-16326	-2810
-9950	491
4303	-11594
-1713	13667
-8292	-12733
-15461	-9087
-6836	-6456
-7013	-1834
-7523	-4131
-5360	20078
-7013	7448
-15245	-16541
-6903	6491
3059	-2504
7119	-10829
2737	9457
377	-2963
-12496	5429
-1756	-4724
-1675	-801
-10925	8979
1939	14002
-3645	6491
12285	-782
-17009	22853
-5149	-10829
1728	-6619
-6807	-1930
23073	-4925
26029	19026
3059	7792
-14510	23045
23756	2472
17408	2472
-310	15772
-1252	24767
-4087	-2035
-13606	-4121
-430	-4322
5207	-8532
445	-13154
1766	-10743
-6466	-2848
-6187	-4236
810	-11690
-4500	-9489
14669	-14274
3020	-2848
-9032	-13546
-14755	18547
613	4768
4645	4912
1252	1391
-36	9457
964	-380
-1449	-9307
-10762	-10944
5067	-4178
7874	3907
25731	367
-6345	5534
-7359	-12886
-8402	18547
23275	3907
11050	13667
-5942	6586
3717	3046
-6139	-10408
10517	-7767
-4899	-4322
4524	8883
-5721	3237
2540	1534
2621	-14168
11785	20940
3780	1591
-353	1802
-6994	6491
-2304	-13853
14409	-590
4029	-10829
12698	13763
2842	271
-11045	24767
3131	-11690
-6139	2759
22958	7792
28004	7448
-6418	19026
-6172	2280
925	9935
17408	9409
-3606	4912
-12093	6586
-848	-10274
-6788	-389
5716	-6619
-8888	-17144
3347	11543
-12977	-5776
-7590	-380
-915	-16541
-8080	9409
3664	11084
-16946	1419
9806	-6475
-14620	11084
6480	5295
-10646	-12838
-11939	-10408
-15399	8979
589	23935
21238	-12360
12525	4768
26029	7792
6326	1993
21718	-10350
18556	-2982
5543	20940
-310	7792
-13347	-4925
-1449	-2791
6004	-1451
2131	-11977
-8325	-9499
-8763	-9307
8883	-4533
8926	-6571
5139	-6456
13232	491
-9421	5821
1319	-12092
-7201	-13384
8003	-6619
19186	-380
-11973	-1547
9056	-10743
7273	-12015
4832	9074
4640	7792
4178	3811
-1651	-11977
-16326	-4724
14356	-11116
-387	-15805
-3813	-9087
1934	3343
1281	-10609
-13823	-6561
12819	2759
11113	-1939
-1276	17973
9954	-10829
-12703	-13030
10233	-10924
5317	4768
-1208	-10944
3280	23332
-3549	-13546
-5370	2472
-2304	20078
-6836	-4121
-12468	8979
-2958	-9489
-13986	10701
-2227	13763
3131	-6561
-12122	-389
-2674	-2848
-15975	15772
-1112	-5958
-747	-7901
18013	-13125
-7258	9935
-12559	-2982
-9656	13667
13645	-380
4524	-12360
9690	5821
-2439	3017
-7893	-6025
5413	883
2083	-13030
-17686	1534
-3400	23935
-1776	-11881
-13539	1419
-13981	-11881
2410	-10303
-3409	9409
-8301	6491
15553	18547
11074	13763
-11098	4768
-7715	-6475
-7431	15772
15971	19504
4337	-10886
11809	10127
-6105	-9307
3025	11084
-1824	4252
3246	-6571
-3352	-10303
2266	6586
3160	5534
13996	4070
-4274	14002
-12256	10404
-10589	-8724
4640	-9489
17047	1400
-12761	654
-1208	-8695
3909	-12934
867	-10743
3510	7792
-1290	-17144
3193	13763
14231	8117
-2813	749
12021	-9547
1670	-12944
6504	-6475
3025	-2848
5264	-1451
17	-5375
-9512	-10303
6754	-11011
-7465	15772
-8715	6586
-13784	-12455
-14034	4768
21838	5534
-14226	-11116
7119	13667
-14149	5247
-9008	-6475
-12410	-12092
-13933	1515
-9608	-11011
4645	2309
4717	1611
-4668	-8695
-1266	4960
-14346	654
3198	2472
4250	749
6653	-13317
2641	-13546
5067	-16541
-15322	7448
-2775	15772
24832	-9547
19445	1419
5279	-2848
-9858	23935
-8008	-11680
8008	-6341
5923	-12207
-3558	-6341
-12098	2185
2175	20940
-10646	-4322
-1122	13763
8008	-11403
-8354	-4925
-9113	-10609
-1117	-8695
1439	-13546
1838	-3069
20882	-4322
-2400	-5958
6932	-8274
-6869	271
19085	2759
-286	-5623
-1968	23332
-11146	18547
-15221	6491
-9656	15772
-7196	18547
-3212	8979
-7369	1391
-13232	3046
-1665	20940
15586	-8695
19565	-389
-944	-2848
-4399	16251
-4726	-8695
-8546	-11403
-2381	6491
-4087	18547
-550	-2848
10560	-13221
4914	4290
13746	10701
-5894	-590
-5846	2185
-9219	-10274
-3496	10127
-9608	1534
-13419	3036
3953	-8657
2324	-9872
-12150	7065
-1732	654
6033	-16541
3784	-12264
-4716	3046
-15226	-8695
-8421	2309
-2141	5553
-6206	-6456
-2674	-2791
-627	19026
-1208	-6475
1348	11543
-2737	9457
1958	18547
21238	-2743
31	-11575
-12011	7448
685	-581
670	10280
-2218	-4322
12021	-10350
-8950	15103
12448	-4121
1137	2759
-6369	23045
5067	-2982
22439	-12073
-5139	-13508
-15783	-14274
-9474	-10886
464	2749
-1852	692
6571	-581
-6773	-7901
2256	13667
10680	-8274
-1232	22471
10051	21418
-10589	-4896
-11694	-11212
-6225	10701
-6418	7065
3020	1802
-7359	3601
-15533	-4322
5913	13667
3020	-13987
-17681	1324
-4039	-11881
2146	8117
8796	-6609
1550	-6561
-8772	3075
10176	-3289
3131	-13546
8907	-2848
949	1419
-3525	749
18321	-12264
-19455	-4226
-2357	19026
-5432	10127
-5418	-10303
10598	7448
-8378	-8657
11978	-13518
3635	22853
-1276	5534
4717	11084
-2045	-10829
-2280	-10944
-13486	5429
-2559	-10924
-146	-8695
11420	1611
-5029	13763
4981	-11212
-3140	2759
-13318	-2982
-6028	749
-8320	-15805
-13486	-6456
5207	-4513
3424	-2475
2665	9457
-6908	9591
19714	13763
-2088	-6341
670	6586
14645	-13384
-2871	-12551
-7821	9935
6245	17973
11420	-4112
4952	-2504
7139	-2848
-5788	7792
-13755	-5958
5264	-2743
5678	10701
-4116	20078
-310	-6619
18849	-13125
9099	883
15043	18547
5096	-7575
-10939	8883
-3313	11084
-14467	9648
-13337	-6475
-2242	-9872
-7230	20940
-3837	9074
15625	-3978
23448	-13891
-9815	8883
-4082	-2791
-1852	-10924
-1574	10127
-10545	-1451
-10694	-495
15351	-12551
8484	-13987
-4784	-3069
-9815	3811
-795	23619
-7172	-6743
15130	-12647
10824	-4178
-5327	-8724
12453	491
3501	6586
1785	-11594
2290	-10743
4861	1419
-440	9074
7384	-12934
7533	22471
6504	864
10185	-11881
-5793	-6456
-4039	2759
-1232	-6561
-7230	864
-2631	18547
16355	-12073
-7138	-5375
-12938	15103
-6480	-1451
-12256	-1432
-7359	-4925
6000	3075
3323	20940
-1631	-13546
810	2185
-3726	-10350
22968	13763
-15610	-16
-12419	-2982
9806	17973
-12818	-10886
-1828	-13326
7187	2309
-13385	9457
12804	10280
17590	2759
-10906	13763
9287	9648
-10002	-8274
9344	-11594
6826	883
-14572	3840
2069	-12073
2900	-1595
14169	-2504
-16802	15772
7177	-801
-9474	4194
-6062	-4131
2179	-11403
-5687	9457
1430	-6025
-1434	15772
-3217	1611
12458	-11728
24832	11543
7725	9591
-6043	20940
8470	-12599
2862	9696
1372	-6446
-10493	-7575
-5360	20940
1305	-1451
-1266	-10408
-7701	-4533
1257	-389
15212	10280
-1506	-11881
18066	654
-4303	4960
-4620	6491
-3751	-7432
6216	-2982
2299	5429
-12583	7792
-1559	-4322
-10939	16165
9243	7792
9940	-9547
-13981	15103
18532	-5088
-12679	-3289
2593	-399
3780	-11020
27494	3075
21430	-2848
8349	3601
2910	-11116
-1257	-7901
5024	-4533
-2655	5821
-5327	10127
2271	1620
-4885	-17144
-11564	18547
15116	8979
911	1534
-4726	-11116
9114	-11116
9709	-10886
-10497	1419
-16653	-2456
-17311	5534
-6403	9935
-7076	-8274
9517	4912
-12737	4960
-7840	-4533
-8859	17973
5149	-4896
12501	-6609
-1891	-3069
21238	-12465
-15610	-12264
-13976	3524
-3409	-11192
-12198	2261
-968	4290
-6725	-6446
-3693	-2810
10858	-2963
3424	3142
-5841	4768
-16845	8979
-8830	-5623
-6816	-399
-2501	-581
10719	-6025
-16048	-4121
-3948	558
-1655	-2762
9945	-7767
11872	-11690
22674	15772
18426	5429
-1502	18547
13929	7792
-4534	1419
-17364	3046
-2722	-16
6860	-399
-12146	13763
-16749	24767
-8570	2472
-2136	10127
12117	-9872
10944	-12054
-8916	-10408
-10219	19026
-10690	24767
320	-2982
-15615	5429
-6749	271
1641	3601
-7172	11371
-12112	-15805
-12246	-8532
-13462	5534
-2674	20078
4121	10127
21478	-8389
3424	-4724
11867	-7575
17047	-5623
-12208	7792
-353	-4896
7691	-6475
12165	-15805
2131	271
12319	4768
320	19026
867	-12398
-8325	1802
13876	24767
964	-5088
-10060	-11011
-2256	-2963
-5255	-9307
26029	-12733
-7201	-5623
23155	-12743
3534	10127
1194	-12092
-13876	-11116
9099	3075
9998	-4322
-5298	9074
12564	-4178
-9743	-399
-1526	14816
-5692	-4724
14649	3075
2468	-4178
493	-14178
7643	-12092
1185	-4322
-13928	-2810
2170	-10274
-14149	-6475
699	-15173
-8695	-7901
-15130	20078
11579	-2982
11809	-5776
3607	-6571
291	4912
1502	-12743
12381	3075
20041	-17144
4073	-11403
7460	6586
-2972	2185
15606	7448
10344	-8657
17047	-2810
11242	-13920
-1449	-10350
3323	4070
11632	-6456
-1795	-2791
-2347	-12073
-1362	7792
-15682	-2504
-3986	10280
1113	-5958
-8479	2759
-11329	-12647
4596	-2600
-2866	-2781
2199	-112
-2362	-1844
-305	-7432
2078	10404
8633	-10924
24198	1400
-5841	7161
1905	4768
2098	-7767
18604	-399
1905	-8532
-12444	-2982
7163	-3069
3131	-4121
20368	3123
-6427	-6475
-1780	14002
4779	-10303
4447	-9547
8042	-9872
-7033	7792
7802	-10274
3832	4194
-6254	-6025
-12876	4768
8950	10280
1194	3343
