5253	3130
-6639	9274
-18531	58
-2675	3130
-5318	58
-1354	58
-32	-6085
5253	58
-32	-6085
-17209	58
6574	-9157
-7960	-9157
11859	9274
-32	-12229
-10603	3130
5253	30777
-13245	58
1289	3130
-32	-6085
10538	-3014
5253	-3014
7895	6202
9217	3130
13181	15418
-2675	6202
-1354	-3014
-3996	18490
-2675	58
15823	-9157
-2675	58
-3996	-3014
2610	58
6574	12346
9217	-3014
7895	-9157
1289	3130
22430	12346
-2675	-6085
9217	3130
9217	-3014
-2675	-6085
-9282	3130
5253	-3014
-32	-6085
-10603	-3014
19787	-6085
-2675	-6085
6574	-3014
-11924	-9157
3931	9274
-37029	-21445
3931	6202
7895	-3014
5253	-12229
-1354	-3014
2610	58
-32	-6085
10538	-12229
-32	3130
1289	-3014
2610	-3014
13181	-3014
17144	6202
5253	3130
3931	-3014
-1354	58
9217	-3014
14502	58
11859	-12229
2610	3130
13181	-6085
-13245	-9157
-6639	-6085
-1354	6202
-5318	58
5253	-6085
7895	-3014
-32	58
5253	9274
-2675	9274
-9282	27705
-13245	-6085
9217	-3014
-11924	-15301
5253	58
13181	-12229
-1354	6202
-1354	58
19787	-6085
-13245	-3014
10538	9274
-14567	-12229
-19852	3130
-19852	-6085
-13245	-9157
-6639	58
-7960	-6085
-17209	-9157
-15888	15418
-17209	-3014
7895	58
19787	58
10538	-3014
-19852	-3014
6574	33849
10538	-6085
23751	6202
-3996	58
5253	9274
-13245	-9157
17144	-6085
-14567	-6085
-10603	-6085
6574	-9157
-14567	58
-11924	15418
9217	58
3931	15418
-1354	-12229
-5318	3130
-23816	9274
3931	-21445
-1354	6202
-23816	15418
-6639	-9157
-32	-3014
2610	-6085
6574	9274
1289	-3014
9217	58
17144	58
5253	-12229
10538	18490
-9282	3130
2610	3130
-19852	-3014
11859	9274
15823	3130
3931	-12229
15823	18490
11859	-3014
1289	58
-17209	3130
7895	58
5253	58
-1354	58
11859	-9157
-6639	-12229
-1354	-3014
18466	24634
-1354	18490
-32	58
2610	58
-32	-3014
6574	6202
-1354	-9157
-13245	-6085
2610	3130
2610	58
-1354	-9157
2610	-3014
2610	-6085
-9282	-6085
-15888	-12229
-13245	-3014
3931	-9157
5253	9274
-6639	58
-32	-3014
-21173	9274
-10603	3130
-1354	6202
13181	3130
-19852	-3014
5253	-3014
-3996	-15301
1289	58
7895	-9157
-2675	-3014
9217	-3014
-9282	3130
3931	-3014
7895	6202
-10603	-3014
17144	3130
-1354	3130
-13245	-6085
-32	-12229
10538	33849
-26458	58
-15888	9274
-6639	-9157
-32	3130
-5318	-3014
-23816	27705
3931	12346
-13245	-6085
10538	3130
-9282	-6085
2610	58
-14567	-15301
6574	15418
13181	-3014
5253	-15301
15823	12346
-3996	-3014
-1354	58
-32	58
5253	3130
9217	58
7895	-3014
2610	9274
-23816	-18373
11859	24634
-13245	-9157
-32	27705
9217	21562
-32	3130
-9282	12346
6574	-9157
6574	-3014
-11924	-9157
5253	-3014
2610	-9157
-32	6202
-5318	-6085
7895	-3014
-7960	12346
-3996	-3014
-7960	6202
7895	6202
9217	-12229
7895	-12229
7895	-18373
-5318	58
-2675	58
9217	58
-6639	58
-7960	21562
11859	-12229
-15888	-6085
-5318	-18373
9217	-15301
7895	-21445
-9282	27705
5253	-6085
9217	-12229
22430	-15301
3931	3130
1289	-3014
-22495	58
13181	-3014
3931	-6085
-10603	3130
-7960	-3014
-5318	-6085
-3996	-3014
-17209	58
-5318	58
7895	6202
2610	-3014
9217	15418
-11924	-12229
13181	-3014
-5318	-6085
6574	-18373
-3996	58
-13245	12346
-3996	-6085
2610	-3014
-1354	-9157
13181	3130
6574	6202
14502	3130
13181	-15301
-5318	-9157
2610	9274
3931	-6085
6574	3130
22430	58
5253	-3014
7895	-3014
-2675	-6085
-2675	-3014
-7960	6202
5253	58
9217	-3014
-5318	9274
9217	6202
-6639	12346
-6639	-3014
-3996	15418
-19852	-6085
-5318	58
2610	-9157
-19852	27705
11859	-3014
10538	58
6574	58
2610	-3014
-2675	-3014
9217	3130
9217	-9157
-10603	58
-2675	-6085
13181	58
-1354	3130
-25137	-9157
7895	-3014
5253	58
15823	-6085
17144	-12229
9217	-15301
-3996	-3014
-11924	3130
7895	-3014
1289	-12229
9217	9274
-9282	12346
6574	-6085
-1354	58
14502	58
-11924	3130
13181	-9157
7895	-3014
9217	-3014
-6639	-6085
-14567	58
6574	-3014
-15888	58
5253	58
-32	58
-15888	-3014
-3996	15418
17144	-18373
-21173	58
1289	-3014
2610	58
3931	-6085
6574	-6085
17144	3130
-32	27705
-22495	58
2610	3130
-10603	-15301
-10603	58
-32	-6085
11859	-3014
-13245	33849
-22495	3130
-32	18490
13181	58
11859	58
-1354	-3014
-3996	-12229
-3996	12346
5253	12346
11859	58
9217	58
5253	6202
-2675	3130
-15888	-3014
5253	58
2610	43065
7895	-3014
-3996	6202
-2675	-15301
2610	-3014
7895	-6085
7895	12346
-9282	-3014
3931	3130
15823	-9157
7895	27705
-10603	3130
-7960	-3014
-3996	3130
2610	-3014
2610	-6085
6574	12346
6574	-6085
7895	58
3931	-6085
2610	-12229
-17209	3130
-32	-12229
-5318	6202
-27780	12346
9217	3130
3931	-15301
-13245	9274
19787	15418
1289	-6085
13181	9274
7895	39993
7895	-3014
-1354	-9157
9217	-9157
3931	-9157
13181	-6085
14502	6202
-6639	3130
-2675	-18373
10538	24634
5253	58
13181	58
-32	-9157
22430	-3014
3931	-9157
-15888	3130
3931	9274
-32	3130
15823	58
-14567	-6085
-3996	-3014
-15888	-15301
1289	15418
2610	12346
17144	-12229
10538	58
-11924	-15301
1289	9274
10538	-3014
13181	-3014
-2675	-12229
-11924	-3014
3931	-6085
-1354	3130
-3996	3130
14502	-12229
-1354	-9157
-17209	6202
1289	6202
-3996	9274
7895	-3014
3931	6202
-32	9274
6574	-6085
1289	-9157
-5318	-3014
-3996	58424
-17209	58
-1354	-3014
-32	-9157
2610	18490
17144	-3014
-10603	6202
2610	21562
-2675	3130
-22495	3130
1289	3130
-3996	-3014
-1354	3130
14502	-18373
1289	-3014
3931	-3014
-32	30777
-17209	-3014
-5318	3130
6574	36921
9217	-3014
6574	58
3931	9274
5253	21562
-22495	-6085
10538	-9157
13181	-12229
-3996	-6085
-6639	3130
2610	-15301
-7960	3130
-19852	-6085
-6639	3130
-3996	3130
-25137	-3014
-25137	-3014
-3996	12346
-14567	15418
-5318	58
2610	-6085
2610	-6085
-7960	58
5253	-6085
-3996	18490
7895	-12229
-2675	3130
9217	15418
-7960	58
22430	-9157
14502	24634
-5318	-12229
-5318	9274
2610	27705
-5318	-3014
-10603	9274
3931	-9157
-3996	58
14502	-6085
6574	-6085
-18531	3130
-7960	-6085
3931	58
2610	-6085
9217	-9157
-32	-3014
1289	58
-5318	-15301
14502	6202
-32	-3014
-32	3130
6574	-15301
-3996	-6085
7895	6202
6574	-9157
-10603	-6085
7895	58
-17209	58
-11924	-15301
6574	58
11859	3130
-32	-6085
-3996	-9157
-14567	-3014
-6639	-6085
-6639	-6085
-7960	3130
1289	6202
2610	58
-3996	58
-5318	58
-1354	-3014
13181	-12229
6574	12346
19787	-3014
-17209	18490
3931	58
-3996	-12229
-13245	6202
5253	-3014
-15888	-12229
1289	58
3931	3130
5253	6202
1289	6202
-7960	24634
13181	3130
3931	-6085
7895	18490
9217	-3014
13181	-12229
-7960	9274
-6639	15418
2610	-3014
-5318	-18373
-32	58
-32	6202
6574	58
-14567	-9157
5253	6202
5253	6202
2610	3130
-19852	-18373
-14567	-9157
-7960	3130
-13245	21562
-18531	-12229
-7960	-9157
13181	-6085
-17209	58
1289	24634
-32	-9157
3931	3130
-3996	-6085
-2675	-6085
3931	-9157
1289	-6085
10538	33849
7895	-9157
17144	3130
6574	-3014
-32	9274
13181	9274
-10603	3130
-13245	27705
-18531	-9157
9217	9274
-6639	9274
6574	58
6574	-12229
-2675	-3014
23751	3130
-7960	3130
22430	3130
10538	-3014
-3996	33849
7895	3130
-1354	21562
11859	3130
-13245	-3014
1289	-3014
5253	-12229
9217	-12229
11859	58
6574	-12229
2610	12346
-1354	-12229
-3996	12346
3931	-6085
5253	-3014
5253	-6085
-13245	-9157
-5318	-3014
-1354	9274
9217	-6085
-7960	-9157
17144	58
2610	3130
5253	58
14502	58
-6639	-3014
3931	9274
-32	33849
10538	-9157
3931	-6085
-26458	-6085
-2675	-3014
-9282	18490
-6639	-9157
13181	-6085
2610	21562
-1354	58
-3996	-3014
-5318	-15301
-1354	-3014
-9282	-12229
10538	58
-3996	-9157
-1354	3130
-9282	-3014
-2675	58
1289	6202
5253	-9157
14502	58
1289	58
15823	-6085
-7960	-6085
-9282	3130
2610	6202
-11924	58
2610	-9157
-3996	-3014
-13245	27705
3931	-6085
-11924	-9157
-5318	58
-10603	-9157
-6639	-3014
3931	58
6574	-9157
-32	58
-7960	58
-13245	-15301
-9282	-9157
-6639	3130
6574	-12229
-14567	58
5253	-3014
13181	-3014
9217	6202
13181	-9157
3931	-3014
-1354	-9157
-32	-12229
6574	3130
-11924	15418
13181	-6085
-11924	-9157
-10603	-18373
-3996	9274
2610	6202
-5318	-9157
-15888	-3014
3931	15418
7895	3130
13181	-9157
6574	-3014
9217	9274
-7960	12346
15823	-6085
6574	9274
1289	36921
-1354	-3014
-10603	58
-11924	-9157
29036	-9157
2610	6202
2610	15418
1289	24634
-10603	27705
-13245	-6085
3931	3130
5253	18490
-2675	-9157
14502	-9157
-19852	-6085
-32	6202
15823	21562
3931	-6085
-2675	3130
-14567	-3014
-1354	-3014
17144	-6085
-13245	-6085
9217	-9157
2610	12346
3931	-6085
6574	-9157
3931	-3014
11859	-6085
1289	-3014
-15888	58
-18531	-6085
-6639	6202
1289	-3014
-6639	-3014
-14567	9274
-10603	3130
5253	-6085
6574	9274
2610	-3014
9217	9274
-2675	58
3931	6202
13181	6202
1289	58
2610	58
-5318	-6085
-5318	-3014
-10603	6202
14502	-3014
-7960	6202
14502	-9157
1289	15418
-13245	3130
-13245	30777
7895	9274
-32	9274
-7960	-9157
-25137	-9157
2610	-9157
-18531	3130
11859	-3014
-10603	-3014
10538	-3014
-5318	-6085
9217	3130
6574	3130
-3996	-9157
2610	6202
2610	-3014
6574	9274
-13245	3130
-6639	21562
-32	-3014
6574	-6085
5253	58
2610	-3014
-1354	-3014
-5318	-3014
1289	-6085
-1354	9274
13181	9274
-5318	-3014
-2675	15418
-2675	33849
1289	-6085
2610	12346
-15888	3130
-2675	-12229
5253	-6085
-1354	-3014
15823	-15301
-32	58
-3996	6202
-1354	-12229
-6639	15418
-15888	-3014
5253	12346
-6639	-3014
13181	-3014
-3996	-6085
-10603	3130
-10603	3130
-21173	-6085
17144	-12229
9217	-6085
-15888	-9157
7895	-6085
-2675	-6085
5253	3130
14502	12346
-1354	-3014
-2675	3130
13181	-12229
9217	-6085
-32	15418
7895	-12229
10538	9274
19787	-6085
-3996	-9157
-6639	3130
3931	58
-5318	-9157
1289	-6085
-10603	12346
-17209	18490
-21173	-3014
3931	-12229
-32	-3014
2610	-3014
9217	-9157
11859	-6085
13181	-12229
9217	-12229
1289	-3014
6574	9274
-13245	58
-3996	-12229
5253	3130
14502	-3014
-9282	-6085
2610	-6085
-11924	30777
5253	58
-32	-9157
7895	6202
7895	-3014
11859	58
3931	9274
-5318	58
1289	-6085
1289	58
7895	15418
-2675	-6085
-13245	-3014
-3996	-15301
-3996	3130
-13245	58
11859	12346
-17209	3130
13181	58
-10603	15418
-11924	-6085
5253	-3014
6574	-3014
-15888	12346
-7960	58
-5318	-12229
3931	-3014
-10603	-6085
10538	18490
5253	3130
7895	12346
10538	3130
-1354	-6085
3931	15418
5253	-3014
-19852	9274
6574	24634
-13245	58
-5318	9274
-10603	6202
-1354	-3014
6574	12346
-3996	-3014
-3996	36921
-32	58
-9282	3130
6574	9274
7895	-12229
10538	15418
9217	-12229
-18531	-3014
-32	58
-19852	58
1289	-3014
-14567	-3014
-3996	-9157
13181	3130
7895	6202
3931	-6085
-7960	-6085
-7960	-18373
7895	58
-2675	58
13181	58
3931	3130
-32	58
-11924	-3014
5253	-6085
23751	6202
6574	3130
2610	3130
5253	-12229
-2675	58
1289	6202
6574	58
-26458	58
-5318	-9157
10538	-3014
7895	-21445
9217	-3014
-1354	-9157
-6639	-3014
-2675	3130
-32	-6085
1289	3130
-13245	3130
-32	-6085
2610	-9157
-3996	-9157
10538	9274
-7960	-3014
17144	-3014
-1354	-3014
-32	58
-32	9274
-7960	-9157
2610	58
-5318	-3014
2610	58
9217	-6085
-3996	58
-11924	-6085
-10603	-3014
-11924	6202
9217	18490
-13245	58
-10603	-6085
-2675	-6085
-3996	-6085
-10603	3130
3931	18490
9217	-12229
-5318	9274
-5318	-6085
-2675	58
11859	6202
-11924	-12229
-14567	3130
21108	-15301
-17209	-12229
-6639	-15301
7895	3130
-14567	18490
14502	3130
-32	3130
6574	58
9217	6202
-9282	9274
9217	-12229
9217	-3014
6574	3130
-32	18490
-3996	58
-1354	-15301
-13245	9274
14502	-3014
-5318	6202
10538	-6085
-13245	-3014
3931	18490
9217	58
-19852	58
13181	9274
5253	-9157
6574	30777
10538	-15301
-6639	3130
2610	-3014
29036	12346
1289	-3014
3931	-3014
7895	-15301
-15888	6202
1289	21562
-7960	3130
6574	-3014
5253	58
10538	-12229
-5318	-15301
7895	-12229
7895	58
-5318	9274
3931	12346
-1354	30777
-7960	3130
9217	58
13181	6202
13181	-9157
6574	24634
-13245	18490
9217	-9157
15823	3130
-1354	-3014
-1354	-3014
-11924	-15301
-13245	-9157
6574	9274
-2675	6202
-1354	-12229
11859	3130
-22495	9274
-5318	-3014
2610	-6085
2610	-3014
3931	-15301
-10603	58
-9282	-6085
-1354	-3014
-32	58
-13245	9274
-1354	3130
6574	-6085
-13245	-9157
-13245	3130
-10603	58
1289	-6085
7895	58
3931	3130
-10603	3130
-11924	21562
-14567	15418
-13245	12346
15823	-3014
1289	6202
5253	15418
5253	-9157
15823	3130
-13245	6202
13181	-6085
7895	6202
13181	58
3931	58
-5318	-3014
22430	-6085
1289	-12229
5253	-12229
-3996	-3014
-32	-3014
6574	-6085
-2675	-9157
19787	-12229
-3996	3130
-13245	-9157
11859	3130
13181	-6085
-27780	6202
6574	58
6574	18490
-6639	-6085
-13245	12346
-15888	21562
1289	-18373
3931	58
15823	58
-2675	9274
11859	-21445
3931	3130
9217	-3014
3931	-6085
6574	-15301
-5318	9274
5253	58
-7960	6202
18466	-12229
-10603	-6085
-3996	58
-5318	-3014
-6639	6202
-13245	-12229
-32	9274
-17209	58
3931	58
-10603	-12229
10538	-15301
-3996	3130
6574	12346
-17209	58
3931	-6085
-1354	58
9217	-3014
-3996	-3014
-2675	6202
-1354	3130
2610	-9157
-10603	-3014
10538	-9157
-3996	-6085
-6639	-18373
-6639	-12229
2610	58
-2675	6202
-32	-6085
9217	-3014
1289	58
-7960	6202
-2675	12346
-6639	-9157
-32	9274
-14567	3130
-3996	9274
-7960	-12229
10538	-3014
-6639	58
-30422	-3014
-7960	-12229
-5318	-12229
-11924	-6085
7895	58
-2675	-6085
3931	-15301
3931	58
-32	-12229
-2675	-18373
-7960	-3014
-32	58
-21173	-3014
5253	58
1289	-6085
-9282	-9157
-32	58
3931	27705
10538	24634
-7960	-6085
-27780	-3014
-32	3130
-13245	15418
18466	6202
15823	15418
5253	-9157
9217	3130
-5318	9274
-2675	24634
-1354	-3014
-15888	-6085
2610	6202
9217	-9157
1289	3130
5253	-3014
5253	-6085
-3996	18490
-10603	12346
-17209	24634
-2675	9274
19787	58
-5318	3130
5253	3130
-1354	-12229
3931	-12229
-1354	3130
26394	-6085
-9282	-3014
2610	-12229
-13245	3130
5253	-6085
11859	3130
-32	-15301
11859	-3014
-9282	-3014
10538	-6085
-2675	-12229
-11924	3130
-1354	-6085
14502	3130
6574	-6085
-6639	-6085
-2675	-3014
3931	-6085
-3996	-6085
-9282	6202
-18531	3130
-5318	27705
15823	-9157
3931	18490
-1354	-3014
-26458	-15301
-3996	58
2610	58
-32	12346
2610	9274
23751	24634
-1354	-6085
-18531	-9157
-23816	-6085
-32	-15301
9217	-6085
-5318	18490
-18531	6202
9217	-12229
6574	58
2610	3130
17144	-12229
14502	6202
-11924	3130
3931	-3014
13181	-9157
-17209	-9157
15823	-3014
6574	3130
13181	15418
-32	-9157
17144	-9157
-37029	-12229
-22495	58
-2675	-6085
10538	-3014
-14567	58
-13245	24634
5253	58
2610	-9157
7895	-3014
2610	-9157
-13245	-12229
11859	58
1289	-3014
15823	3130
9217	58
-6639	-9157
-6639	58
6574	3130
6574	-12229
3931	58
3931	-3014
13181	58
2610	58
-11924	-9157
3931	-3014
5253	3130
-2675	58
-5318	-6085
-9282	-6085
-2675	-6085
2610	58
-10603	58
-32	58
-3996	-3014
11859	-6085
-15888	15418
5253	-3014
2610	-9157
2610	58
-1354	9274
-2675	-3014
6574	30777
14502	-6085
7895	6202
-7960	-15301
9217	-3014
-7960	58
10538	-18373
-1354	-6085
9217	-6085
