-10126	-1760
11488	-8480
-5186	1600
-11979	1600
372	11681
-11361	4960
-13214	15041
-8273	18401
-10126	18401
7165	-15201
1607	-11840
5313	8320
-1480	-1760
9018	-8480
12106	-11840
-8891	18401
-5186	-1760
-6421	1600
-6421	-1760
-2715	-5120
-7038	1600
-8273	-5120
-8891	21761
-11979	11681
990	-1760
-5186	-1760
-10744	11681
7783	-11840
372	-18561
-8273	11681
2225	-8480
4695	1600
8401	-5120
35573	-11840
12723	-11840
17046	-8480
-10126	11681
18899	-1760
4695	-5120
2225	-1760
-7656	11681
3460	-1760
-13214	4960
-6421	-1760
2843	-1760
-5803	-5120
-16302	8320
24457	-15201
372	-11840
-9509	15041
-245	-5120
-13831	1600
990	1600
-5186	-1760
-5186	-15201
-863	-1760
5930	-8480
34955	-5120
14576	-5120
-863	-1760
-5186	18401
3460	11681
-12596	11681
-4568	-8480
-13831	11681
-4568	-1760
21369	-8480
-1480	-5120
-10126	11681
-7656	11681
-7656	4960
17664	-8480
1607	-1760
990	-11840
-10126	11681
-4568	-8480
24457	-15201
17664	-8480
-12596	1600
5313	-1760
-10744	18401
-5186	-5120
19516	-1760
-2098	-11840
28780	-8480
-4568	-5120
3460	11681
-5186	-1760
8401	-8480
2225	-5120
-1480	-1760
7783	-11840
17046	-8480
-1480	-8480
18899	-15201
-863	-5120
-4568	-15201
2225	-5120
7165	-11840
12106	-5120
372	-8480
3460	8320
-3951	-15201
26927	-11840
-7656	-1760
15811	-11840
8401	-5120
-1480	4960
7783	8320
-7038	11681
-11361	18401
-5186	-21921
6548	8320
-3333	-11840
7165	-11840
-8891	25121
-12596	15041
-6421	-1760
-7656	1600
-5186	-1760
-14449	25121
5313	-8480
-11979	11681
10253	-21921
33103	-8480
-2098	11681
-1480	-18561
-10126	8320
-14449	11681
-7038	11681
2225	-1760
-7038	4960
4078	15041
5313	4960
-6421	4960
2843	21761
-5186	-1760
-4568	-11840
-2715	-5120
25692	-11840
-863	-5120
-5803	15041
-7656	18401
-5186	-8480
-2098	-1760
13959	-15201
-3333	-1760
17046	-5120
-11361	-5120
-9509	-5120
-4568	4960
-11361	8320
5313	-11840
2225	8320
-2098	-11840
2843	11681
-4568	4960
-6421	8320
-1480	-5120
-3951	-11840
-7656	11681
23222	-11840
-1480	-8480
9636	-8480
17046	-5120
-8891	-5120
-1480	8320
-5803	28481
-11361	4960
372	4960
15811	-5120
-7656	8320
16429	-11840
2225	18401
9018	-5120
-3951	8320
8401	-11840
-2715	1600
20752	-5120
-10126	11681
990	-5120
-9509	-1760
-2098	-8480
-11979	18401
-7656	-1760
-245	4960
-6421	8320
-8891	-5120
-8273	18401
-5803	15041
17046	-5120
-2098	-8480
-13831	18401
17046	-8480
9636	-5120
-2098	-11840
17664	-18561
16429	-11840
-2715	-11840
-9509	-21921
-6421	11681
990	8320
-15067	4960
-9509	8320
3460	1600
2225	-1760
-5186	11681
28780	-11840
990	-5120
-3333	-11840
9636	-5120
-7656	-8480
-3333	-15201
-11361	11681
5930	-15201
-8273	15041
-863	8320
12106	-11840
-5803	-5120
-11361	1600
23839	-5120
-10126	18401
2843	15041
-13831	1600
-10744	11681
372	21761
-18772	-1760
3460	15041
-10126	11681
30015	-8480
-5186	8320
-10744	11681
-10744	4960
10253	-1760
-245	-5120
-10744	-1760
-2715	-1760
7783	-8480
-8273	8320
-1480	1600
-6421	-1760
-12596	11681
-863	-5120
-10126	11681
11488	-15201
3460	18401
8401	-1760
-2098	-8480
15811	-15201
1607	-5120
30015	1600
9636	-15201
-3333	4960
-13214	8320
5313	4960
-11361	8320
-2715	-8480
-12596	4960
-11361	-1760
-5186	-11840
1607	-15201
-8273	8320
7165	-11840
-7656	-1760
-10744	-5120
-5186	8320
-8891	8320
17046	-11840
24457	-11840
7783	1600
-10126	18401
-2098	8320
-863	-5120
-17537	11681
-7038	11681
9018	-11840
-863	8320
-5803	-11840
-3951	11681
-10744	15041
-11979	8320
8401	-11840
10253	-8480
-6421	-8480
-1480	15041
4695	-1760
-1480	-11840
3460	8320
-11361	25121
2843	-5120
-5186	-11840
-8273	-1760
372	-8480
-4568	8320
-7038	15041
11488	-1760
-12596	-1760
-12596	4960
7783	-5120
18281	1600
-3951	-1760
-5803	-5120
8401	-8480
-13831	11681
-7656	8320
-7656	4960
6548	-5120
-10744	8320
990	8320
-7656	-5120
-8891	1600
3460	1600
-7038	1600
-7038	8320
-8273	1600
16429	-15201
16429	-8480
-2098	4960
-5186	8320
2225	8320
-6421	1600
-10126	4960
-4568	-11840
-10744	1600
7165	-8480
5930	8320
-7656	11681
2843	-5120
-5186	4960
25692	-11840
-11979	18401
-5803	-1760
-11361	11681
-8891	-1760
15811	-8480
372	-5120
1607	1600
13341	-1760
-11979	4960
15194	-5120
-2715	15041
-3951	-15201
-13214	21761
-10744	18401
13959	-11840
-3951	-5120
-245	28481
4078	-8480
7783	8320
-2098	-18561
14576	-1760
-863	-8480
-15684	-1760
-8273	4960
1607	1600
-5186	4960
-8891	-5120
-5803	-18561
2225	1600
-8273	-1760
-8891	11681
31868	-8480
372	11681
-2098	-1760
5313	-15201
-2098	8320
372	11681
7165	-15201
-8273	4960
-7656	18401
6548	-1760
4695	11681
-8273	11681
-7656	18401
-245	11681
-6421	15041
-1480	4960
25074	-8480
990	15041
-7656	15041
-5186	-5120
11488	-5120
-7656	4960
-8273	15041
-11361	11681
1607	-5120
28780	-1760
-5186	-1760
-7656	11681
-7656	8320
-8273	4960
-245	-11840
-2098	-5120
-1480	-1760
-3333	8320
4695	-8480
-2715	-1760
-6421	1600
-10126	18401
24457	-1760
-245	11681
-2715	-5120
20752	-5120
7165	-15201
-5186	-1760
-5186	1600
2225	1600
-8891	18401
10253	-5120
372	-8480
-5186	15041
-10744	1600
-11979	1600
-6421	-1760
-863	8320
-2098	-11840
-2715	-15201
16429	-15201
-8273	1600
3460	18401
7165	-5120
2225	-5120
8401	-15201
-7038	15041
372	-11840
-7038	18401
-8891	18401
6548	1600
-8273	4960
-5803	-8480
-10744	8320
9636	-11840
7165	-8480
4078	-8480
18281	-11840
10871	-5120
-863	-11840
-6421	-5120
13341	-11840
-11361	-1760
-7038	-8480
-8891	1600
-863	11681
-245	-5120
17046	-8480
7783	-5120
-16302	4960
-10744	15041
-10744	1600
21369	-8480
-1480	-1760
-7656	-1760
-4568	8320
-15067	4960
2843	-11840
12106	-8480
-3333	8320
-10744	15041
1607	-5120
2843	-18561
9018	1600
-1480	4960
-7656	4960
8401	-15201
7165	-5120
-11361	1600
-7656	-8480
-2098	-5120
-7038	-5120
32485	-5120
2225	11681
-10126	1600
15194	-11840
-2715	15041
4078	21761
-5803	-5120
10253	4960
-1480	-5120
1607	11681
-4568	8320
5930	-1760
7165	11681
-6421	8320
-1480	11681
-8273	-8480
2225	8320
13959	-5120
-8273	18401
5930	-8480
-5803	-5120
-13214	1600
-11979	18401
-7038	18401
-245	-1760
18899	1600
5930	-5120
2843	1600
-8273	15041
5313	4960
-8273	1600
-1480	-5120
5313	15041
-8891	-1760
12723	-1760
990	-1760
-2098	-1760
-863	1600
1607	-11840
-10744	11681
-7656	-8480
1607	-8480
-12596	21761
-7038	-8480
17046	-15201
-5803	1600
-3333	8320
-13214	18401
-10744	1600
33103	-5120
-2715	-5120
-3333	1600
3460	8320
9636	-8480
4695	-5120
18281	-15201
-2715	-11840
-5186	1600
1607	11681
2225	4960
-9509	11681
-1480	-15201
-863	-5120
11488	-8480
2225	-8480
36190	-5120
25692	-5120
990	4960
-6421	-1760
-4568	-15201
-13214	4960
-4568	8320
4695	-1760
1607	-11840
-8891	4960
1607	-18561
-2098	-15201
12723	-5120
-5803	4960
-7656	1600
1607	-15201
13341	-1760
-10744	18401
2843	1600
-6421	-1760
13341	-15201
-5186	8320
-2098	1600
-245	-11840
-9509	1600
1607	4960
12106	4960
-7656	-1760
2225	-1760
14576	-8480
-10126	-1760
25074	-1760
-6421	8320
18899	-1760
-8891	11681
-14449	15041
-245	1600
-5186	4960
10253	-15201
-6421	18401
2225	-11840
-8273	4960
4078	-5120
12106	-1760
6548	-5120
-2098	-8480
-7656	8320
-10126	8320
-2715	1600
-7656	-1760
-1480	21761
22604	-8480
-863	-8480
-5186	8320
-4568	-8480
990	1600
-863	15041
26310	-1760
-1480	-11840
372	11681
-7656	1600
-1480	-11840
-7656	-5120
-6421	11681
4695	4960
23222	-5120
-7038	8320
-5186	11681
8401	-5120
-11361	15041
12106	-1760
-8273	-1760
16429	-11840
9636	-11840
-5186	-5120
13959	-8480
-9509	1600
8401	-5120
20752	-5120
-7656	11681
4078	8320
-9509	4960
30015	-8480
-11979	8320
-7038	8320
-2715	-8480
10871	-5120
-8891	15041
-11361	1600
-10744	8320
-8273	-1760
-8273	8320
-11979	8320
-11979	8320
-10126	8320
21369	-8480
-10744	4960
-10126	1600
-4568	-5120
1607	-18561
-5186	8320
1607	-1760
5313	-1760
31250	-5120
3460	-8480
6548	-11840
4695	-11840
-15067	1600
-8273	-8480
-863	-5120
-1480	-11840
-13214	-1760
-3951	4960
-5186	-1760
28780	-1760
13959	-15201
5930	-5120
12106	-5120
13959	-5120
4695	4960
-7656	11681
1607	8320
23222	-11840
3460	1600
-6421	4960
3460	15041
9018	-8480
18281	-11840
23222	-11840
-7038	1600
6548	-1760
18281	-1760
15194	-5120
-7656	1600
-8273	-1760
10871	-8480
-7038	4960
-10744	-1760
-7656	4960
-2715	-11840
-7656	15041
-3951	1600
-8273	-1760
4078	-15201
-9509	8320
-5803	11681
-5803	-5120
-863	4960
-16919	8320
-3951	-5120
4078	-1760
1607	11681
4078	-1760
-12596	4960
12723	-8480
-9509	4960
372	-11840
13959	-11840
3460	1600
-3951	-11840
-5186	15041
-3333	18401
-5186	11681
-1480	-8480
372	-5120
990	11681
23839	-11840
17664	-8480
16429	-15201
-3951	-8480
10871	-5120
-6421	11681
-5803	-1760
-7038	8320
-245	-8480
8401	1600
-7038	4960
-7656	-11840
4695	15041
-11361	8320
-8273	-1760
22604	-11840
12106	-11840
-10126	11681
-9509	1600
-6421	31842
7165	-1760
5313	-1760
27545	-8480
-4568	1600
-8891	18401
2843	-11840
30015	-8480
-5186	-11840
-8273	1600
3460	11681
-2715	-8480
-6421	1600
-9509	8320
-6421	1600
-8273	8320
7783	-1760
-10744	-1760
-863	-5120
-12596	8320
-863	4960
5930	-11840
3460	1600
-1480	-1760
-6421	1600
-3951	-5120
-2715	-11840
-8273	1600
7165	-11840
21369	-8480
990	-8480
16429	-11840
-3333	28481
-13214	1600
8401	-5120
-1480	-1760
-5186	8320
18281	-1760
10871	-11840
-1480	4960
9018	-8480
-10126	15041
-1480	1600
-3333	11681
-5186	-5120
13959	-8480
12106	-11840
2843	4960
-7656	8320
17664	1600
-4568	4960
-7656	21761
-1480	18401
8401	-15201
-9509	4960
-6421	1600
-5186	-5120
18899	-5120
18281	-5120
9018	-1760
13341	-5120
-5186	-1760
-2715	-5120
-13214	1600
-5803	-15201
3460	-1760
-12596	18401
-13831	1600
-5803	1600
-7038	18401
-8273	-5120
-11979	11681
9636	-5120
-863	-5120
-8891	-1760
990	-11840
-245	-8480
-12596	4960
8401	-8480
-5186	4960
2225	-1760
-4568	18401
-10126	8320
-8273	-1760
17664	-11840
-2715	-5120
-8273	8320
4078	-1760
-2715	-5120
-5803	-8480
-3951	-11840
-8273	-5120
-7656	11681
9018	-5120
1607	-5120
-14449	11681
12106	1600
-11361	4960
-4568	-8480
990	-1760
372	-8480
-4568	-11840
3460	1600
9636	1600
-5803	15041
23839	-11840
9018	-5120
-8273	4960
13341	-8480
-1480	15041
-245	4960
-8273	11681
-2098	-5120
17664	-11840
9018	-8480
19516	-11840
5930	-15201
-3951	-15201
-8273	4960
-5186	15041
4078	4960
2225	-1760
-1480	1600
1607	-5120
-5186	-5120
-5186	11681
11488	-5120
-5186	1600
-7038	-1760
-2098	-5120
-7656	18401
5930	-15201
9018	-5120
28162	-11840
4078	-8480
-8891	1600
2843	4960
18281	-5120
-8891	4960
17046	-8480
-1480	15041
-9509	11681
7165	-1760
-2715	4960
990	-8480
3460	8320
-14449	18401
2843	-5120
-6421	4960
-10126	11681
2225	-15201
-10744	1600
-2715	-5120
-8891	11681
-7038	-5120
-6421	21761
3460	8320
-3333	4960
4695	18401
-10126	18401
-7038	1600
13959	-1760
1607	21761
-8891	-5120
18281	-11840
-9509	1600
-10126	8320
12723	-8480
17046	-5120
-4568	-1760
1607	-15201
1607	-11840
-2715	11681
12106	-5120
-1480	-5120
-8273	15041
-5803	-15201
2225	1600
-2098	11681
26310	-5120
15811	-11840
-8891	15041
-15067	11681
9636	-8480
21987	-5120
-3951	4960
-9509	-15201
-13831	8320
13959	-1760
10871	-8480
26927	-1760
-863	-15201
-5803	1600
-3951	-5120
-8273	8320
23839	-11840
372	8320
23839	1600
25074	-15201
1607	-11840
-7038	4960
3460	-8480
-1480	8320
11488	-11840
-11361	18401
-17537	8320
4078	1600
4695	4960
-16302	1600
-5803	8320
-8891	-1760
-6421	-8480
-12596	4960
2225	8320
-1480	-1760
12723	-5120
10253	-15201
33720	-11840
-5186	4960
-10126	11681
-11979	8320
-7656	8320
-2715	-15201
-12596	1600
-8273	8320
-7038	1600
-1480	-1760
5930	4960
-13214	11681
-3333	1600
-7656	11681
9636	-5120
-5186	18401
-5803	-15201
990	-15201
-8891	1600
-8273	4960
7165	-1760
-1480	1600
7165	-11840
1607	18401
-2715	1600
-863	-11840
1607	-11840
7783	4960
-8891	15041
11488	-1760
-8891	11681
-7656	1600
28780	-8480
-5186	-5120
-5186	-1760
5930	11681
-7038	-1760
990	21761
-8891	15041
-10744	15041
18281	-15201
2225	-5120
21987	-11840
-6421	-5120
-7656	1600
24457	-5120
18281	-11840
5313	-5120
2843	-5120
2843	-8480
-13214	4960
-6421	4960
-6421	-1760
-1480	-1760
372	-11840
-1480	-8480
-6421	-1760
-18772	11681
-6421	8320
2225	4960
-11361	4960
-3951	-11840
1607	4960
-1480	-5120
-4568	-1760
-18772	11681
-13214	8320
-863	-5120
3460	11681
9018	-1760
-11979	-1760
1607	-1760
372	11681
2843	18401
9018	-11840
-8273	11681
-8273	-5120
-10126	-1760
-10744	18401
-3951	-11840
-13214	4960
2225	-11840
-1480	-8480
-9509	18401
4695	-1760
-5186	-15201
-7038	-1760
4078	1600
-8273	-1760
9636	-1760
-5186	4960
-7656	15041
-2098	-15201
25074	-8480
3460	15041
-10126	1600
5930	-11840
5313	-8480
-5186	-1760
-1480	11681
7165	1600
5930	-1760
1607	-5120
16429	-15201
8401	-5120
372	-11840
-11979	8320
-4568	-15201
20134	-15201
14576	-5120
-5186	8320
17664	-15201
-10126	25121
-8891	1600
30015	-11840
-2715	-15201
-5186	1600
-2715	1600
-9509	-1760
990	4960
-7656	1600
-1480	8320
-5803	1600
3460	25121
4695	4960
-8891	4960
-2098	-8480
8401	-11840
7165	-5120
7165	-11840
-8891	1600
9636	-5120
15811	8320
-863	-1760
-10126	21761
-5186	8320
4078	4960
4695	-15201
-5186	-1760
8401	-5120
13959	-11840
5930	-11840
-7038	18401
10871	1600
10871	-11840
-6421	-1760
18899	-5120
-8273	-5120
-2098	1600
1607	-5120
11488	-5120
-7656	8320
-13831	21761
3460	-11840
9636	-5120
-1480	-8480
-5186	-1760
-6421	-5120
15194	-5120
-9509	8320
-10126	18401
33103	-5120
7165	-15201
5313	1600
10871	-1760
12723	-8480
-5803	1600
-2098	-1760
-1480	-8480
-10744	8320
17046	-15201
5313	4960
3460	-18561
-5186	-5120
-3333	-11840
3460	4960
-7038	15041
-7656	-15201
-2098	8320
12723	-8480
-13214	8320
1607	-15201
5313	1600
18899	-18561
-863	-5120
10871	-1760
-11979	4960
-9509	8320
4078	11681
2225	8320
16429	-5120
-2098	15041
4078	1600
-2715	21761
4695	-8480
10253	-1760
-4568	-15201
22604	-15201
3460	-8480
7783	-1760
-7656	-1760
-8891	4960
-10744	15041
-245	-5120
-6421	4960
-5803	4960
-7656	28481
-6421	1600
-10126	1600
14576	-1760
-6421	-8480
-13831	11681
3460	4960
-4568	-1760
-863	-8480
10253	-5120
-4568	4960
-4568	4960
17046	-8480
-4568	11681
26927	-11840
4695	-11840
3460	15041
-863	11681
-5186	-8480
-16919	8320
-863	4960
5313	-5120
-5186	1600
18281	-15201
-5803	-15201
-245	-11840
-7656	15041
-3951	-8480
-1480	-1760
-8273	18401
372	8320
-4568	-11840
11488	-1760
-7038	11681
-8273	15041
17046	1600
11488	-5120
-6421	-5120
5313	-11840
-3333	-11840
-2098	-11840
17664	-11840
-5803	8320
-1480	-1760
-7038	1600
9018	-8480
-5186	-5120
-863	-15201
25692	-11840
12723	1600
-7038	1600
17046	-15201
21369	-15201
-2098	-8480
-15684	8320
10253	-5120
372	-11840
-10744	1600
5313	-11840
7165	1600
-863	-11840
-12596	8320
-2098	-8480
19516	-8480
2225	4960
15811	-5120
-9509	25121
-1480	18401
-10744	11681
-2715	-1760
990	11681
990	15041
-8273	1600
-1480	11681
-9509	11681
-7656	-1760
7783	11681
-6421	1600
14576	1600
-6421	-11840
-8273	8320
-1480	-8480
-11361	11681
-5186	8320
-245	-8480
19516	-8480
-2098	4960
-863	-11840
-3951	-1760
-8273	15041
17046	-1760
-10744	15041
10253	-5120
2843	-1760
-7038	11681
21369	-15201
26927	-15201
-5803	-5120
-4568	11681
12106	-15201
9636	-8480
-6421	15041
-6421	-5120
12106	-15201
-9509	4960
-10744	11681
-7038	1600
-15067	-1760
-8891	8320
-8891	15041
-3333	18401
-3951	-5120
-3951	-1760
1607	8320
9018	-11840
5313	4960
-10744	1600
-3333	-11840
-5186	-11840
-15067	8320
-3333	4960
-8891	21761
-2098	-5120
-2098	-1760
4695	8320
-9509	4960
1607	-5120
3460	-5120
-5186	-1760
-3333	-8480
-8273	15041
6548	21761
-6421	-1760
-3951	1600
3460	4960
-11361	15041
9636	-11840
-7656	-8480
14576	1600
-13831	15041
-3333	-5120
1607	11681
-15684	11681
-2715	-1760
28162	-11840
-6421	-15201
-2098	-5120
-2098	1600
-8891	4960
990	-5120
17664	-1760
11488	-8480
990	-1760
3460	-1760
2225	-15201
3460	-1760
-8273	1600
-7038	4960
-2715	-5120
2225	-1760
-3333	-5120
-2715	-11840
17664	-5120
-6421	21761
-10126	4960
-10126	8320
9636	-5120
-245	-8480
3460	18401
-4568	1600
-10126	18401
-2098	-1760
-1480	-11840
-5186	-1760
12723	-11840
-5186	-18561
-1480	-8480
13341	-8480
24457	-5120
-7038	-8480
-7038	21761
-1480	8320
5313	8320
-245	21761
-7038	11681
15194	-1760
1607	-1760
2225	-11840
-8273	15041
-10126	1600
-2098	-5120
-1480	-15201
990	-8480
13959	-8480
3460	8320
-9509	8320
2225	-8480
1607	18401
-10126	18401
-2715	-1760
-6421	18401
-8273	15041
27545	-8480
9018	1600
-2098	1600
2225	-8480
-4568	-15201
-2715	-1760
-1480	-8480
-11361	1600
-13214	4960
-7656	8320
-7656	4960
-7656	1600
-11361	1600
-10126	4960
12723	-5120
-2715	-8480
-6421	-5120
-5803	1600
-7038	11681
-7038	1600
8401	-15201
-7656	11681
4695	4960
-7656	28481
-4568	1600
7165	-11840
-11361	-1760
-863	-15201
2843	-11840
-5803	-5120
7165	-5120
7783	-1760
-6421	11681
7783	4960
-9509	-1760
-9509	-1760
-2715	-5120
-7656	-1760
25074	-8480
-5186	1600
19516	-15201
23839	-5120
-3951	-15201
20752	-8480
2843	-11840
-245	-15201
-7038	-8480
-1480	-1760
-9509	1600
-2098	-1760
16429	-11840
-2098	-11840
15811	-11840
17664	-1760
-3333	-5120
-3333	-5120
-6421	15041
13341	-15201
4078	15041
13341	-8480
-13214	11681
-6421	4960
-8891	1600
8401	-1760
4078	-1760
1607	21761
-6421	-5120
1607	-15201
7165	-8480
-8273	15041
3460	1600
-12596	21761
990	-15201
-10126	11681
-6421	15041
-13214	15041
-10126	8320
-7656	18401
3460	-8480
-3333	15041
16429	-5120
-7038	-1760
5930	-11840
-7038	1600
372	11681
7783	-5120
-5186	-8480
19516	-8480
2225	15041
-2715	1600
-8273	18401
20752	-11840
-1480	-1760
-8273	15041
-2098	1600
-5803	-1760
3460	-11840
26927	-11840
-5186	15041
-8273	15041
3460	-5120
13341	-1760
-15067	15041
-245	11681
-3333	-11840
990	-5120
-5186	4960
1607	4960
-10744	-1760
-7656	11681
372	11681
-245	-1760
3460	-15201
6548	4960
-9509	25121
5313	-15201
372	-5120
-8273	18401
-245	18401
-8273	18401
-6421	15041
8401	-11840
-3951	4960
990	11681
-18154	1600
-8891	18401
5930	-5120
-3951	-8480
-245	-8480
5930	-11840
-9509	4960
-863	-1760
-245	-11840
-8273	1600
-2715	-5120
10253	-11840
-11361	1600
-8891	8320
-1480	4960
-11361	-1760
9636	1600
3460	-5120
372	4960
-12596	8320
5313	-8480
-14449	4960
-3951	-11840
-7656	-1760
-5186	-5120
-5186	1600
2843	4960
-9509	4960
-9509	-1760
3460	8320
17046	-11840
5313	4960
-245	11681
-5186	-5120
2843	-5120
-9509	11681
1607	-11840
-4568	-15201
-8891	4960
-3333	-5120
10871	-8480
-8891	4960
12723	-11840
15811	-18561
-863	-11840
-1480	-18561
10871	-11840
18281	-8480
-7656	11681
372	-11840
8401	-15201
28162	-5120
-2098	4960
-6421	1600
1607	-1760
-5803	11681
1607	4960
-3333	-15201
9636	-15201
-9509	11681
-8273	-1760
-245	-8480
-245	11681
-13214	8320
4078	1600
13341	-8480
1607	4960
10871	-1760
9636	-8480
15811	-11840
-3951	-5120
-10126	11681
18281	-15201
-7038	4960
3460	11681
-1480	1600
18281	-5120
7783	4960
5930	8320
26310	-5120
-6421	1600
9636	-15201
-8891	8320
25074	-5120
13341	-11840
-8273	-1760
-245	-1760
-1480	-5120
9018	-5120
-13214	8320
-3333	8320
-8273	4960
5313	-5120
-7038	11681
-10126	15041
-5186	-5120
-15684	1600
24457	-1760
-13831	8320
-7038	-1760
-2098	-15201
-10126	4960
20752	-5120
-9509	18401
25074	-5120
990	1600
-7038	8320
-5803	1600
3460	15041
-4568	-1760
-9509	21761
-9509	-1760
-8891	-8480
-2715	-5120
-1480	-15201
-6421	11681
372	-15201
3460	-8480
12723	-11840
372	-8480
-6421	-1760
-15067	11681
-10744	11681
372	-1760
-863	-11840
23839	-8480
-7656	8320
-6421	4960
9018	-5120
-11979	11681
-9509	4960
-10126	11681
-5803	11681
-7038	18401
10253	1600
-11361	11681
-5803	-8480
-6421	-5120
-1480	-8480
-3951	4960
-8273	18401
-5186	11681
-3333	-11840
-7656	-1760
-7038	4960
-7656	1600
1607	1600
3460	-11840
5930	-18561
-1480	21761
9018	1600
9636	-8480
36808	-8480
8401	-5120
-863	-5120
-8273	1600
-8273	1600
-7656	-1760
-12596	15041
-5186	-8480
-5186	-5120
-4568	1600
-6421	21761
-5186	-15201
-2098	11681
4695	-8480
2843	-11840
-245	11681
-5803	8320
-7038	15041
-1480	-11840
-8891	-1760
-7038	-1760
2225	15041
-14449	11681
-7656	8320
-3951	-1760
-10126	4960
990	4960
16429	-11840
-7656	-8480
-5803	-1760
-7656	25121
9636	-5120
-5186	-1760
-7038	18401
-7656	4960
13959	-5120
990	15041
-4568	-8480
9018	-11840
8401	-5120
-4568	-8480
-1480	-11840
-1480	-8480
-11361	11681
21369	-11840
2843	-15201
-3951	-1760
4695	18401
-5186	-15201
-245	-15201
5313	-5120
-13214	1600
-8273	4960
3460	-5120
-7656	18401
15194	-8480
-6421	-11840
-10744	1600
-6421	15041
-1480	4960
-5186	-15201
-7656	-1760
10871	11681
2843	-11840
-9509	4960
13341	-11840
7165	-15201
4695	-11840
-3951	-11840
-7038	1600
-1480	-5120
26310	-11840
-1480	-8480
13959	-5120
33720	-5120
17046	-5120
-8273	1600
-5803	-15201
9018	-5120
-7038	-5120
-7038	1600
18281	-11840
9018	-15201
10253	-1760
22604	-1760
-5803	1600
-14449	11681
-7656	25121
4078	15041
10253	-21921
-5803	1600
-12596	8320
2225	-15201
-8273	-1760
-4568	11681
-3333	-11840
-7038	8320
-7038	-1760
-5186	18401
-3333	-11840
-11979	11681
-13831	15041
2225	11681
-3333	-15201
-2715	8320
-8273	4960
-11979	-1760
-245	-11840
17664	1600
16429	-8480
-7656	-8480
-245	4960
-2715	-1760
7783	-1760
-10744	-1760
5313	-8480
9018	-15201
-245	-8480
4078	-8480
-2715	-8480
-10744	1600
16429	-11840
-10126	21761
-8891	11681
7783	-15201
7165	4960
990	11681
-3333	-8480
-2715	-11840
-7038	4960
13959	-1760
-3333	1600
11488	-8480
8401	-11840
11488	-8480
-11361	11681
-8273	-1760
-2098	-5120
16429	-1760
-8891	18401
-5186	-5120
-3951	-8480
-14449	-5120
17046	-5120
-3333	-11840
-245	-1760
-5803	-8480
-3951	-5120
-5186	1600
-4568	-18561
-4568	-1760
-3333	1600
-13831	8320
-4568	1600
3460	-8480
-6421	8320
-4568	-11840
990	8320
-7656	8320
-5803	1600
4078	8320
-8273	15041
23222	-11840
-7656	11681
7783	-11840
21987	-15201
-4568	21761
-10744	11681
8401	-15201
-11979	15041
-2715	-15201
-11361	15041
-8891	8320
5313	11681
17664	-15201
25692	-11840
-5803	15041
-3333	11681
28780	-1760
-6421	8320
-1480	18401
-5186	4960
-5186	15041
-5186	4960
-863	-15201
13959	-11840
-7038	4960
12106	1600
-13831	-1760
-4568	-5120
9636	-8480
-245	-11840
-10126	4960
-5186	-1760
3460	15041
-863	15041
-8273	21761
-15684	11681
-7656	11681
-14449	15041
2843	4960
13341	4960
6548	-11840
-2715	-15201
-10126	15041
1607	-11840
-7656	4960
-245	-8480
-14449	15041
372	-5120
12723	-5120
-5186	4960
13959	-11840
-13831	8320
13341	-5120
-2715	-1760
-6421	-1760
-8273	8320
-7656	15041
7783	-11840
-8891	-5120
-4568	25121
372	-8480
-3333	-8480
-245	8320
-4568	-5120
5313	15041
19516	-8480
25074	-5120
-5186	-5120
-5803	11681
5930	-1760
-8273	-5120
-11361	1600
-2098	1600
-9509	8320
-5803	-5120
-863	-5120
5930	-11840
5313	-11840
-6421	1600
-7038	-15201
5313	8320
-11979	1600
-10126	-1760
-3951	11681
990	-8480
-3951	-8480
23839	-5120
-5186	15041
-5186	1600
-13831	4960
17664	-11840
34338	-11840
-4568	1600
4695	21761
-12596	1600
2843	4960
-13831	8320
-7656	1600
990	11681
5930	-5120
6548	-1760
-4568	-11840
-6421	-11840
8401	-11840
-4568	-8480
25692	-1760
-8273	4960
5313	-15201
-7656	-8480
372	-5120
-863	-11840
1607	8320
-3951	-15201
-12596	18401
20134	-11840
9018	-8480
12106	-8480
-10744	1600
2225	-5120
-10126	11681
-2715	11681
-8273	1600
-5186	-5120
-1480	4960
10871	-5120
-15067	1600
-3333	-11840
7165	-11840
990	-5120
-9509	-1760
-11979	1600
9018	-5120
-6421	11681
-8273	18401
2225	-11840
3460	-5120
-8273	8320
-5186	1600
4078	-1760
11488	-8480
-7656	18401
22604	-15201
-5186	11681
-2715	-11840
-5803	25121
-7656	8320
-2098	4960
-6421	-1760
10253	-1760
1607	-5120
20752	-5120
-1480	-15201
