5771	22690
-5435	-5607
1621	-9409
1482	-10349
-14428	-7013
10475	24472
1621	1360
9230	-9151
237	-7691
-1838	16953
4249	-3559
-5435	2260
-3222	-3396
2866	-11376
5633	3675
4388	-6683
-2806	-8121
8400	12952
-9032	5221
9645	20028
11858	-6172
-9724	5334
3696	2798
-1561	9394
9921	10280
6324	17179
9230	-9698
3972	-8867
13242	-2682
-15673	5886
-8340	22623
-2253	-9802
7708	-2804
5633	-5892
-1976	3693
-13044	-2664
2866	19743
4249	185
-178	-5761
6739	11505
10613	-466
-7095	-10141
4388	-3432
-1146	-7054
1344	17080
-9309	19996
-14428	-747
7708	-7763
-731	6514
7154	-4874
9091	-9224
-8202	-11141
652	-12348
791	12645
-12767	2233
-7095	-11932
-15119	-5064
-8617	-8844
11720	-11570
-6127	-7551
10890	13947
-4882	298
10613	-168
7154	-1976
-4190	103
7708	6731
12550	10131
1482	-11439
-1976	-3559
-1976	-9640
-2115	3444
3557	-10114
4941	-1895
-17333	11632
16147	6799
-1976	-11647
13657	14937
3557	14937
16562	-5299
3972	2151
-9585	-8984
-8064	-11493
-12491	-12158
-1423	3101
2589	-3862
9921	-8631
-9309	1735
-12076	-9979
-8755	-6877
14348	668
-12906	-9423
-7095	5438
-7649	-9726
929	-5480
2727	-7031
15179	-1511
-22037	-5950
14072	-5905
14072	-11493
-12767	-7718
-1423	-7293
-40	-6552
-9585	5266
-7787	-3871
2174	-1077
-2253	2793
20021	-6936
10198	3372
-13459	-8329
8538	-1050
-11799	-9988
-15534	-6864
5356	1071
-4190	-9640
4664	-10720
10336	-6077
10198	-5869
-5297	-11471
4664	-8848
-21483	-10711
20021	-7619
16009	5135
-11661	12604
-1423	14657
-9724	-5525
-10692	-7682
7570	-10413
7570	-11706
13795	9249
-5988	-11398
-10000	-8858
8538	12161
16285	-12547
-10416	-4526
9091	-8487
7154	18328
-1423	6677
8261	-3175
1621	-8957
-9309	-1099
791	-3107
4388	-9531
-10692	-11642
-19270	17446
6186	-12768
-6265	-1059
-20792	3946
-1285	-11701
-12906	16971
-26602	-3893
5909	9457
-14151	12477
1206	-6353
21819	-11932
-8755	-11082
13933	6324
-7095	985
11028	-12004
-6403	-12289
-15949	-10752
5079	15077
-2806	-5702
-3222	-9667
-6957	-6470
-15949	-8677
11997	-3337
8123	-231
-2115	-10765
-13736	-6145
-3913	-9165
-3498	-4228
-8894	-8867
7708	-4011
-5435	-12972
9091	-5828
-6127	-82
-7649	24399
1482	-12425
4803	-8152
9783	20376
-18301	20321
13103	-4784
-8755	22275
3419	1604
929	20701
-9724	-6231
-16641	3978
-16918	-8518
-12906	-9798
2036	21348
-40	12107
4111	-10612
6186	-11801
-11661	17301
-9585	17234
-6403	-5435
-10000	-11457
-14428	18305
-10416	12333
13933	-10340
-3498	2671
12550	-9436
16839	3901
8123	-10634
-2668	1148
9645	-4034
18776	-5675
1621	827
10890	-3699
-10277	-3062
-8064	-10779
237	-3948
-8755	872
-6403	4434
-17056	-7980
-4882	-2799
-6403	-8627
-8340	-3586
17530	8286
-17195	2707
9783	3616
-10831	-8351
-10139	23644
-3360	-7800
99	8002
15179	-9685
12273	13083
9645	-136
2727	3607
11167	-8356
-6819	-8026
7154	-7922
9921	3300
10890	-10444
-1423	13092
19882	-11715
7570	12943
-15119	-8003
-8755	-1732
99	-7397
23618	-7813
-12352	-6823
14764	5072
8400	12265
-20792	-4911
6048	-5363
3281	11239
2312	786
-13874	-9576
-14981	-1990
12688	8002
-3913	-10245
-3913	-6832
1344	-10851
-10000	10285
-4743	-674
10336	-11019
12827	-9522
-4743	-2655
14764	-1050
8261	-7831
-12352	-5232
-1561	-1768
-1976	-9477
12412	17993
514	16962
15732	-8089
8953	2576
-12491	18780
-9447	-1131
2312	-6864
9230	-6814
-3498	6157
2589	6284
-9309	-11869
6324	7730
-10969	-12728
10198	-8247
9921	-9061
-17056	167
3419	11623
11028	-12624
9368	-7357
1206	-7528
-6819	-6538
-16364	13838
11720	8892
19191	13666
-7787	10230
-7787	17989
-11661	-8102
9368	15222
-1423	-8383
-2530	-10707
-4190	13205
12412	-8473
-10277	9950
2589	-11652
11582	-3939
791	-10820
13242	-2695
2036	-12520
-3637	-12185
-6819	-4635
99	-6086
15732	-3401
4941	-10603
-6957	11677
12412	2983
5633	17044
16147	-6633
4249	-6724
13242	-9246
8538	-6149
9921	8707
-11661	12346
-4882	-7628
13103	-7664
11167	2287
-4882	-10340
-26740	1541
-15811	2649
-13874	501
11720	-9224
2036	-11227
-870	12645
-5435	-6421
-1976	-9264
9645	10452
2312	13115
-8755	-4784
-1838	-7854
-19823	-3857
-20792	25258
-40	-1583
-9585	-10869
4941	-4965
16562	20593
10613	-12985
-16503	9050
2589	13282
-1285	19074
9645	-6023
10336	1414
-455	20963
8400	9733
15455	1907
13380	-11647
-13736	-6755
16839	-7628
-9447	-6036
10613	20511
237	-10453
-11799	-12777
5909	4385
3972	-12230
-15119	6727
-10692	-8636
6048	-6335
-2530	19390
-5988	-281
929	-1511
8815	-7189
15455	-2971
791	1469
-18716	6876
652	-8021
-178	3892
-9585	1930
7016	17663
-3360	-5467
9091	-7415
6878	9078
-17056	-10670
-11522	-11615
-13182	12970
-7649	953
-15811	12129
-5712	-8121
2727	20841
-8064	-11077
4941	-281
-10416	12875
12965	13237
7016	-9500
-2806	11700
19882	-10725
-6403	-3360
17254	-769
6739	-390
-6957	1175
-5573	1722
791	10592
-6957	7355
-28401	-12235
-870	-5914
-23282	-11358
-21345	8508
13657	21049
-16364	11736
13657	13694
-6957	-11245
5494	-5896
-16918	-10978
13242	-11046
1897	-7456
9506	2802
5771	15791
-16226	-4798
-1976	11546
3696	-9902
-5988	-12813
9783	-2492
-23835	9846
9091	-412
-4743	16343
-9447	-10901
2727	20783
-10831	23228
-11384	2156
14348	619
6048	-10449
-4743	-8392
-20100	10280
21266	-9287
-18993	2106
5356	1392
16562	-7519
791	22587
-12767	-11123
-1976	19069
3972	-11855
-2945	-1922
6186	-9911
-14981	-12560
-8064	-5489
7846	-4305
-7649	-4739
1344	-7108
11582	-11724
-12214	-8274
1344	-371
-11107	-9346
-4605	9991
-5297	-1705
9783	13201
-3913	17573
-2253	5348
1206	15280
-5297	-2768
-17056	-1963
-13459	-3102
929	7436
-6680	-10585
-7095	15769
-16503	17121
237	-4969
-6403	-11507
-7649	-11679
2727	-5431
-23420	6062
-5020	-8903
1897	-8469
929	16673
3972	20398
-5712	-7944
-14151	6347
1206	-5155
-13182	-8342
2727	-5087
3557	-4630
-8894	-10173
-1146	-3812
-11384	-385
6048	11636
-455	5529
-22175	-335
-13736	-8252
-4882	-12176
17115	-11751
12273	-12384
-6957	-9902
-14428	8390
17254	23500
929	-928
13103	8268
-7510	14575
-455	10131
-18716	302
13657	2807
12550	8327
-13459	-12578
15455	-1619
4249	-8035
-8617	-12190
-3222	-8577
-15673	-7637
7846	-5150
16562	-12429
18222	9620
9230	-1312
11028	8612
6878	12138
19606	-9011
7985	-7370
-13182	-5485
4249	-11340
-5297	-11254
4111	-8862
-14428	17175
8400	6152
-6680	15791
4111	-7388
-5435	-3419
2036	3643
11305	-2157
-593	16510
-6680	-78
-18440	-11312
-2806	-10508
2589	-6073
16285	-6588
13657	1957
-4743	9783
-6127	-12009
-2115	-5318
-25634	-1642
6324	-254
-2668	-5883
13933	3584
7154	-7628
-10692	6948
-4052	19458
-6403	15389
6186	8196
-9032	-11127
3281	23631
2312	6966
8123	3431
16009	1003
-2668	-8442
-5712	-2655
99	-13080
4664	17649
-1561	-6371
237	-7076
-178	-444
-4743	-12963
5494	13336
-5435	-3310
13795	10773
18637	6311
-5020	-9359
-11107	-7863
-7510	5212
7708	-4079
-14843	17975
-9447	-5458
2866	17202
791	-10462
-3637	11117
4803	-8487
-6403	10285
9368	8589
-5988	2409
23341	21610
-5712	12577
14625	-9536
-8894	-7017
9230	15556
5909	307
-2806	-1764
7570	-11507
9645	-11642
-13736	23586
6324	7653
-20376	1170
-5573	-12140
5633	16994
3281	-1429
9783	4882
8953	1686
-12214	20091
-8617	13734
99	-2763
-15811	-12705
-1146	-4603
13933	-10670
8261	-11145
-2668	-8925
3696	-3921
-8340	-9545
99	-96
-7095	-11294
8815	3024
10613	-10200
-593	8173
7570	6537
1344	12052
3696	-887
-15258	3331
19467	-8921
15317	-12018
6878	-3839
15040	352
6739	-8433
514	2802
-1838	6329
-8340	3304
7154	13486
-5297	24607
-8617	-1972
3004	1573
15179	1003
-7372	16804
-10277	1821
8953	3069
-10000	-6746
-2945	4778
-4328	-5697
-21207	-10214
-7510	-7149
10890	-5697
2727	-6520
6324	24843
-6403	8481
-14843	-3016
929	-4951
3972	-9427
3696	6514
-3637	16655
-1838	3096
7708	-4653
5356	3747
-2806	-8998
1482	-593
514	-11579
4111	3340
-5435	7450
-1561	-5729
652	12030
15317	-10978
-4882	-2786
-2253	12505
1897	15886
4664	-11240
-6127	14697
-18578	-6855
12688	-8564
-6957	-12104
-2806	-8270
-8064	-5860
-1838	-6791
-14151	-7551
14902	-8867
-9585	-5209
-870	18341
-10000	-9707
-9585	-5082
7570	-11484
-7372	-8243
-5435	5655
5633	-3423
17530	8711
-14566	-4056
7016	20656
13933	-5991
-5297	5330
-4605	-11231
11997	3218
-6957	2626
-21760	-1524
13657	12844
-9724	-7243
-3913	5040
6878	-7140
14625	18296
-4882	-2451
-3222	3865
-11661	-7347
7846	-9934
13657	-4748
13657	1564
2174	-12054
2727	-11272
-3222	20294
-10692	49
-4605	-6746
-11661	2264
-8755	1866
-9309	-6050
9091	-12167
10198	-8564
-2530	-7800
-6957	10077
17945	-10752
-9447	-2248
7708	-1321
514	-12655
14902	6265
-2945	1084
7016	-12307
-6265	11700
-1423	-1362
4388	6076
3281	-10738
4388	-2989
2036	-11746
-10692	-8717
8261	15999
8400	-6583
8538	-7162
8400	10339
2589	-5069
-14428	-5164
3419	67
-9724	21262
8815	-12529
-9724	-8283
6186	-12642
1621	-9671
-6127	-2297
-1146	-4761
4111	-3627
-10139	-11502
10613	-5494
-1285	-1262
-5297	-6498
22926	10972
3557	-5489
4249	-12398
11997	-11208
-5020	-6927
6186	-1931
-6819	4511
2866	2183
13795	-12239
-870	3490
11028	-2989
8538	-4770
1344	3670
-3637	-9047
7985	-2849
1206	10389
11997	1930
14348	-9581
-7787	-8491
18914	-9766
-17748	-7872
3696	-6588
20712	-6498
-3222	11745
99	-2754
10336	-12199
7016	-5742
-5988	-82
-11661	-10580
-3637	-2248
2727	12138
3557	13951
-13598	-4463
12412	-8704
3557	-12384
-15673	-3229
-4882	-6014
4664	-7759
-2530	298
-6403	15882
237	-9509
-14289	-10924
-17333	1098
-7372	-10417
5356	-7103
-7787	10502
13103	-8247
8400	5289
-4052	-1027
-15811	-3590
-14428	-5819
20297	10610
11582	-9816
7154	-10223
-8340	-8139
9230	23830
929	-12099
-14428	19928
-12352	9900
-8894	-7569
7570	-6995
7431	9833
-9309	5325
-1976	-8595
14487	-3762
-5988	-6226
-11799	524
-4190	7504
11720	5140
6463	20208
16147	-11199
-8064	13440
-8894	7201
-5435	-14
9230	-3862
-15258	-3514
-8755	-3559
14487	6433
1621	-10155
652	-6814
3419	-9843
-8755	-6253
7846	-9296
4249	-2501
-23143	7798
-178	11935
-16226	-3016
1621	-6629
99	2576
-39883	15222
-5573	-1705
2589	-12307
1206	5840
-178	-5010
11028	-5661
-8202	-11557
-14566	-5345
7846	-218
5771	1627
-5712	-4422
13242	-1728
3557	-6620
-5435	-3333
8400	11266
652	-11778
-11799	-4147
-7095	-8654
20574	12396
16700	2481
17807	14919
99	20507
-3913	-7461
-1146	3933
-4328	-1244
1344	2468
-6680	-9780
5356	-9504
-731	-10508
2312	-11828
-8617	13318
-10000	1315
-6403	3146
-2115	-11353
-13459	4172
-6265	10909
5633	-6118
-17195	7351
-8064	-12312
4941	5990
-9724	-2682
-1838	-5304
8538	-8460
-3498	-12307
5079	17387
-18993	-8062
-13736	-8961
5494	-3084
9921	15430
10198	5727
8400	-10291
-17056	-11380
-23835	-7727
-5020	8440
-9032	-9427
652	-4413
7708	-9174
17945	-1249
-9447	11288
-16364	2517
-3498	22433
6878	21004
-9032	-10467
-9724	-11973
3419	-12086
-3222	-8907
2312	9132
2174	-3373
9230	4000
-18301	-8478
-1976	15999
-5988	-6565
1206	-6543
18084	9444
1206	-8374
-21760	-9323
-6957	5185
9091	-5960
25693	15290
7846	7020
9921	533
-8755	2698
-5712	9403
-10000	22894
-10277	1993
8953	-12447
5633	-4929
7016	-7904
6186	8350
-12352	-3636
-10692	-3871
12688	-9409
-15119	-6077
15317	-4757
-11107	-6005
-19961	1301
-13874	-11995
-12214	24725
13103	7934
-8064	-7266
-3637	9426
-9309	-11005
9368	-1443
-6265	10321
237	-9454
-6680	13264
-11384	-8708
-7372	-10982
1897	-10340
-2668	-6918
-731	10488
-13459	12134
-15534	-60
-3498	-11674
-14289	-12398
11858	-12574
-14843	-8469
-9585	6510
4941	-4974
-3913	6595
2589	-9169
-14151	-1601
-16641	-2695
-12767	-7320
8261	18197
9091	-8858
-6680	-3111
8538	-5580
-1146	-3807
8123	21669
15040	-10793
10475	18554
14348	-11584
-14566	-4296
-593	26
-455	-12004
15455	-11181
-7787	13897
-2253	14254
-2945	-5770
-12906	-11968
13242	1464
10475	-11453
5079	13829
-17333	-7750
-6680	-760
15732	-6317
-12076	-5259
-15949	-10666
-4052	10782
-5020	-7601
-11107	7898
8261	6677
11858	-4228
1344	-1619
21404	-4440
2036	885
16839	-11371
1206	18766
3696	-6588
929	-9165
-10000	3318
-2945	-5498
11443	-7989
-14981	-2704
-12214	-11104
16839	17970
16700	7762
10613	-10087
11028	-10218
-8064	-2284
-15811	-5711
17254	-11177
-5988	16786
-4052	-9834
10890	-2148
-10831	-8537
16700	11320
3972	11786
-17195	6026
1482	3345
7154	-9563
-10969	-7501
5633	-8220
8953	-2112
-13044	15624
-2530	21583
-7787	-10359
-4052	20123
7846	-4463
-1285	15439
-4328	19499
7846	-9730
9921	-12366
-3498	-10331
-8202	-4540
-593	-4486
5356	1536
2866	-2926
-4743	-1954
-12767	-11208
-593	-7072
-11799	-12122
-14151	-10359
-8755	-7216
-3360	-9120
-455	-7185
-1423	16130
-7372	12568
-6680	-2392
-9309	21981
-13182	5167
-4882	-362
-9032	-317
-3637	4746
-7787	-10458
13657	-12560
-14566	6989
15455	1478
5079	-5060
2727	9503
-2945	-10933
-593	-4404
-4052	-10743
2727	16564
4803	-12366
8261	-11028
-17195	17148
-8064	3006
-731	-8984
16700	-7650
4664	1482
5494	-4038
13380	-498
9091	13825
3004	6351
5909	1455
12688	-1425
6324	-3120
5909	-2053
11443	-11593
17392	23396
21543	19869
-1285	-10349
-11661	-11891
12550	1410
13795	24503
-1285	-7366
12550	22365
11028	-512
5079	-8378
-20376	-1117
6463	-12601
5356	-11471
2174	-6488
11167	-8035
9506	-11756
11028	13214
5494	-12339
-6265	-4043
8261	-4644
11997	7111
-6819	-6240
929	14137
-13736	-4680
-5573	1862
-18578	-10417
7016	10529
-12767	20028
6324	406
7154	7572
-12076	-9264
6739	21004
-11522	15525
6048	-11882
14348	-982
2174	4240
8815	9837
5771	-308
-16226	12098
3972	16872
-16503	6392
1897	10145
-13182	-1009
17807	361
1897	-3812
16839	-489
-10000	-10553
-7787	-10449
5909	18793
10613	-8867
14348	2174
18637	11844
18361	-10634
-8340	7034
-4052	7920
-455	8910
-1561	-4264
-8064	-10417
-17886	6261
6463	-5367
-5297	-12777
-9032	14259
-7372	-7944
14902	-11552
-4052	-7103
-7787	-5756
-593	7884
-4882	7016
-40	-10426
6324	-10146
1482	-4906
-14843	21470
-8064	5813
10475	-9115
-17195	-3233
-10139	8241
15870	-11778
-2253	-2926
-10831	-5589
10890	-6059
-6265	-9703
-178	-955
8400	-11539
-3498	-5774
-9032	-2420
14902	5307
4664	-12515
-5435	293
8538	-7691
6739	-11019
7154	-8744
-11107	15430
-15258	6528
7431	7179
9368	63
12273	6636
-1976	17017
-7510	-11724
20851	-10756
8953	-12379
-2668	-3744
-8617	-2013
12412	-11267
-28954	-7583
-17886	1283
4664	-9328
-6403	-9802
4941	1012
2866	4245
-23420	-4847
-8894	8341
13380	-2013
7016	8142
8400	-5390
-21760	-10245
12550	-7149
17115	12391
-14566	-11561
-8202	-3952
9783	-6936
-12767	-10892
-8894	-5241
2727	2653
15455	-7067
5633	2947
-11522	-4011
-8755	7893
-2115	112
12688	-11376
-3637	16198
-4882	20783
-4328	-308
9091	-5539
8538	-12275
-10139	7694
-6680	9371
14072	-9273
7570	9842
6739	-11208
7708	-5657
-2115	-6222
-9585	20724
-3637	-1136
5494	-1642
6878	-8482
-9585	9335
99	-9545
-6819	-11529
4111	3792
-10831	2612
-12352	15122
20159	-10783
2312	-3084
-2253	-9255
-2668	-12190
1206	14431
-7095	-4802
7154	-11896
10336	-6642
-14289	-6972
4664	10551
-5435	2404
-11107	1568
-15673	13449
7016	-7375
-9724	3517
3972	4963
-18716	4620
5494	7323
-10969	-5204
3419	2368
-24389	-2397
-10692	-1646
7846	2206
-10139	3363
3281	-4513
7016	16185
10336	-4707
-2530	23866
-2115	-7153
-1561	-12524
-5573	-8243
-15673	-10625
-455	-12027
-2530	-3387
13242	-7451
-16364	-8961
-10416	-6692
-3637	-4088
-12352	2043
14348	-7085
-5020	-4915
6463	-2374
-8755	-10978
-178	25005
-9447	1744
4664	-729
6048	-10779
4249	-10901
-7649	21529
-13044	12590
5356	-10761
1344	-12239
-4328	-2560
-6819	10949
-455	6324
10613	-2284
-593	-12384
6463	22944
1482	-10883
-18440	-561
-10831	11212
7846	-6611
18499	-5168
-7372	-5024
-1838	8264
-3222	-12040
-7510	-335
10890	3205
-9032	3598
-17886	5963
7016	-503
-4605	2038
8261	-11665
-4605	9290
-1285	-7881
10890	-11380
-178	14349
-12214	12627
8815	2536
2589	7319
-2668	-10747
-3360	-1999
7570	-4626
2312	-8713
15870	-4969
-15258	4073
9230	19083
-18993	-10702
-11384	18305
21404	-8993
2866	5723
-455	6813
-8894	4136
16009	6794
-3498	569
4664	-9509
-13459	-2587
-15534	3205
-8340	-9029
-40	-8930
8261	-1059
-14151	9851
-14428	3241
-3498	15972
1897	-8921
-14151	-475
-1146	-4544
8815	22406
-2945	-1208
-9724	4724
-10831	3774
6186	-11575
16562	10343
-7510	-11688
15732	-1515
3281	9249
2727	11772
6739	6767
-870	-5259
-6957	-9129
-2530	-8939
13795	-6023
-2530	-1533
7985	-11642
14625	3227
11305	-2239
2174	-7203
-3498	-10797
8815	3928
7016	-12171
-2668	-9047
-9032	-3762
7708	-7117
1482	16637
7708	6378
-5988	-14
-17886	3467
9091	3051
4111	-11959
4803	5090
-8340	-5349
-6819	14661
-13459	298
-4882	-8026
-10692	7753
-5297	-2035
9506	7102
-5712	9900
-11384	-4522
13380	2802
-10692	12464
929	-12289
11167	-11602
2727	-7144
-7649	-12099
12827	-8758
-455	1500
8538	-9405
-14981	-4504
-178	-4630
3696	-11281
6048	16162
1206	13978
11443	-10634
-1423	20163
-1285	4850
6463	8888
-4743	13427
5079	3752
10613	-10101
6739	-6814
-593	-4183
6463	-2627
4803	-37
14625	-10277
-8202	-8053
13103	14978
-9309	-6543
-2806	-7474
8538	14828
-1561	-6434
1206	-8089
15732	12464
7016	7558
9230	9322
1482	2576
2727	-11299
2174	-7149
4941	22501
16147	-7628
8953	4371
-8894	-2239
-593	21307
-11799	-7357
2589	-6136
-10416	15945
-455	-7858
8261	-10146
12965	5895
-9309	2581
-11107	7283
12273	10999
11305	-3310
-6127	4688
-11661	5483
929	2264
9230	-8591
-1423	148
237	-11936
-7095	-7940
-2115	1772
11997	10226
-3637	913
-1146	-304
3004	3254
-178	-10006
-2253	-3595
-4743	-5828
14487	-7515
-18716	-9558
-10969	18961
-7787	-10729
-8340	11067
4941	7920
-4328	-8894
-17886	-6611
4249	-6832
-18716	-3021
20989	-3785
-178	11668
1621	2739
-14289	2680
-14843	-6660
5909	-8713
5494	10542
-11799	1636
-4328	9968
13242	-12013
2036	-5715
13103	3856
13657	22546
14625	-11719
5356	-6195
652	-3966
-19408	-4630
-5297	-8423
3557	-3581
-3913	-5128
-7510	21257
9921	-5114
-6265	-7913
-3360	7726
7708	16307
-4743	3661
6739	-3667
16562	4936
-5435	-815
12550	6207
-10277	3431
4803	13232
-7095	-1692
9645	-10413
-9585	7775
-15119	-9337
7985	-12601
-1976	-7203
2727	1197
7985	5379
-4882	11202
-9724	6487
14625	7242
-6127	9439
15732	16741
11997	-3541
8538	12871
4249	-6403
2174	12586
4941	-11778
-23558	9326
-25495	10249
5633	-5589
6324	411
-10000	6076
13795	-5797
-12767	15565
19882	-4187
8815	677
-21068	-10589
-9585	-887
-17056	-10209
-8340	-11539
16700	7152
-11799	-968
-3222	5488
9783	-5503
8400	10375
-3360	-5684
-3498	17419
11997	-9848
-10969	-286
10475	-9658
-21068	-2334
7846	-8826
17115	-3875
-15258	-3459
12550	-9527
4941	845
10613	7409
4941	19345
13380	-1240
-12491	-11498
2312	23491
5633	-10128
13933	-1339
-18440	15136
5494	-8835
17254	-4549
-6265	21746
-12491	4651
13380	25014
10198	-2637
-7095	-10630
-13598	-12113
11720	19566
-5573	-6737
6324	3462
12688	6039
-18025	284
-14289	252
13103	18766
8953	4670
4941	-10897
11028	18902
24448	8653
4803	-3107
-40	-11778
-9585	22392
-2945	-7637
-3360	-9676
15732	6297
2312	-11439
3004	-10092
15455	-2505
12827	-11823
-14566	-2881
1621	23934
2036	7382
3972	-7329
-731	-7587
13103	18070
514	-7736
-5573	-484
2866	10791
-6403	-100
7846	-11303
-17886	10773
-1976	-4915
-2945	13924
9368	10425
8261	-11887
-4605	18771
8538	2228
13933	4104
6878	-4449
-11522	-4223
-17610	16994
7846	-5507
-10969	9046
-13598	804
2866	-982
-8894	-7795
-2668	-9811
-593	-6638
-1561	-9477
12273	-5525
-3913	4358
-4052	-1217
2312	1885
7431	5976
2727	-8197
-10000	-4712
-7787	-12108
-9724	1071
15179	-2523
17392	-7108
12688	10077
10336	1975
-18301	8788
-5435	-11774
19882	-11742
13103	18350
-10969	-5272
-12076	11967
19606	24865
10198	-7140
-4328	12138
-15258	-10820
-14428	-11679
-5435	7161
16147	15556
-3360	20132
3004	11885
8953	-5661
-1146	40
-11799	18744
-3222	-3952
22926	-9246
-8202	7030
-14289	-12095
3972	-7198
12550	-4630
-3637	18757
12273	-6791
-10692	18481
9091	4055
-6403	14091
-2945	-5512
4941	5601
1621	14729
237	-32
-12076	-4739
5633	20123
6463	18418
8261	-11905
-6819	-10906
-5573	17880
-14151	-10851
-3360	-1122
-9447	2061
-4605	15312
12273	3146
-4882	6256
-455	-3459
-7510	-11719
-5573	-1827
9368	9290
-11522	-11954
-4328	15751
-731	2296
8538	-11805
2589	-12343
-455	2255
-8755	-10811
3557	5013
-1285	3037
-1146	13508
4249	17930
2312	-11688
2866	10818
19882	1170
-8340	6234
4803	-2953
-178	-7962
14764	-7949
19882	4403
-10000	-9102
-10139	-10462
11858	-6932
5909	-10390
4941	2486
-6403	-1710
-3637	-12108
14487	-8668
2727	14128
11858	4647
1897	-3373
-11799	130
-5573	827
-9447	4299
4249	-5851
-1285	-37
5771	-7922
-12767	18780
-593	25041
5909	-4761
5356	2825
-2115	-6412
3004	5036
-1976	12726
14764	-9120
6463	-4734
-1838	-8283
14625	3951
-3360	4525
-1423	2893
-8202	1975
20021	-9264
11028	7581
99	16343
-4052	-8283
5909	-12529
10890	11668
14072	-2397
2866	-8763
13380	23165
6463	12993
-40	-3654
-2945	16085
7570	-5503
-6403	-8622
-18993	4009
-14428	-8862
-3222	-11100
13242	-3301
-12352	-5150
-5297	-2198
5356	-12257
5633	5822
-870	-10417
6739	8146
-8202	6284
-5435	-10286
-12906	-4942
7154	-8333
2866	13666
929	-5440
-1285	-9807
-3360	-2316
-12906	-10833
-12352	-7632
5633	-12113
-5020	-11480
791	-8880
6324	148
14348	-4138
-16226	-5322
9921	-1660
-731	14978
12550	17532
7154	-9061
-15534	-3821
-9585	24490
-14428	-12660
9506	-6787
-14843	-11010
15317	5049
-10831	-6154
-1423	-12004
9783	4810
-4743	3987
16839	8580
-4743	-5941
-10416	-8803
-3913	-3776
-5573	11478
-9585	-9355
-13459	-8261
16700	-6023
11858	3878
13380	16366
-19131	1179
14348	12893
11028	-7940
-4190	24015
-14428	15981
-12076	-855
18084	-5720
-455	-5390
17807	14575
14487	-8722
1897	-8148
-13874	13404
-10000	-10282
9645	3060
-10969	16781
-2945	15742
1482	2178
-1285	6966
-19270	-10752
-11522	-5747
13242	-11539
-2115	6026
-19270	1722
-8202	-7488
514	-10851
-10692	1111
-10969	-8650
4941	14494
16839	-11046
-4882	11691
-4743	6840
-20792	1143
9783	-8948
9921	1740
9230	628
-2530	-6592
-11384	-3152
-2253	16302
-16364	11722
-7787	21307
-5988	-711
9230	22148
9645	-222
20989	13685
7846	-6000
-731	-7180
-3498	-3848
-12906	-11150
-40	-8464
14487	7287
-14566	854
-10416	7079
-10831	-4138
-12352	-7818
13103	8589
9230	-8143
16562	-7253
13795	-11294
-2115	2400
9921	-6922
6463	4846
-25219	-4106
-11799	3657
-14843	-11425
-9032	8842
-16226	14421
2312	-12162
19467	135
5079	-8107
-10969	-4983
8815	21284
-4743	-6122
4803	11994
-4328	-11819
15870	18866
10198	5506
13657	6926
5356	-2835
-2668	3431
-6265	2694
-2945	-1072
9230	-4124
652	-4006
1482	-9979
9368	-1362
2727	-9929
-4190	13092
1344	5619
17392	17948
4111	-11181
4664	-8735
13795	3503
-12076	10542
9645	-9676
-10831	-4626
17530	19526
-3360	-10829
-731	-2392
99	-11019
6463	-9531
-19408	903
-3637	-6366
237	-2383
6324	-5119
-5712	-4178
2866	-10476
-5988	7129
-1561	24580
-4052	15809
4941	-6674
7154	9394
2036	-11109
-12076	953
-13044	8693
2174	-7827
-4605	-11855
5909	-1859
-8340	20358
-8755	2716
-9447	12943
9368	-344
-13044	3155
-9309	5669
7154	-2248
14625	-7112
-4882	-8609
3004	-10359
9091	10520
-1976	-887
791	7120
6324	21764
-15949	-4472
-2945	-4228
-10000	-12687
-2115	20624
1206	12572
10336	12202
10890	-6611
13657	-7366
-10139	-9156
-2806	8264
-4882	-11837
-8617	-11046
8953	-11765
16700	-12479
20574	-516
-12076	-4685
-7510	-8383
-593	-8939
8400	-1796
-8755	-7275
-11522	15945
-593	23536
-13459	-9744
-18301	-2578
-14566	12871
-20100	-6782
17530	-8867
1482	-7623
10198	6492
-15119	-11982
18222	-9414
13242	20746
-8064	-6321
-1838	-8541
652	9037
-593	13463
-13182	-11240
8538	15353
13657	13811
-4190	-7922
6324	13969
4111	-12669
-1838	320
11858	-8930
10198	497
-5712	-7727
6463	-6452
11443	-11290
-21898	6315
13795	10660
1344	15466
-2668	-8107
17115	-12226
-7095	-8333
15317	10936
11997	16605
3972	-9052
25831	3485
-4190	-12081
-12214	2807
2312	-11606
2866	-6552
12412	-7072
11443	-12366
5356	7572
99	-4165
-5297	-6452
-8340	-3902
-12352	10809
-40	10280
3419	-7759
1344	-12194
514	13015
-8064	-11267
-5988	5031
-455	-5566
-3222	15760
-4052	2888
3696	-9920
6463	-11642
-5712	-7049
6463	-5141
-6265	-10236
-6957	-7827
-10692	-5634
-593	-3997
-731	-69
-5573	-12845
-9724	2748
7154	6478
-13182	-9644
-4328	-5991
-7787	-6018
-12214	-11222
-13874	-10340
-4743	-9603
3419	261
-9724	-4825
-12214	-4703
-731	10502
-14428	-11245
3557	-9065
-10139	-9603
8953	1369
10198	4624
-1423	-5105
1206	22600
-10277	1830
9921	-7700
-8894	-12140
-4190	-5331
15317	6320
-2115	4959
16285	-4843
2312	-1918
-7649	-8527
-6265	2215
-4190	2974
13380	8861
-22728	4249
-7095	-6285
-8617	-4897
-7095	14277
-10831	-5286
-3222	26357
-8064	-5774
3419	24255
-6680	17930
-10139	17383
-21068	-5982
9645	1383
-11522	-8867
-2253	-11389
-2115	-9151
11167	-11177
7431	4213
12550	-11656
-21898	15416
-1976	-7854
-8340	23708
652	-1818
9091	-9301
-14289	-10340
8953	23997
-11522	-919
5909	-8627
17115	-12081
13103	-1208
8815	-4861
8953	-7533
-1423	-6109
-16641	-9332
-21898	-525
-10277	-2967
-7510	-11064
-455	19770
-17610	-11028
5079	-11566
13242	21940
14348	4299
16147	-9133
5079	-7908
7846	-1832
-23420	-6796
-6127	-8442
-2945	2269
7570	3765
15455	1817
-13598	15059
1206	6785
1206	-10594
-3360	5646
-9447	4208
-9447	-1298
-7095	-1764
237	-5467
-6819	-6149
-10000	15927
-1285	-9830
3557	4828
514	-8423
-21898	13594
-8894	-5702
-1146	23993
-9447	17717
-6265	2319
-4190	-11652
5771	-6954
15732	15773
16700	-9888
-18578	17744
12827	4177
-10277	2097
10613	-12533
-1838	-1244
21404	-6715
-7095	17627
7985	2576
10475	1161
6878	21149
4664	7540
1482	-5806
15179	-6262
-11522	-5073
25278	23409
-12352	24906
10198	17631
-4605	20927
-2806	-8591
-10416	16650
-455	-11471
5494	-4449
-10000	11356
14487	-1136
2312	6392
14902	-8360
-7095	1170
5494	-9744
-40	-10946
-4328	10298
-20376	-10345
-9585	-96
-2530	17731
10475	21533
1482	-11222
1621	17021
4388	-7176
6739	-10661
2589	10606
2312	3494
-40	9661
-8617	81
5633	5090
-6265	-8934
-5712	-616
-8340	-9744
19606	-8306
-8755	3413
2312	-60
9645	-1389
-4882	17984
-2668	6573
-5573	-4088
-4605	-4775
-11384	-6665
-13736	-9056
-6403	-11032
-11522	-11321
-5435	-5914
12688	-10449
9091	12477
5494	1799
8815	-2591
-10831	-12719
3281	20923
12827	2956
18776	-12411
14487	17753
-24250	-3581
-5020	21578
17807	-10865
5633	-5082
-13736	21913
18222	1961
-6127	11551
237	-4400
12688	11844
-9447	-9296
-7649	13056
-12767	-1059
8953	4737
16700	-6195
3972	-3265
-19685	-4798
11167	-2316
18637	-3324
99	-5390
-5573	19015
11305	-9649
-7649	8671
-9032	-5250
-17333	-8347
1482	14860
6739	14584
4664	-10607
-10969	-1511
-1838	-12569
15455	-783
18084	7617
-10416	-8188
2312	-8225
-10831	-5236
7570	12084
9783	24517
1206	11058
9506	-7451
10613	-3514
2312	-7040
-5297	10104
-1423	11094
1897	-4974
-6265	20575
237	-9418
7431	3928
-455	-12027
3004	-6122
8815	15760
14072	-5281
9645	-12199
-14843	-12235
-15119	13721
-2945	24011
1621	-5815
-4190	-3536
-8064	-3306
-4328	1794
8815	-6543
11858	17699
1206	12925
13933	-12063
9921	-1484
-8202	-11349
1482	-964
12412	-6615
-11522	19499
-5712	-10078
-15258	16203
17807	3024
-3637	-3554
-12352	-1149
-15949	16293
-10139	-11421
-10416	460
-4743	22510
-10139	-12135
-8064	-4373
4388	-9938
-1838	11921
-6127	-12438
14902	-846
6878	-10503
14487	-10774
-4328	-1705
-10969	-11909
-4328	-11498
-10277	-7379
-178	-11810
-3360	22238
-2668	6121
-9309	-2352
-14428	10497
-870	-7899
4664	-10028
-3222	-1484
-8894	5633
652	8241
929	-1497
1621	-7479
-1976	-11760
17530	19951
6324	20385
7708	-11421
4249	-4264
9645	-7962
14348	5388
15870	-9961
-1146	-9762
7431	-6846
12827	8508
7985	-5774
-10831	-4590
8261	-9527
8400	2576
-17333	-2383
-11661	13490
17254	15805
6878	-12262
-17195	2395
-2253	13499
7985	18513
2312	863
16009	-3690
16147	-9025
-11522	-6972
6739	6161
-2668	11655
-11384	-7497
-7372	-9988
-9724	-10123
-9724	-6900
-7372	-11281
2312	20896
15317	-11963
13242	-5512
9783	-9906
7431	6998
4803	7301
-8340	-11231
10336	-6963
-10277	16944
-6265	-6100
-6403	8056
-15949	-4377
1482	15104
20297	230
-8202	-2108
-9447	207
1206	-6190
-22867	-6660
7016	-1579
1897	-9839
7846	-4477
8400	1505
6739	-7971
12273	1618
-14151	12979
-9447	-11050
-1423	-12131
8261	-12334
6048	16998
-8617	-6502
-10000	2590
-2945	-6312
-10831	13766
2727	7138
6324	-12646
-3498	15466
11997	9037
9091	-6439
-16503	-1366
8261	-7203
-3637	9453
-19823	-6240
14487	-11245
-3498	-7935
24863	8960
8815	-8035
-455	-7610
7846	-6606
7570	-7628
4803	-12316
14348	19557
-6957	-11425
-11522	-593
791	-8821
5356	-5033
-7095	-2962
7570	-7320
8815	11908
-12214	-10937
3696	1803
8400	-11701
-2945	-6470
-10000	-7890
14764	-8234
3557	8137
20159	-9441
4664	20073
2174	16718
14902	-9423
6463	-9617
-6403	3707
-3222	-7940
-178	16827
9645	19354
9230	-11661
10198	-3473
-40	7549
-4052	25756
19467	17781
-10416	-11114
15317	-4228
4803	3055
-17333	12075
13242	-4657
1621	3594
-5020	-1226
-4328	-10670
-4328	54
6324	-6348
-13044	2911
16147	23676
-10969	3119
3281	-10756
11443	8354
-7372	-10566
-3913	5610
-6403	-8934
-3913	8096
-2115	-9319
-9309	-3957
-7510	-6262
15870	-11000
9368	6189
9921	6315
3004	4095
3696	-7049
14072	-10910
-7787	5791
-8894	23604
8953	11994
9230	-11308
11443	5122
-10416	4873
-4190	-8708
-5988	20602
-6819	4507
929	6347
-1285	-10101
-2945	-2193
5356	10407
11028	7798
-11799	12071
-15534	-12212
-2530	15452
-4743	22505
-7095	-8143
-3498	-2094
-16364	19169
2589	8106
4941	-11299
-3498	10877
10336	-6764
-40	-12352
9368	-10557
99	-12343
17530	-846
-3637	24273
-4328	-10245
14902	6306
1344	14973
-7787	12233
-2115	5126
9783	-10381
16147	4032
-8755	2838
-3913	2368
-5712	15579
5356	-7763
-14566	4109
237	-9712
-1146	-7904
13657	-4906
1482	-5525
11720	24083
-19408	-7230
16839	17975
1897	-4689
14072	14137
2866	-1511
6463	9050
-1561	-9992
7431	-4061
-26325	25177
-11522	9602
6324	5194
-15119	-8315
18776	-9179
7431	-5819
3972	-8401
18637	14507
-15119	-4874
3419	14164
2866	9466
7570	-10566
791	-10625
3004	8485
12688	-13026
2036	-7564
-18440	-5824
3281	-9138
13933	16709
-1423	-9540
7846	17582
6739	-12619
14625	6636
-1285	3580
5633	-10883
11997	-9513
-1423	7260
99	-173
-1561	19530
-12906	-1000
-11661	-9296
-870	17048
-5297	-8008
3281	-1185
6186	-12429
-13736	-10200
-1423	-2985
-12214	-12560
3419	-5806
5633	-4024
11028	-12058
-1976	-4350
-11107	-11023
7708	20805
-9724	8191
3004	-4811
-6819	289
-9585	4425
18914	-12384
-10692	-2890
-19961	-10408
18222	11510
9368	-3401
-3913	-7072
1897	-4011
-13874	-10453
19191	-10051
8538	-8826
6186	5705
7016	-4951
-19961	11356
6186	3386
-455	-2998
-5435	1478
-11384	14272
-6403	-11258
6324	-6602
1621	-3586
7570	-3948
16562	-10906
-13182	-2302
791	2590
20021	-5137
514	-878
8261	-11213
7154	-11453
-13874	12084
4664	-3423
-15119	-7777
99	-10869
4941	-11245
1621	-11900
2589	-11923
4664	-5955
-14566	10461
-2530	11126
-8894	21850
-14151	13183
-870	-5078
12550	5574
14348	139
13242	-10291
-21207	15253
-7095	-2664
7431	-1886
17392	-9459
-9724	14575
-8894	-801
237	2228
-8894	18753
7154	-11010
-6265	-11086
18222	16067
2312	-12605
-9032	3404
-6957	-5584
7431	-3387
-3498	-394
-5020	15913
-7649	-2035
-5712	-11557
8953	-471
11720	3010
-14981	3006
-12906	3508
-178	11998
-1146	-9983
2727	3815
8123	-6819
8815	20778
-4052	-5602
-4605	19743
6186	-11403
-178	2576
3419	-8080
12688	13318
6878	-9906
2036	-10585
-5988	-11896
-15258	-8514
-9309	7739
-4328	20471
-3360	2246
4803	858
1897	-11642
5633	3991
4664	-9481
6739	12645
12273	2296
11858	-5960
-11522	-6109
7985	-1298
16700	8580
-9170	-4716
1206	7269
-17195	13730
3972	-1619
10475	-11973
13242	-2605
-18440	20538
-2115	-12388
10336	-5498
-17886	9991
-8617	13282
514	1152
-6680	23274
14487	13874
5079	5854
2174	20019
-17333	6699
1897	-679
-15673	-8812
9645	-8075
13933	-3997
14348	16641
2727	-8943
5494	8499
-15534	20064
-6127	-7655
-15949	1862
3419	22727
7431	-946
7016	-10359
-9585	5596
-1976	8648
-5573	-6434
7708	-5774
-5020	21524
-14289	3503
-14981	8852
-8894	-4486
3972	11740
3696	12337
9506	2581
1897	-3134
2866	13770
-12767	-6534
-12767	-12185
9921	13345
23341	-7519
-12491	12414
15317	13888
8400	-2401
-10416	7274
-17195	6329
3419	-8858
-4052	-5299
9506	-11665
-3360	17369
-11384	13784
-7649	2102
-10969	12776
2727	13300
-4882	10334
5494	-6846
929	-12131
6463	-5702
11720	-1425
3419	14557
-1561	-12470
514	-7479
6878	-5055
11582	-12651
4111	-6299
13933	17161
-12214	11089
-3637	20787
-11522	885
-1976	-11367
3419	4891
10475	-1131
10890	-11263
-8202	-9527
10475	6085
-6957	5049
14487	-860
-12767	-7085
-2253	-1470
6463	-7013
3281	994
-3637	16456
1344	1677
-2945	19327
-5712	10805
-2115	2870
-15534	-11435
-16503	-9174
-4052	-7867
6048	-4929
10198	5904
12827	14648
15179	-11362
237	16885
11167	-12601
-5988	-1303
7431	8110
8538	-1556
791	-3143
-2115	13287
99	16564
8123	6885
11720	-7103
514	23418
-3637	-8414
14764	12288
5356	759
7016	16384
7154	-2569
-8617	-1832
11167	12554
-20515	-6308
4249	9634
-15811	12812
-1976	8702
-17886	-7989
9091	8399
4111	-7714
11167	-9070
10475	-11679
6463	8996
-11384	-6226
2727	7549
-11384	-9007
-19131	11899
7708	-4083
2174	-3586
-12906	-5941
-3222	8549
3419	-12244
-5573	9521
15317	-7804
-12906	-3125
10198	-32
5079	10059
-16918	14155
3004	-2718
-6127	-7076
1482	20945
13103	-1918
4249	17600
-7095	940
-4052	-1999
16839	17243
1206	-10612
1206	-11340
-2253	18237
3281	1125
-3360	21280
-8755	-7822
21404	1405
-2806	3806
-5573	-1732
-10831	14738
3281	-8202
9645	343
12412	2323
3972	-10634
-14428	-12099
-1285	-7917
-6127	12690
-1976	13974
4664	3055
-593	-3595
7570	4642
791	4909
2312	-5878
1621	10470
-16503	7468
5633	-10720
-870	-11674
-9032	-3152
5079	-561
-10139	5836
8538	-7904
7985	13187
3696	-10847
13657	-10598
8538	-1787
-7372	25806
7016	7011
-7095	-8130
3419	-2266
-7372	-5119
5494	-12022
-10831	17428
5494	17071
-7372	-7913
-10692	-11561
1897	-12289
11858	-8455
-2115	7531
4249	-11652
-6819	-697
8261	6130
16285	-9576
2589	-8989
-1146	7341
-6265	6595
19467	13486
-11799	-10472
-7510	-3098
-5297	-607
