-9493	-2896
7429	6409
-2016	46729
950	12612
-14739	-2896
-1150	-2896
14407	15714
1954	6409
-8856	-9099
7609	206
-7304	-2896
-6985	-2896
4872	-5997
-6853	-9099
-15245	206
-3250	-5997
-2474	3307
-644	-2896
2640	-2896
-5252	-5997
-11094	9510
7560	206
7429	-9099
-11912	-2896
-6756	-5997
5786	3307
-8994	-2896
1726	-2896
1767	-9099
-5391	6409
18558	-9099
11760	206
42049	-2896
20242	12612
-4705	-2896
4692	206
492	3307
1220	-15302
-3520	9510
-7671	-2896
-7033	-5997
222	-2896
7200	-9099
-4705	206
-9632	-15302
-4296	206
3410	-5997
-5800	3307
-12736	18815
1767	31221
-5343	-15302
12037	-2896
1448	-9099
-14102	6409
-2973	-21505
-423	15714
4733	206
7152	6409
5599	-5997
-4525	6409
-4934	-5997
-3250	15714
-13464	3307
-11683	3307
-7214	206
1448	-5997
7429	6409
10526	-5997
10526	-2896
16458	9510
12487	-2896
-284	-5997
14178	-5997
3278	-2896
-4982	-5997
-15245	-12201
-1012	-9099
-7671	3307
9431	206
8981	-9099
-921	-15302
-7532	3307
12037	3307
-4795	-5997
19881	-9099
3458	206
-8586	9510
-13783	-2896
-8994	-2896
2225	-5997
-603	206
-9542	12612
8336	-2896
7560	3307
-11593	6409
3687	-2896
5149	-9099
12855	15714
1906	3307
-2973	3307
-11413	206
6563	206
5371	206
-6715	6409
-2515	-5997
2682	-2896
22618	25018
20110	-5997
3597	-2896
19147	-2896
-4206	206
-15383	18815
16409	-5997
-5848	3307
4463	-15302
11164	-2896
-13325	18815
-15106	-15302
-6943	-12201
6604	-2896
-9043	-9099
-3610	15714
4186	-9099
-10588	206
-10457	-2896
2363	206
9203	-12201
7200	206
-7442	206
-3381	-5997
6971	3307
6833	3307
-11004	-12201
14130	6409
-14649	206
-5800	-2896
-4476	-12201
4414	3307
-9771	3307
-10408	-12201
-2016	18815
-9133	-2896
-14330	-5997
15730	9510
5419	-21505
-13007	-5997
-3977	-2896
-12917	-9099
-7123	9510
13083	-5997
-12875	206
-12965	-9099
1407	6409
-14559	-15302
4463	206
6015	-2896
-5758	12612
2772	-5997
14774	206
3001	15714
8524	3307
12259	-2896
11898	-15302
5468	34323
-3430	15714
-3201	-2896
-15744	-2896
5828	206
-9223	-2896
-10269	-5997
3825	-15302
-11912	3307
-9999	-12201
4144	6409
17054	25018
-11822	-5997
17601	6409
18786	6409
16867	206
-5301	206
3091	-12201
13679	3307
-4476	-2896
312	206
-831	206
3638	-2896
12487	3307
11392	-9099
-423	9510
-7172	-9099
24940	12612
12397	-9099
-9861	25018
5010	3307
-10318	6409
-12688	-5997
-6805	-2896
7152	-5997
31280	3307
-10817	-2896
13721	-5997
-10366	-9099
-8856	206
14448	-12201
-741	-2896
-1240	-2896
1178	206
-9313	3307
-12646	-5997
-7214	206
8981	-5997
16368	206
16049	206
2273	206
17643	3307
5281	-9099
7928	206
-12736	-9099
173	206
-14836	-18404
6375	3307
-13055	-9099
15134	206
-3929	-9099
-4615	-9099
6833	-9099
5786	-2896
8475	-12201
-4386	12612
13721	6409
-10775	9510
-3520	206
-2474	206
1358	-2896
-15016	206
13769	-2896
-2834	6409
-1330	-12201
-12736	-9099
4283	206
-5938	6409
-6624	206
-9722	206
4601	206
998	-2896
-9722	-15302
5371	-5997
-11642	6409
-10588	6409
-2792	-5997
1317	9510
8336	3307
-2605	-5997
10755	-5997
-7809	-5997
-8495	-12201
-15612	9510
-2016	6409
-7581	-5997
-11323	206
-4248	206
4733	3307
-5938	9510
-7	-5997
14954	-2896
1587	-2896
-13097	6409
7061	206
1268	3307
6604	6409
1677	-5997
-13235	3307
-14330	-2896
-15515	206
-16160	-5997
-13145	-21505
-3291	-2896
-10865	-2896
7657	-5997
11711	-2896
-13097	-2896
-5800	-9099
10256	3307
-603	-18404
3278	12612
541	-5997
-3381	31221
-8904	3307
769	206
-9771	-5997
-6985	-2896
1677	-2896
3278	-2896
14040	-2896
-1240	-2896
7013	28120
5371	52932
20151	28120
-11233	15714
-10775	-5997
-10041	9510
-5710	-12201
-12917	206
-16250	-12201
-9313	-12201
-1968	206
7380	12612
20789	9510
8066	3307
10526	31221
-14878	206
9528	9510
2315	-2896
-8267	18815
7560	-2896
1448	-2896
-7532	15714
5558	3307
-10685	-15302
-9590	-15302
14268	3307
-5938	15714
12536	-18404
1497	206
-423	-5997
-9632	-2896
-7532	12612
-2931	206
-194	3307
-10955	-5997
-10547	206
3777	3307
2225	3307
3001	-12201
-11233	15714
12903	15714
-7629	206
4324	-2896
-9313	-9099
-13235	3307
-9084	206
7519	-5997
7519	3307
-5121	-2896
10027	-5997
8246	-12201
2135	-5997
-13194	-2896
14726	-2896
2453	-5997
13354	6409
6514	206
4054	-5997
-9313	-5997
-4982	-2896
1407	-5997
9251	206
-1559	3307
-13644	37425
-6209	-5997
-11184	3307
-194	3307
-13873	-2896
28363	-9099
28224	-9099
3687	3307
10166	3307
1546	3307
4962	206
-14968	-5997
6147	15714
-13464	6409
-13512	-5997
-4476	-9099
22022	3307
11212	-2896
-4615	15714
-4476	6409
1996	18815
5509	3307
-8904	-9099
-6396	-2896
-3063	-9099
15453	12612
-2702	18815
10485	6409
-513	-2896
9528	28120
-963	6409
2862	-2896
-9223	-2896
4962	-12201
-4753	21917
10894	18815
-4892	-2896
-12826	-18404
-1968	-2896
-3153	6409
7013	6409
-693	-2896
-4615	-2896
4782	-5997
-7948	12612
769	3307
7838	-2896
12127	-12201
-6077	206
-4573	-12201
6375	-9099
-10685	-12201
-5938	-5997
2412	-2896
3458	3307
-1649	6409
-6347	18815
-5440	6409
-13325	-5997
14816	-2896
-9861	-2896
11164	3307
18190	-2896
-8904	-2896
-8080	9510
222	-9099
18190	6409
-7304	-18404
-7082	-2896
-4892	-9099
3507	6409
9750	18815
-5072	-5997
10395	-2896
-8537	-5997
-11593	25018
10027	-9099
1906	12612
-8766	206
-10089	3307
10942	206
14726	9510
9709	206
-12050	206
12307	206
25168	-5997
-644	206
769	-5997
5468	206
21884	-2896
-3111	-2896
6057	206
20657	6409
-5987	-5997
-7214	3307
-11136	6409
-8038	-12201
-10914	-12201
2135	-5997
23665	-5997
-11870	-5997
-284	206
9203	206
2093	-5997
859	206
-7	-9099
3638	-2896
10942	-2896
1040	-9099
-5848	-2896
7013	-2896
11351	9510
-464	18815
12169	6409
30920	-5997
2862	12612
83	-5997
-6534	3307
-3291	9510
27996	-2896
-7851	12612
-10685	206
10207	-15302
8981	206
6563	-12201
1767	15714
354	3307
8884	21917
-7532	9510
9709	206
6285	3307
-6029	-15302
3049	206
5738	-5997
-3201	-5997
-14559	-12201
-9909	-9099
-1649	9510
6015	-2896
-5848	-5997
16506	6409
-644	206
-6077	-5997
-423	-2896
-13055	-5997
-6077	-2896
-13007	-2896
-12549	-5997
11351	206
2640	-5997
9300	3307
-5481	-2896
-15973	12612
8205	3307
-5162	3307
-13374	6409
12536	-12201
-1330	-2896
-14240	12612
5010	206
-8627	-2896
222	3307
-6077	206
-14788	3307
-97	-5997
9750	206
10256	6409
-8357	21917
-3839	-2896
-963	9510
10027	3307
-3478	3307
-4615	206
5190	-5997
-2564	-9099
-374	3307
-6437	6409
-4525	-2896
4283	18815
-4116	-21505
20886	3307
5010	-2896
3548	-5997
-1510	9510
-12917	206
-423	28120
27130	-5997
-15196	-15302
1497	-5997
-14517	-9099
-9680	28120
3548	3307
-7948	-12201
6105	3307
-15245	-12201
2412	-9099
-11822	-12201
-4116	-9099
8066	-2896
3229	206
4234	-15302
8018	3307
6694	-5997
-4525	6409
11122	-5997
-6666	-9099
4006	6409
3049	-9099
-3381	6409
-9680	-2896
7928	9510
-14060	6409
-8308	-9099
-11233	6409
-4158	6409
1317	3307
2412	206
451	21917
-6853	-2896
-2384	12612
-13422	206
2730	-2896
-16021	-9099
-693	-9099
-554	-2896
22660	-2896
-13007	-5997
859	6409
10166	206
-12875	-18404
-1289	3307
125	-5997
-5211	9510
-783	-2896
-5252	-5997
-8904	-5997
-194	-2896
-2287	-12201
5738	9510
12169	206
-10366	-9099
12487	6409
-11503	-12201
8434	12612
-3929	-15302
-7082	12612
769	-15302
-5848	-5997
3825	3307
5696	-5997
1816	-12201
2225	-5997
-11004	-5997
-9272	206
9341	21917
-14649	15714
-12231	-15302
-10727	6409
-2883	28120
12626	-2896
-10366	18815
17872	-2896
10713	3307
-9861	206
27130	206
6881	3307
-6756	3307
23665	206
-8357	-9099
20151	6409
-11780	-5997
-13693	-12201
-6576	15714
-6853	-9099
32881	9510
11531	-5997
-11822	-5997
-6077	-15302
-13921	-9099
2862	12612
8156	12612
222	-2896
4234	21917
-7442	-12201
30830	-2896
-4345	15714
-10089	-5997
2315	-2896
12127	206
-1607	28120
-1649	15714
-10914	3307
-6119	-12201
9300	-2896
-1289	-9099
-2792	3307
14317	3307
20837	-5997
-3839	9510
-12778	-5997
1178	206
4324	206
1268	9510
2412	-12201
-13693	3307
-13873	-9099
-11233	3307
998	-5997
-831	-2896
-1330	-2896
10076	3307
-8357	3307
-15931	-18404
-1968	-9099
-8724	-2896
10526	-2896
5786	-5997
6195	3307
-2792	-15302
17962	206
3458	-5997
8246	-9099
-1836	-5997
-14330	-2896
-1649	-2896
-4476	-5997
-15564	6409
-6756	-2896
6195	-2896
-15792	-2896
-11364	18815
4643	3307
-2245	-2896
8108	-9099
1040	-12201
-3478	-9099
-12826	206
6057	206
-2287	-5997
17643	206
4234	3307
-3797	-9099
-1102	206
23713	3307
-2654	-2896
-11274	-5997
-11094	-5997
8524	12612
-9175	-9099
-3977	-2896
-14739	-9099
-831	-9099
-2883	-12201
-693	-5997
8614	-2896
8981	-2896
-325	206
-10775	18815
-2384	206
-5072	-2896
-5530	6409
-14788	6409
-1739	-12201
6195	-2896
-12778	3307
3638	25018
9570	31221
-11004	206
7747	25018
15363	206
4553	9510
859	-2896
-16430	-5997
8524	-5997
-14060	-12201
12536	-5997
-3111	-9099
-12875	-18404
-2245	-2896
-6576	25018
-5343	18815
-2016	-2896
8565	-9099
-9043	-2896
14587	3307
-7082	-2896
-4573	-9099
16506	15714
402	6409
-4386	-5997
4692	6409
4504	206
-16201	206
-3839	-2896
-7123	3307
7838	-2896
2453	-15302
-13873	206
7200	-9099
7789	43628
35979	-2896
15682	21917
3229	-5997
8524	-2896
1317	18815
15543	31221
24850	-15302
173	-5997
-2425	9510
-5481	-2896
9161	-5997
1407	206
3139	9510
-13055	3307
10395	206
-1607	206
3139	3307
10436	206
4414	3307
10526	-2896
-9590	-18404
3368	-12201
-11364	6409
3548	3307
11074	6409
-11004	3307
-831	-2896
20837	12612
-3201	12612
13949	9510
-5938	206
-6895	-12201
-1192	3307
2044	-2896
1906	-9099
-12328	206
-11912	-9099
-9590	-2896
-6209	6409
-4476	-2896
5239	25018
-3977	-5997
3638	-5997
2640	-12201
30872	-2896
8156	-2896
-8814	-9099
17005	6409
8108	12612
7747	-9099
9750	9510
-13097	-5997
11711	-5997
-2335	-9099
-1150	-21505
-2016	6409
8794	3307
-13194	9510
-4753	206
3687	206
-14330	206
17601	206
9937	25018
9618	206
4463	-2896
-3291	-5997
16319	-2896
11441	-15302
2502	-9099
-4892	-2896
-9452	-2896
-10914	-2896
2093	6409
-11870	9510
3777	-9099
-2335	-5997
-13007	-2896
-3977	-5997
3507	206
-831	12612
-1739	-2896
-9771	206
-12189	-2896
11074	21917
18599	206
-9313	6409
-12646	-9099
-6437	3307
-11136	25018
-10817	-2896
222	206
-374	-2896
4006	-12201
-12279	206
125	-5997
-8267	-9099
83	3307
-6985	15714
-9403	-5997
21842	3307
12536	9510
17096	-2896
4006	-12201
-1102	21917
21066	3307
-6624	6409
-12826	12612
8565	3307
-1698	-9099
-284	-18404
-13145	-5997
859	-2896
-6715	3307
-603	6409
-8676	3307
-2931	15714
-873	6409
12169	-9099
2093	206
-1379	-2896
14178	-5997
-13325	25018
-3250	-9099
-11503	9510
-7719	-12201
4186	3307
-4982	6409
11489	3307
-10498	-2896
-873	9510
-9680	3307
-4892	-15302
15322	-5997
7380	-5997
-13783	-9099
-10727	3307
-2335	15714
11760	206
6334	3307
2592	-2896
4553	-12201
-10179	-15302
-10914	-5997
-3569	3307
6971	206
-4795	-5997
5876	206
582	-5997
-7172	3307
-423	-9099
-6167	-12201
-8128	-5997
-11642	-2896
14317	-15302
9341	-2896
312	-5997
-3520	-2896
-2744	12612
11898	-9099
8932	6409
-5758	-12201
-235	-9099
-5987	-2896
3825	-5997
-6943	-9099
-5072	9510
-873	206
-6853	3307
-7033	-2896
9750	-9099
-2883	-9099
12037	-9099
-831	-2896
-6853	206
-15515	15714
-9819	-18404
12536	-2896
2273	-2896
8524	-9099
-12459	-5997
3319	3307
8614	3307
7152	3307
27587	15714
10117	6409
30185	206
901	-2896
17643	12612
402	-5997
-1102	15714
4692	3307
9889	-9099
-873	3307
3777	-5997
998	9510
3368	18815
-1607	206
5786	3307
11850	-2896
-8994	-5997
23207	206
3825	3307
8108	-18404
1996	206
-10318	12612
6105	206
-10637	-5997
20657	-5997
-1420	-9099
16825	3307
-5987	-5997
-8447	18815
-603	-12201
-2515	3307
12716	-2896
-12099	-2896
35	12612
-7581	206
8475	-9099
-11274	-9099
-14517	12612
1130	9510
16506	-2896
-6437	-2896
-3250	-12201
4186	6409
-12279	-2896
3957	-2896
1546	-9099
-5024	-9099
17872	-2896
-10588	34323
312	-2896
-10914	3307
-55	-15302
-7851	-5997
18100	-9099
-5571	-5997
6285	-9099
4006	6409
-2702	3307
-1926	-2896
-3929	-9099
4096	-9099
2412	-2896
-9223	3307
17920	37425
-2245	-9099
-9175	-9099
-963	12612
11711	-2896
-1060	-5997
-3201	18815
3687	9510
26312	3307
11441	206
-6756	6409
-3700	-9099
13811	-5997
2363	-2896
-10637	206
-13284	206
-2931	3307
-15882	-21505
-16021	-9099
-12826	206
-8724	206
-831	206
-14649	-12201
6881	-2896
-14011	3307
-10498	-15302
-235	-9099
11580	12612
12903	-5997
-9084	12612
15273	40526
2592	40526
13035	3307
23297	12612
6147	-5997
11212	6409
11621	15714
9979	3307
9390	12612
-10547	21917
-15196	-5997
-5987	3307
-963	9510
-14559	-5997
-963	206
-11454	28120
22113	3307
-7401	31221
-10637	-9099
19147	206
-1559	-2896
-1559	-9099
11351	12612
-3749	206
1448	-9099
-12598	15714
-11960	9510
-13145	-15302
492	-2896
-10588	-9099
-4158	3307
10526	3307
8565	3307
12855	206
17504	28120
3091	-5997
5329	-5997
-9452	-2896
3638	3307
-10089	-5997
-12646	3307
7242	6409
3368	-2896
-2744	3307
-3569	-15302
-14060	-5997
-4934	-12201
12945	206
-6347	-2896
10616	206
-11780	-9099
-4435	21917
1587	-5997
-5252	-9099
-14150	-9099
21794	3307
27358	15714
-3797	3307
998	-15302
-3797	3307
-12231	-12201
-5758	6409
-6257	25018
-2792	206
-9223	3307
-13422	-9099
5509	6409
-11004	15714
-12189	-12201
-8946	-2896
-6715	-15302
-10228	-2896
5918	15714
264	-2896
31558	-15302
-9909	-9099
6653	-5997
998	-5997
-9722	-2896
19424	40526
4733	-9099
-11364	-15302
-4615	3307
-3340	-2896
-3111	9510
5281	3307
-741	-5997
-7401	-5997
-5938	3307
7470	-9099
5329	-18404
18239	6409
-8080	-9099
3319	-2896
-5530	-15302
9889	206
22480	3307
-14788	-2896
21475	-15302
14448	6409
3229	12612
-3063	-12201
-5072	206
35	-5997
-5162	21917
-10408	-5997
-2287	9510
-7809	6409
12446	-2896
-15654	9510
-9084	-5997
-5987	6409
-9084	-9099
-3569	15714
-13284	-5997
17096	206
7976	206
4504	3307
-10366	-2896
15592	12612
-5848	-12201
8108	6409
-10775	-2896
-12002	6409
9113	-2896
2044	3307
-15196	-5997
-11274	-5997
-11136	-9099
8434	-5997
-9493	9510
-4892	-12201
3915	-2896
10755	-2896
14178	3307
4414	-2896
-11004	-2896
-8814	206
3458	15714
-2654	206
5281	-2896
-10138	-9099
1906	3307
2911	-5997
-1878	-9099
-16063	6409
-12508	3307
-1788	9510
-1878	206
1317	-15302
-11233	25018
11940	206
5052	-9099
3368	6409
2862	-9099
12307	18815
-3797	-2896
20886	-2896
-9680	-12201
28453	21917
-423	206
10616	-12201
-7719	-12201
22022	18815
-10269	-5997
24351	206
-13325	-2896
-3929	9510
-13873	-2896
-145	-5997
-9084	-2896
20976	-2896
-15564	-2896
1767	-9099
-5668	-5997
-11780	3307
-15196	-2896
11302	28120
-8766	-12201
-5481	-5997
15592	-9099
-6943	206
9618	206
13222	21917
-3887	3307
3091	-2896
-4026	-2896
5509	3307
1178	-9099
-3340	6409
-5121	3307
7747	21917
4144	-2896
21752	-2896
1088	-5997
11302	206
-4476	-2896
4733	-15302
-11413	-2896
13312	-2896
11212	-2896
672	-15302
11261	-18404
-9223	-2896
3548	15714
32881	-5997
-3340	-2896
5100	6409
13354	206
7339	12612
-10366	-2896
901	206
-6257	6409
5281	-12201
17414	-2896
-14469	3307
998	21917
-464	6409
-9043	3307
-14926	-5997
-15155	-5997
-14559	206
9570	-2896
9251	-2896
3229	206
-3700	206
-963	-9099
2640	12612
-693	-5997
998	28120
-11413	-15302
-2245	3307
-7581	-12201
-7671	206
5967	6409
-5571	3307
-5620	12612
2959	-2896
-2792	206
3638	-2896
-3201	-2896
-13145	-5997
-13970	206
672	6409
-4525	206
18648	206
9709	6409
-12875	-5997
-12189	31221
17920	25018
11074	3307
-2834	12612
-14060	-18404
8475	206
-6486	3307
5918	206
1178	-5997
1546	-12201
6466	18815
-3569	-5997
-6805	206
-15065	21917
5648	206
13631	206
3091	-9099
4553	206
-10775	206
3957	206
19015	206
7339	34323
-6985	6409
-3381	-2896
7061	15714
15820	3307
1448	-2896
-14289	3307
16867	9510
-5530	-9099
-3250	-2896
-1698	9510
-3929	-9099
-9999	9510
-13007	6409
4144	-5997
-4573	9510
-10914	206
-11912	206
-3520	3307
-14469	-18404
721	3307
-11184	6409
5558	6409
-12778	206
-2834	3307
-3839	3307
-7033	-12201
-3430	3307
-4705	-18404
20200	6409
18468	3307
14227	3307
-1559	206
1864	-2896
1358	15714
1677	6409
9799	-5997
-14102	15714
-15106	9510
950	-2896
5967	-5997
-5710	-5997
-9590	15714
1906	-9099
-3520	206
12945	9510
-12140	21917
-11960	206
7061	6409
20339	3307
-11683	-2896
14677	206
-8904	-5997
10575	-9099
16506	206
-1379	-5997
3368	206
-1289	-2896
-9223	3307
-2335	206
7838	-9099
-4525	40526
-1559	9510
10346	3307
-13194	206
-1836	-9099
1587	-2896
-6167	206
1864	3307
-8676	206
-5301	206
-14102	59136
1407	-5997
-13007	-5997
10207	3307
-13921	-18404
-374	-2896
5419	6409
4463	3307
264	3307
-10318	-9099
10526	3307
-1788	206
1407	3307
-12459	-2896
5010	206
-5530	-5997
-10727	-5997
-7761	-5997
15820	206
-5301	-5997
-7082	9510
-13325	31221
17504	206
-5121	-9099
-6306	206
-11233	3307
-4026	-2896
-14240	-5997
-12826	6409
1088	-12201
402	-5997
-6486	3307
-5571	206
8246	206
672	21917
8385	-18404
-9452	-2896
19334	-2896
14040	9510
30463	9510
-9084	-2896
5010	12612
5648	-5997
-1510	206
-6853	-5997
-2605	206
-7532	3307
-7719	-12201
-13325	-18404
769	206
2453	9510
-14420	206
-5987	15714
-1836	206
11580	206
-15335	-18404
-12736	-9099
-12369	31221
-12140	3307
-963	-18404
2412	-2896
9203	206
10984	-2896
-12459	9510
10166	-2896
-4116	206
17186	18815
-8128	3307
-5668	206
22341	-2896
-6756	206
17962	206
-9313	206
15640	3307
-7629	9510
-783	12612
-11233	206
-4663	206
3687	3307
83	-2896
-55	-5997
-3520	6409
-3340	-9099
13222	-2896
-3887	-2896
-12826	-12201
23984	-5997
-14469	206
19833	3307
-13783	6409
-15335	18815
-4476	-12201
-873	206
5918	-12201
-14060	-2896
3507	-2896
2640	6409
-13554	-5997
5281	206
-6396	15714
-4525	-2896
3957	206
-15702	6409
-1510	-9099
3687	-9099
-10865	3307
3548	-2896
451	25018
8246	-18404
-5758	-5997
-4476	3307
15093	21917
-14739	6409
-3797	206
-14649	-5997
222	-2896
-9951	-9099
4096	3307
8205	-2896
-11364	-2896
-8586	31221
11531	-2896
20200	206
-10685	-9099
8295	-5997
1996	-5997
-4844	-2896
451	-5997
721	9510
-1150	-2896
3597	-9099
-284	-12201
173	-2896
-14607	-12201
6881	-5997
10575	-9099
-11274	206
-6624	-2896
769	206
4733	-5997
-921	3307
12945	6409
-4615	-5997
-10408	28120
-9175	206
-7851	6409
-8398	206
-3659	-5997
10942	206
18786	206
3229	-2896
18696	3307
-13194	-12201
5509	-12201
4234	-12201
-6666	-5997
10803	3307
1317	206
-12140	-2896
-6257	-5997
-4158	-9099
5468	-2896
11441	206
-5211	-12201
-4296	206
10395	-5997
4283	-2896
2640	206
-12598	18815
-1968	-2896
3091	-2896
-6347	9510
18828	-2896
-6666	-12201
-8537	-2896
5190	-5997
-15834	206
24351	-12201
-11593	206
3825	-2896
1088	206
-3749	-12201
28412	206
8614	-5997
9161	-12201
-3520	-12201
-3839	-9099
-6805	-2896
-4158	206
12259	-2896
-8586	206
-11364	-2896
-831	-9099
-3749	-2896
9113	206
7380	40526
8475	6409
5696	206
-693	18815
-4982	206
10256	9510
-7719	6409
6514	3307
4920	206
-6437	9510
7339	-2896
-14011	-2896
-3063	3307
-12965	206
-741	-9099
35	6409
-8814	6409
-12369	-12201
9203	206
-16021	28120
2183	3307
18190	206
-9542	21917
24212	12612
10166	34323
1906	12612
9203	-2896
-14011	206
582	-12201
-464	-5997
-7900	-12201
3735	-2896
312	-9099
2412	206
5468	15714
-11960	-9099
9979	-2896
-4934	15714
-14060	3307
19015	-12201
-3340	-9099
-2515	-5997
-11274	-15302
-2883	-5997
-2474	-5997
3139	6409
7976	3307
-8398	-2896
-8218	-21505
4504	3307
-14836	21917
9203	-2896
-11593	-9099
-4026	3307
6105	206
-1330	206
-464	-2896
-16111	-9099
-55	9510
35	206
-4934	206
-8398	-2896
354	-2896
2821	6409
264	-12201
10665	12612
-5758	206
8794	206
-13873	-5997
11032	206
6923	206
-14469	-15302
-7082	3307
21752	3307
9390	-12201
4733	12612
6653	-5997
-374	206
-3291	3307
-2605	-2896
-7082	9510
-464	-9099
12446	31221
-12050	3307
3188	-9099
-5571	-5997
-7442	18815
6334	-5997
-4934	-15302
35	9510
-13374	-2896
6563	-9099
-97	206
-11233	6409
6694	9510
6694	9510
-6756	-5997
-8586	-5997
-6029	-5997
31190	-9099
-6985	206
-7719	-9099
-7123	206
-9951	-15302
-8398	9510
2093	21917
12127	-2896
6791	-2896
-6306	-18404
-7719	3307
-7629	-2896
14088	-5997
1407	-9099
-1240	-5997
14268	3307
-12688	-15302
-12778	6409
1816	-12201
8614	206
5967	3307
-7990	-9099
1677	-15302
4601	6409
-55	206
-8537	12612
721	31221
5648	-2896
-8398	-12201
-2792	-5997
-7809	-9099
18468	206
-12050	-2896
-5481	-5997
-55	-9099
10665	-9099
17733	-12201
-1510	-9099
26631	-12201
-16160	9510
1130	206
10395	6409
-14836	-12201
12259	206
1268	206
-5121	-5997
-1607	-12201
-3569	-2896
11670	-12201
13631	3307
18696	-12201
1130	3307
7560	-9099
11489	-2896
1268	9510
4414	15714
-2196	-2896
312	-5997
5876	3307
3507	3307
1636	206
-4615	-18404
672	-5997
-1836	6409
-12328	9510
7061	12612
1996	-12201
4096	-2896
9480	-2896
-13512	-12201
-3201	-12201
-13422	-12201
3278	206
2093	-2896
7560	-9099
17324	-5997
-4753	-12201
-3201	206
-14060	18815
-15474	-2896
8018	-2896
-8177	-12201
5738	9510
13859	206
-9680	206
2412	37425
1407	40526
582	-5997
-7719	-5997
354	9510
-12328	206
3638	15714
-8080	-5997
3735	3307
-11780	3307
-2106	-12201
-6347	6409
5281	206
3867	6409
-12646	-2896
83	6409
5967	-9099
-5343	6409
-1968	-2896
24718	6409
-14788	15714
-14926	-5997
-7442	-9099
-8586	-9099
9203	15714
-15973	-2896
14178	206
-1012	6409
-4067	-9099
1864	-5997
-5938	206
-12279	206
-4844	-2896
-13831	-12201
6285	206
-8586	-2896
-7809	-5997
-9362	-2896
-1240	-2896
-10727	-15302
9431	18815
3139	3307
-7948	-2896
-13921	-9099
3867	15714
6604	-9099
3001	-5997
-15383	206
-5121	206
-7990	-9099
4601	9510
7747	-5997
-12279	206
-9542	-12201
-11046	12612
-873	-5997
10894	206
-10588	-2896
-10817	206
-13970	-2896
-10914	-15302
-12140	-5997
859	-5997
11032	12612
6057	-5997
-3659	-2896
-2196	206
-1878	34323
-3797	-2896
-8724	12612
15959	3307
4324	-5997
1954	206
-194	-2896
-11274	-12201
-1649	206
2183	25018
-4663	-2896
15772	6409
-4248	-5997
10755	206
9799	-5997
3507	-12201
-8856	-2896
25168	3307
-5211	-9099
7290	206
125	28120
-5800	-12201
4601	-2896
5599	18815
1636	-2896
6057	206
16188	206
-1420	-2896
10076	-15302
1996	3307
-11046	-12201
-10547	-12201
541	206
-4345	-5997
11621	6409
-13325	-5997
7789	206
-3977	-12201
-6805	-12201
2640	-9099
-11233	-5997
8704	3307
5419	-5997
451	3307
-15792	21917
2183	206
3368	12612
-6666	-12201
9570	-2896
1816	-12201
-16063	12612
-14289	-2896
8842	18815
9113	-5997
-783	-9099
-8128	-5997
8156	-5997
-14420	-2896
3957	-5997
6694	3307
-5211	-2896
6923	206
-13097	-5997
1767	-2896
-14330	-15302
-6576	-2896
-6943	6409
1816	12612
11302	15714
15730	-2896
125	206
-1649	206
10117	-2896
5052	-15302
-11274	206
18377	-2896
2502	18815
-12646	-2896
3091	-12201
-10089	-2896
-1330	6409
859	-15302
-1559	206
10076	9510
8524	-2896
-9722	-2896
5918	12612
-3340	-5997
402	-2896
16735	206
-7123	12612
3915	21917
5918	-2896
-9175	-2896
5918	21917
16777	-2896
-2196	-5997
-2245	-5997
4006	3307
-12549	206
222	3307
-1788	206
6923	6409
-10865	-5997
5100	206
11164	-5997
-13644	-9099
-9819	206
11489	-5997
23394	206
-13693	-12201
-7082	-12201
582	-15302
6195	12612
12487	-9099
26353	206
-3749	206
1636	-2896
-12418	-9099
451	-5997
3548	-5997
31419	206
-1968	-5997
-9680	15714
-1012	-5997
-13554	-9099
-8398	-12201
3319	-2896
-15286	-9099
-10089	-2896
8884	3307
-11870	-2896
-644	206
14677	206
-9590	-12201
16548	-2896
-6943	9510
21794	12612
-55	206
6971	3307
-6853	-9099
-14240	-15302
-9632	206
-194	18815
-4934	-9099
-2474	6409
8205	15714
-12099	-2896
-14607	-5997
-3749	-12201
8842	206
-9493	-2896
-13693	-15302
10713	21917
2592	-2896
3188	-5997
10942	34323
-5252	206
18966	28120
11580	-9099
-5121	-2896
-16021	-5997
9341	9510
-5800	-9099
-963	-9099
-2564	206
7928	-2896
-1698	-9099
-8218	-15302
-5162	-5997
-5391	206
2821	-9099
-12140	-5997
2044	3307
5786	15714
-1420	206
-7033	12612
-5938	3307
7339	-2896
-4345	-2896
-6666	-12201
2682	-5997
-7304	-5997
-11046	-5997
18149	6409
7152	-2896
1497	18815
11302	6409
18828	3307
-11233	28120
6923	18815
-1420	12612
-15196	206
3957	-9099
-6943	9510
-3153	-9099
22341	9510
14497	3307
20519	9510
6881	3307
-6257	6409
1497	206
21981	-2896
1220	-2896
-16021	-5997
7429	3307
-9223	-2896
-14060	206
-3291	-9099
7429	-2896
-8627	206
14227	206
12536	-5997
7290	-9099
-1102	206
4692	12612
8884	-12201
13721	25018
-14649	-5997
6514	18815
-145	12612
5419	-5997
11392	6409
-5211	-5997
-6257	206
10346	206
-8676	-5997
-6666	-5997
-5343	6409
7152	-5997
9431	6409
-10457	-9099
-2744	-9099
8704	3307
16139	3307
6971	-5997
7152	206
-9680	-15302
16638	3307
5738	-2896
-9313	206
-6167	21917
11441	6409
-7442	-9099
27906	206
-13235	-15302
-13783	-2896
8205	3307
-10685	-5997
17144	206
23713	6409
-3659	3307
-873	6409
17553	6409
14996	-2896
-8267	-5997
16091	21917
4373	-2896
-14836	25018
-11870	-12201
4234	9510
-7491	-12201
-8946	12612
-4934	-15302
11489	15714
-1060	9510
859	3307
631	-12201
12806	3307
-2564	-5997
-14240	3307
-2834	206
-14420	3307
-5758	3307
-4844	-2896
16825	3307
17504	-2896
4144	-2896
8434	18815
11212	6409
173	-9099
12674	-2896
-4026	-5997
22799	-5997
-464	15714
-10775	-2896
-12369	3307
12487	6409
-1739	3307
-3887	-15302
-8627	-5997
-8218	206
-12875	-9099
-8724	206
3049	3307
-6119	-2896
26901	-2896
-4844	-12201
11531	-2896
-15744	3307
-7	15714
-8856	-5997
6743	206
1407	15714
-9771	3307
3368	6409
12903	12612
-8814	-2896
8884	-9099
8752	25018
-1607	-18404
1317	206
4504	9510
8066	-9099
-3430	-2896
-1649	-2896
-4206	-12201
-3201	3307
7429	-2896
12674	-2896
2821	-15302
20747	206
-3111	15714
-8724	206
11164	-9099
-11274	15714
5329	-9099
13222	206
-8218	-2896
-2744	-5997
-14469	9510
19653	6409
-7172	-9099
-13055	3307
-11683	-5997
2959	3307
1497	-2896
4733	-2896
-2287	3307
5828	206
-12646	-2896
-11960	18815
19195	-2896
-14150	-12201
14227	6409
-8308	18815
2135	-5997
10436	18815
-15065	-5997
1130	-12201
-10914	-9099
4006	9510
-6853	206
-12328	206
6923	9510
-11364	6409
451	206
-3797	6409
-1788	-2896
-8357	-5997
-8946	25018
4920	206
-145	21917
-1878	206
5738	-2896
16188	3307
6923	3307
1864	-5997
17144	15714
-7304	-12201
11212	206
7429	-9099
1178	206
16229	-5997
-6943	-9099
8704	-12201
-1649	-12201
5918	3307
3735	206
-1968	-15302
-12646	206
-5211	3307
-2605	-5997
-8267	-12201
6285	6409
10616	-5997
10616	-9099
-3381	206
4234	18815
9251	6409
7242	3307
-7214	-12201
-2425	21917
1130	3307
6923	15714
6971	-2896
-15425	-12201
-14330	-2896
-7442	-2896
10984	6409
-4296	206
-9084	-9099
-9999	-2896
19285	15714
312	9510
12993	206
-2883	206
-8994	-5997
-8676	12612
-8267	-2896
7699	9510
-2973	206
7657	206
11621	9510
-644	3307
11711	3307
-5890	206
-10228	-9099
1996	3307
769	206
-4573	-5997
-14102	-2896
-8218	-12201
-15834	12612
-2702	-2896
-16291	-9099
-831	-9099
15183	9510
-1968	-15302
1546	-5997
-8856	-9099
5329	206
3597	3307
7470	-5997
-8856	206
-15286	-5997
-2058	3307
-3659	-2896
-4248	-21505
-5072	-9099
-831	34323
-145	206
-2106	206
-2335	3307
6334	18815
20429	206
-4386	-9099
20747	25018
-2287	3307
-14697	-9099
-9084	-5997
-3700	6409
4920	206
83	-2896
14268	18815
4920	-2896
7657	12612
1407	-12201
-14192	-2896
-3569	-2896
-13644	3307
-374	-12201
-16201	28120
-8946	-9099
-4026	3307
-2335	206
-5890	-5997
17414	206
-14739	206
-12965	-2896
-7491	-5997
18558	-2896
-9590	12612
-2245	15714
1220	6409
-6624	-9099
-9771	-5997
9071	-9099
5738	-5997
-8994	-12201
-2016	-18404
20837	-12201
-10547	206
3410	-5997
-1878	9510
-1788	6409
-15744	-2896
901	3307
-12917	-18404
6833	-2896
5967	-2896
-6985	3307
5239	-5997
-8994	-2896
-5848	206
-7851	3307
12536	3307
-2744	-9099
-9632	-5997
-6257	206
-4296	-2896
21565	3307
-10685	206
-7172	206
-14150	-12201
451	3307
8565	9510
10803	21917
-9493	6409
-16021	-2896
-13235	-5997
1358	-12201
4643	-2896
-3381	206
2730	3307
-3063	3307
-2245	-2896
-5938	9510
7380	3307
2453	21917
-8676	-5997
5329	3307
-13325	3307
-6534	-9099
8246	-9099
-4525	12612
2093	9510
13263	-12201
1268	206
4324	-5997
-10817	-9099
11988	-12201
4962	206
9750	31221
1954	-5997
7789	6409
4144	206
-14559	-2896
-13374	-5997
-7033	15714
-10041	-5997
-12328	-9099
-7851	15714
-10457	206
16139	-2896
-6715	-15302
-2792	-2896
-14559	6409
1636	15714
-2058	3307
354	-2896
3001	-9099
-13603	206
4054	206
27545	6409
14040	6409
-7352	-12201
-14150	-5997
8704	6409
-8946	3307
2682	3307
-7304	3307
-8814	-9099
15363	-12201
-3977	9510
8884	-5997
-10269	206
-8357	-2896
2911	28120
-8946	-18404
-2287	206
-1469	9510
-97	-9099
16458	15714
11351	3307
10395	-9099
4782	-5997
2363	3307
-8177	-2896
-16250	12612
264	3307
-7172	28120
-9951	-2896
3735	-12201
3001	3307
3687	3307
2959	-2896
2730	206
20061	206
-9175	6409
-5848	-12201
2862	6409
9203	206
-4663	-2896
29964	-15302
18100	3307
12765	9510
-4753	206
-3700	-2896
10803	3307
14864	206
7200	-5997
-11233	6409
-3610	-5997
901	3307
-374	3307
20928	-5997
-13741	-9099
3188	-5997
-8177	-18404
7747	-5997
20699	-2896
-4345	-9099
4733	18815
5052	-2896
-15474	-5997
5329	-12201
-2106	-15302
-13603	9510
-5710	12612
-13464	9510
-11046	6409
-11642	206
21655	6409
-1289	15714
10942	3307
17733	3307
21018	6409
-13097	-18404
-14878	-9099
-284	-5997
20886	-2896
-11413	206
-4753	-2896
-284	206
-6167	-12201
17186	-2896
-12549	-18404
7470	206
-5620	-15302
4054	-2896
-3569	-12201
-13284	3307
-7172	3307
2730	3307
5100	-2896
354	206
-6209	3307
27317	3307
12078	-2896
-9722	-2896
2682	206
-3340	9510
-831	9510
-5252	-18404
-11642	6409
-3201	-15302
11850	-5997
-11870	6409
-10547	-2896
-8038	-12201
-10955	-2896
19472	206
-14150	-5997
-10138	18815
2315	-15302
5786	25018
22390	-12201
-3340	206
-3381	206
-11912	-5997
6244	-5997
-3430	-5997
-13007	-2896
-10588	-5997
22113	-5997
541	3307
1407	12612
-7401	-18404
-8537	31221
-2564	-2896
19923	9510
9799	-2896
-4116	-5997
-4026	-2896
-11274	-9099
3825	-15302
-2744	3307
2183	-9099
-6624	-2896
11302	-2896
16368	3307
1407	206
4830	15714
8205	3307
-11136	6409
14227	-2896
-12875	-9099
3278	-2896
9341	-9099
492	9510
-11184	-12201
-11642	-5997
-12002	-2896
-10041	15714
582	-5997
-9590	9510
-741	-9099
1996	3307
-11274	-12201
35	-5997
-7442	-12201
-921	-2896
-1836	206
5738	21917
-12778	-9099
18468	3307
-14968	206
8385	206
3548	206
16139	9510
11760	3307
-3977	9510
-12418	21917
-8177	-12201
3278	206
2862	206
-3021	25018
-2564	-5997
1767	206
-3478	-5997
10256	-5997
-9771	-9099
11302	-9099
-15016	-15302
582	3307
402	3307
11074	12612
4872	3307
5010	206
-5252	-9099
-14379	-2896
6563	15714
3735	6409
-9999	-12201
-4615	-2896
3188	206
5828	-2896
5696	6409
5281	31221
-3111	18815
1906	9510
5052	6409
13173	3307
6105	-5997
-9861	3307
-14788	12612
-6666	-5997
-9861	9510
-7719	-9099
-5301	-2896
10616	9510
7380	-2896
-9819	206
-11683	3307
-12965	-15302
2543	25018
-1788	-2896
13492	-2896
3278	-2896
3735	-2896
10845	28120
1407	-5997
-15744	15714
18010	-2896
15543	9510
-9272	15714
4373	6409
6881	-9099
-14926	-9099
6694	3307
-741	206
-11364	15714
6195	6409
22071	-9099
-14649	206
-10138	206
-1060	-2896
-15106	6409
24392	-9099
11122	3307
9937	-5997
-14420	-15302
3825	-12201
125	-5997
-6077	15714
14726	6409
-3659	-5997
-15654	-9099
17373	3307
9937	9510
-873	3307
17144	-5997
-7123	12612
-1559	15714
-11364	-15302
-13145	-12201
-55	21917
83	3307
29001	-9099
6057	-2896
23526	9510
6285	9510
25993	15714
15862	9510
-13284	206
-1878	206
-6347	9510
-10269	3307
20886	206
1954	-2896
5371	206
-15106	-2896
2225	25018
11122	-2896
-13235	206
-10041	-9099
-13007	-2896
222	206
2183	206
-14836	-12201
6466	-12201
1636	3307
-1739	12612
-12646	-5997
2772	37425
5828	-2896
15322	206
11351	206
-2058	3307
7339	12612
-10041	9510
12536	-27708
-10914	18815
-13007	-5997
3091	-9099
11898	6409
7290	3307
13263	-12201
4324	206
2592	3307
-14607	-5997
5918	-15302
18468	12612
-7	18815
5648	-2896
-11503	-5997
5648	-2896
354	6409
-10498	206
-603	6409
901	206
-12508	-9099
2772	-5997
5786	-9099
-1788	206
-10179	-18404
4324	3307
9847	-2896
22022	31221
7242	-2896
-3478	18815
10616	-5997
8434	3307
1088	-9099
37351	3307
-13235	3307
3638	3307
-423	40526
-2335	-2896
-9403	206
-13741	3307
-3659	-9099
-7491	-2896
-12418	18815
-4705	-5997
3278	-15302
-9722	-9099
23893	12612
11940	12612
-3250	34323
-11551	34323
-11683	-9099
-4892	-2896
5828	-18404
-1102	206
-13970	206
12078	206
9979	12612
10713	3307
-13097	-12201
-11323	-9099
4643	9510
-10637	-9099
4872	206
-4435	-2896
11392	3307
4733	-12201
4692	3307
2044	-2896
7013	3307
-1192	206
-7442	6409
-2792	18815
-4345	-2896
-14420	-5997
-8038	-5997
1906	206
-15474	-12201
13263	-2896
-325	15714
2412	6409
13811	-2896
11122	206
-13097	28120
-14607	-5997
-8904	9510
-1607	-2896
6105	-12201
-11323	3307
-14102	-2896
-9403	-2896
-4982	6409
-11233	31221
7699	3307
-7	3307
5599	-2896
-8495	-12201
-1469	-5997
-6624	-9099
-6209	15714
-11094	-18404
-7304	12612
-15515	34323
7747	3307
-12002	-9099
-2792	-2896
5239	9510
-3839	206
9847	-15302
-6853	-12201
6375	9510
-13374	18815
-14697	15714
5281	-2896
6833	-15302
-14926	15714
11940	206
6015	-2896
-1420	37425
-873	9510
-9493	206
-15792	-5997
25764	206
10207	6409
-7352	12612
492	25018
-15106	-2896
3867	206
5239	-5997
10665	12612
10894	15714
-1240	206
22431	3307
125	3307
-6486	-9099
-12736	9510
-603	206
8842	-5997
8752	34323
-11094	-15302
5281	-2896
-11046	206
-3250	9510
17782	-12201
-5121	-2896
-7401	-18404
8932	-2896
402	28120
-12369	3307
402	-5997
23166	206
12307	-2896
11122	31221
-12231	-9099
-5343	206
8205	-5997
-12231	-12201
-783	-2896
-3659	-9099
-9175	21917
-1926	12612
10526	-9099
4054	37425
7838	206
8932	9510
18599	-2896
-145	-5997
-9771	-5997
-4892	206
19424	-2896
19694	15714
7519	-9099
-1559	206
8475	-2896
-4248	3307
11441	-12201
8475	6409
-12050	9510
13582	12612
8434	206
-1330	15714
-3340	-12201
-2564	-18404
-7491	-12201
-2106	-9099
-235	6409
-9313	6409
16638	-5997
5371	-5997
18925	3307
-3291	206
7290	-2896
6653	-15302
-2515	18815
-13741	6409
6694	-5997
9341	206
-16021	-5997
582	-12201
15592	-2896
-741	-12201
-4026	206
18828	-12201
8205	-5997
-9175	-2896
8614	206
10207	3307
11261	-2896
7110	206
-5162	21917
4643	206
901	206
17504	-15302
-14878	-9099
-9909	21917
-13422	-2896
14448	-5997
-13783	3307
83	206
4830	6409
20747	9510
-12598	-12201
13451	206
402	-5997
4414	15714
1268	-9099
-3610	3307
-4248	3307
-6077	28120
-15106	-5997
1448	206
-10775	-9099
16229	-5997
-12598	206
5828	-5997
10436	40526
9390	-2896
5052	9510
-3977	-9099
-14289	-9099
20519	3307
26083	-5997
17054	206
-1649	-5997
7928	6409
-2058	-12201
-4892	206
1220	206
1677	9510
3188	6409
5329	3307
7110	15714
3548	206
-6486	206
19195	25018
-14060	-5997
-10547	-12201
-8537	12612
-7719	6409
-9590	-2896
-4573	6409
18738	-2896
-13512	-5997
-2106	206
-11593	-5997
-12965	-9099
-11683	6409
-3430	-9099
-2792	18815
-7671	6409
12127	3307
-7761	206
2135	28120
-9999	-2896
859	-5997
3548	25018
11940	206
-7304	9510
-1968	3307
-5121	-2896
-11870	206
-7172	6409
1358	206
-513	-5997
-10727	-2896
15640	-2896
-10775	-5997
14448	-2896
-3021	-2896
11074	-9099
-12549	-5997
1358	206
-12688	-5997
18509	-12201
-2654	-18404
2273	-2896
1546	-9099
-1060	3307
22431	9510
-11274	-2896
-5668	-5997
-693	-5997
-2564	-2896
-7851	9510
-6119	3307
7429	-5997
-10685	-5997
21655	-5997
19195	21917
-16063	-9099
-3659	-2896
13769	-9099
4782	-2896
-7214	-9099
-554	-5997
-11323	31221
-10775	12612
-4435	-2896
-12369	-15302
-8177	-2896
6057	3307
-8267	12612
-10041	206
14130	206
-3153	12612
-1102	-2896
-464	3307
4692	206
2225	9510
7657	-2896
264	206
4601	-5997
8842	9510
-693	-9099
-8495	-2896
15502	206
-2515	9510
11621	-5997
3049	3307
2225	-9099
-5620	-5997
21205	3307
-2245	206
901	6409
4324	-2896
-13374	206
-741	-5997
-4753	-5997
-13741	6409
173	-2896
13312	-2896
-7172	-5997
12993	9510
-14060	3307
13492	-5997
-15286	-9099
-2245	-2896
-1330	206
-5252	-5997
11898	206
-7082	9510
-10498	-2896
-3153	-2896
-15196	-12201
-8177	-15302
25487	-5997
2959	3307
10845	-2896
14996	6409
13769	12612
4283	-5997
10485	3307
-12508	-9099
-12688	-5997
19653	-2896
8018	9510
-13097	-21505
-15425	-9099
-12459	18815
-5391	206
1178	21917
-1289	9510
23346	9510
-15744	-9099
-5710	206
11711	-15302
-8676	-9099
-14788	3307
10485	-9099
-11136	6409
52859	18815
-2605	-2896
7380	25018
2412	-2896
-2515	206
-3520	3307
12536	-9099
901	206
-4795	-5997
15543	-9099
13451	-2896
-1559	-2896
-8724	-5997
8932	-12201
3188	206
8336	6409
-5710	-5997
-12875	-5997
-4525	-12201
-1739	3307
12903	6409
2502	3307
19562	-12201
-15973	15714
-4435	3307
-2335	206
21842	31221
-8994	-15302
5239	-2896
-2834	-2896
-7262	-2896
-11323	-12201
-12002	-5997
-11184	-15302
-9084	-9099
-2155	31221
6375	-12201
10755	3307
-7809	-2896
-13464	6409
-3291	206
-4892	206
-13873	-9099
11261	-5997
-1379	3307
-7352	-9099
-11822	-5997
1268	-5997
10207	15714
-1968	206
-1150	9510
1767	28120
-15702	-9099
1587	9510
-10269	-9099
-10727	-5997
7152	12612
16915	9510
-11094	206
-5938	3307
-7809	-15302
-14517	-12201
-5252	-2896
-13464	-2896
-6347	-2896
-4026	12612
-13145	-2896
9847	-2896
-9909	-9099
998	-12201
4643	-9099
-11503	-2896
8246	206
10485	-9099
7013	-9099
2412	-15302
-6209	-15302
-1926	3307
4234	-2896
3410	-5997
-12279	206
13312	6409
1268	-9099
-15383	15714
19791	-5997
83	-12201
2225	-12201
-1060	-2896
-8080	-2896
264	3307
-7352	-21505
5190	206
-11046	-2896
901	-12201
-11593	-2896
8655	3307
-13097	-5997
-1878	-2896
-7990	6409
3915	-2896
-603	6409
4414	12612
7152	-5997
12765	206
-8627	-5997
12127	3307
-11364	-9099
-15335	-9099
4733	-9099
3319	3307
-6756	-5997
-235	206
6791	206
15959	-5997
3548	206
15682	28120
-4206	206
-11822	206
15183	-9099
-7809	3307
-13603	-2896
-6895	-2896
10207	-5997
5190	-2896
5509	-5997
-2155	-5997
10166	3307
-7719	15714
3319	-9099
13222	12612
20609	-2896
-8495	-5997
-325	206
17324	206
-13374	3307
-2605	-2896
-6756	6409
173	-2896
-3430	206
9660	-5997
-1878	-2896
2273	6409
-13284	-2896
4643	206
8156	15714
-1060	15714
4553	-12201
17005	206
3548	3307
-16201	-9099
-10588	3307
-2792	206
-8038	206
-14517	-24607
15183	-5997
-1379	3307
7928	-2896
17234	206
-12965	-2896
-6029	3307
3597	-15302
-7262	-18404
-8676	-21505
8246	-9099
15682	-5997
13173	-2896
3915	9510
-13554	9510
7886	-2896
3687	-2896
-7214	-2896
5419	3307
173	-2896
2821	6409
-11822	-2896
-6437	-5997
-741	18815
2862	-5997
-12549	-2896
14497	6409
20976	31221
-831	3307
-5121	206
-3929	-2896
14587	-2896
-5440	3307
-14607	-5997
9023	206
-1240	9510
-13097	-5997
4144	6409
-6257	21917
34981	3307
-5987	6409
7061	-2896
-10089	206
-2016	206
-1739	206
2363	28120
-1926	-12201
7886	-2896
5149	206
3597	-2896
-7082	-2896
-644	206
9660	3307
13769	6409
-831	-5997
1358	-2896
-11822	206
1816	-12201
-10547	6409
-2515	-5997
6015	-5997
1317	-5997
-9819	9510
312	6409
-4026	28120
-13374	-12201
-2196	3307
3957	-2896
-3977	3307
4872	-5997
-7761	-15302
21932	-2896
-5987	-12201
-12688	206
173	-5997
6743	-2896
6334	12612
5010	-12201
3091	206
-2384	-2896
1677	206
-2245	206
-10914	40526
-2973	206
31509	18815
-741	206
-10914	-12201
14954	-5997
-2058	206
-6624	-15302
10616	-2896
-7761	-5997
-12418	12612
3825	21917
-14788	3307
-15882	-12201
-11732	9510
-2744	206
4096	206
27954	-5997
-7214	3307
10076	-2896
-6437	9510
-3700	206
5052	-2896
-3153	-2896
-11004	-12201
-11551	-9099
21704	-2896
-1739	206
2502	-2896
-13512	-9099
-5890	-9099
9660	-2896
-5440	-2896
2959	-2896
-11094	-9099
17463	6409
-6624	3307
-2564	-5997
-1192	-5997
-12231	6409
1448	-5997
4920	6409
-8946	-2896
-11780	-15302
5239	-2896
4373	-2896
-7304	-9099
-12369	3307
-15882	-5997
11580	-12201
3049	3307
-13422	-5997
17733	3307
-10865	-2896
-3201	3307
-1330	6409
-3520	-5997
10436	-2896
5696	-2896
-831	-12201
-5252	-2896
2592	-12201
15093	206
6923	-2896
14317	12612
14587	206
6375	43628
7200	-2896
13222	6409
16188	12612
5052	206
12536	206
22341	21917
10665	-12201
13402	-2896
27954	3307
-5211	206
7339	-5997
10207	3307
-1469	-5997
-14607	-5997
27317	-5997
6833	3307
-6437	-12201
-2155	3307
-12418	-15302
13721	-2896
6015	9510
9709	15714
6057	-2896
13083	-9099
-2335	-5997
25265	-2896
-145	34323
13263	-2896
451	-9099
-10955	-5997
-5162	6409
-7719	206
8884	206
1448	3307
11489	-5997
-873	-2896
-10914	6409
-12231	-9099
-6666	3307
-12646	-12201
5786	3307
5967	3307
-12508	-5997
18509	3307
2135	-5997
-14060	3307
-1878	206
-1559	-5997
11074	3307
5648	-2896
17005	6409
1546	-2896
13769	206
-2744	-5997
20200	6409
-14289	-9099
35937	18815
14227	206
-13603	206
2821	6409
-4206	12612
8794	-12201
-4934	-2896
7838	206
859	206
33699	-9099
-194	12612
-13554	-12201
6514	-2896
18280	3307
-11870	-2896
9161	-5997
-3381	3307
2453	-5997
2730	3307
-10727	-12201
-9175	-2896
2412	6409
3687	3307
-6347	-21505
-11683	3307
-12778	206
-8447	-2896
6604	-9099
4054	-2896
7560	3307
10665	3307
901	9510
-4345	18815
-7948	-18404
-6756	-9099
6791	-12201
-5072	-2896
5876	3307
-644	-5997
2453	206
-2384	-12201
1767	-2896
-3569	-9099
-12231	-2896
631	9510
-10318	-15302
-15882	9510
-6853	-9099
-3749	-9099
-873	-2896
-7851	206
-13374	206
9341	-2896
3867	-18404
-6715	3307
15730	-2896
-8038	-9099
-14517	-9099
4234	-5997
-7	206
-4296	3307
5599	15714
-5301	-5997
-10457	-2896
3458	-2896
-145	6409
-10498	9510
-3291	206
2183	206
-2155	206
1906	-5997
5371	12612
-831	-12201
-284	-2896
14635	-9099
6334	6409
-13374	-5997
8295	15714
-11136	-12201
-693	-5997
-10366	-5997
-2196	206
24621	-5997
-2245	-5997
-7214	-2896
-644	9510
-7033	12612
17962	-2896
23845	34323
11212	-2896
-13873	28120
-7948	206
7200	-12201
-11323	3307
-15383	3307
-3610	206
16915	9510
-6486	-2896
7609	-5997
-8218	-2896
-8267	-9099
-8398	-5997
-2605	-12201
11670	206
-10637	25018
-145	-18404
-12688	3307
1767	206
8655	-5997
1954	206
20290	6409
-8586	3307
-2973	-2896
-1469	-5997
13263	206
1220	3307
-5620	-2896
-4705	206
-2792	-5997
-194	-12201
16777	206
6694	-9099
12536	15714
3825	206
492	12612
-6486	-2896
-16063	-18404
7976	-12201
-5024	9510
-12328	206
7789	-2896
10755	-2896
6971	6409
-6437	9510
-10865	206
-1330	12612
-4206	206
-12369	28120
4283	3307
-1150	25018
6244	6409
-13374	-5997
4054	-12201
-1739	206
-6666	-15302
-13693	-5997
-7671	-5997
25993	3307
16229	6409
-15744	-18404
8565	21917
9799	-5997
2093	206
11850	9510
9979	3307
2543	-15302
1317	-5997
16319	-2896
-9452	-12201
11940	3307
1040	15714
-6576	31221
-10727	-5997
-5890	-9099
-5890	-9099
26769	-5997
-13693	-9099
-1102	-5997
-10318	-9099
-8398	-2896
-1330	-18404
-6805	-2896
1220	-5997
-13783	206
11392	31221
1546	3307
-3929	3307
11302	-5997
-12231	-9099
-11912	9510
12259	206
8434	6409
-12328	-5997
2821	206
13132	9510
-2245	206
-8398	-5997
83	34323
5967	-12201
23297	12612
402	12612
-1607	-5997
13949	21917
9300	-12201
1358	-9099
-7	25018
15363	3307
5967	6409
-8218	9510
2363	9510
-3887	-5997
9161	6409
3091	12612
-12369	6409
-4753	-5997
12169	28120
26582	28120
-1968	-5997
-15744	-5997
-13374	-12201
-9313	-18404
-12917	-5997
-13873	-5997
11392	-2896
4373	3307
1130	3307
5696	-15302
4414	9510
-11551	-9099
-4206	-12201
-4705	206
-1926	206
-10138	206
-11960	-12201
10298	206
-5620	3307
-13783	18815
11621	6409
-10498	-5997
-13422	-9099
3597	-12201
6285	3307
3319	-9099
5329	206
2821	-2896
-2702	-5997
2363	6409
-8038	206
-6437	9510
-15286	-5997
-9175	-2896
-11912	-12201
10845	-2896
-11683	-9099
-3153	206
-6895	-5997
-11870	-9099
3091	-5997
1497	-12201
-8537	-5997
2640	206
-1649	6409
2502	206
10665	3307
-7851	9510
-7532	3307
-14420	-9099
19743	-2896
1358	206
-13693	3307
-11184	-5997
1636	-2896
-4386	-15302
-8627	-12201
-235	3307
13679	12612
-10685	-12201
-8586	9510
20061	206
-12050	-9099
-12328	12612
-8357	21917
1407	6409
3368	-2896
3548	12612
7380	9510
4643	-9099
1448	206
-4116	-15302
-5620	-2896
3735	-2896
-3749	206
-4435	-5997
-12279	6409
-8856	206
-8038	-5997
-12965	-9099
3139	206
8246	-2896
-1836	-2896
6881	-2896
7290	206
1816	6409
-8814	-9099
4186	-9099
1864	-5997
1636	-2896
19424	3307
10575	3307
-4615	-12201
-12736	-9099
-9722	-12201
9431	21917
-1102	-12201
-15065	-18404
-11046	9510
5371	-9099
-5072	-9099
4601	-5997
6514	-9099
7013	-2896
-6576	206
-9403	-12201
-8128	25018
-9313	-12201
2273	206
-13512	15714
1864	9510
3049	-9099
-4705	-5997
-11004	-12201
-9590	206
-4386	-15302
-1192	-5997
-13644	-5997
-5668	-21505
13998	3307
-15931	-18404
-2654	-2896
16506	3307
5010	-5997
-9771	3307
-8724	15714
-4982	-5997
-12231	6409
-6257	-9099
-7442	3307
-4844	3307
-7948	12612
-7761	-15302
-9771	-9099
-12826	-5997
1407	3307
4643	-2896
-5530	-5997
-11780	206
-603	-9099
-2883	15714
12169	-2896
-4067	206
-13921	206
3867	206
-5758	-5997
-10408	206
3777	-2896
-4525	206
-7262	18815
-6895	3307
901	12612
14635	6409
-15612	-21505
-3569	206
12903	3307
-7948	3307
1178	206
-9632	6409
-7990	25018
264	9510
15682	-2896
-2287	206
-5024	-2896
354	6409
-6396	3307
-4663	31221
7747	-9099
1448	3307
-12099	-9099
15183	-9099
5281	206
-7442	-15302
-13055	3307
16368	-2896
8205	206
-16160	-5997
13035	21917
-11454	-2896
-2883	3307
-8398	-5997
-10914	6409
7519	-2896
-15245	-2896
-2155	206
-10366	-9099
769	-5997
-4476	-5997
-3340	-9099
-15196	-9099
7013	21917
-3659	3307
2273	206
23623	206
-1649	-5997
2315	-12201
-8080	206
4782	-2896
173	-9099
-15155	-2896
-14379	-12201
-4934	206
11032	-9099
7339	-15302
-8267	206
5876	12612
-11094	6409
-5987	-15302
-6167	-5997
-6624	-5997
1864	49831
3458	3307
-12002	9510
-1469	-2896
10346	6409
11122	12612
16957	-2896
-8946	-12201
-13644	-15302
7380	-2896
30324	3307
7609	-2896
12217	206
-12279	-18404
-2106	206
-13970	-9099
-11233	-5997
-13325	-5997
-8080	206
9750	-2896
4872	6409
12716	-5997
-2834	-9099
-7214	3307
-6029	-5997
-10865	21917
20657	206
-14836	-2896
-3569	-5997
-2155	3307
-10547	-12201
6105	9510
-2058	-5997
4096	-5997
-4386	3307
-4386	3307
5468	-21505
2862	6409
-16430	-9099
8156	-2896
-6396	3307
3278	3307
-7442	-2896
-7442	6409
8794	206
-1968	3307
-194	-5997
-8177	-5997
-13235	-9099
-3749	206
-9771	3307
15044	-5997
6923	206
13035	-5997
-15973	-5997
10526	-15302
-2058	9510
26582	25018
10803	-9099
27497	21917
-8946	-18404
4096	9510
20151	206
-8267	15714
-6756	-9099
-8537	-5997
-13097	-5997
-4158	-2896
-2384	21917
-12917	-9099
12037	3307
-3520	-2896
-7948	9510
-8080	-2896
5329	206
-12508	-9099
-4158	3307
901	206
-7719	-5997
7560	206
-14289	-5997
-2058	-15302
16867	206
-1102	15714
-2155	206
-1510	-9099
12037	3307
-10775	-12201
-6895	3307
19743	206
11850	206
-15973	18815
-11642	-15302
19833	-5997
-1649	-12201
-2973	206
1546	206
-13831	12612
9979	206
20470	-9099
12855	21917
3825	-2896
12078	9510
9528	-2896
7560	15714
-12826	3307
11122	3307
1816	-9099
-4663	3307
5419	-2896
24302	-5997
2862	25018
-11364	9510
-3659	21917
-8994	-5997
-11094	-9099
27545	25018
-14330	-2896
-9133	-9099
-145	-2896
2543	6409
12855	9510
-13007	-9099
-8904	206
-3610	9510
10845	-2896
-13097	-9099
-3569	-5997
-8904	-5997
3139	-12201
-5800	-5997
10076	3307
9341	-2896
-97	-2896
-7123	-15302
-374	-5997
8108	-18404
-554	-15302
-11094	-9099
1497	6409
-8357	-2896
4006	-18404
3091	-2896
-11683	-15302
7519	-2896
3229	21917
3458	9510
16548	3307
-15973	-9099
-1420	9510
9390	-18404
11988	9510
-7761	-12201
-3250	6409
-15882	-2896
-1150	-5997
12259	206
-11642	-2896
402	3307
4920	31221
-6895	25018
25356	-9099
-4525	-2896
-4982	6409
8434	-5997
5419	-9099
2592	-2896
-4026	206
-9632	-9099
-603	-9099
2772	-12201
-2058	206
-1240	-5997
10845	9510
-1698	-9099
-3659	3307
-15286	-2896
-6805	-9099
-7948	21917
-6209	-5997
5967	6409
11032	3307
-6624	-12201
7290	-18404
-14649	3307
11074	15714
-9272	-12201
-2058	-5997
-15335	-2896
-13145	6409
16049	206
7747	-2896
-6624	-2896
14677	3307
-4296	6409
-11046	6409
12674	6409
-6209	3307
-6666	-9099
25945	9510
5738	3307
-6347	3307
-1926	9510
-9951	3307
-11870	12612
2093	3307
23665	-9099
10076	-2896
30920	206
3638	-2896
14996	6409
8295	3307
9113	6409
-10498	-12201
-741	9510
11898	12612
-8398	-5997
-11503	-2896
-4386	-9099
-4435	-2896
30234	-12201
-8676	3307
-3201	-2896
811	-12201
29188	12612
-11912	-2896
859	-9099
-4892	9510
-7671	-9099
-4345	-5997
19147	206
-2155	9510
-3887	-18404
-13097	-12201
-11136	3307
-7172	-5997
20470	206
18925	18815
-9951	-5997
18509	9510
1816	-5997
-12917	-12201
-7851	-12201
-1060	-9099
-5800	-2896
-7033	-5997
-5481	206
7200	6409
-741	3307
3957	-5997
4283	3307
-5848	-2896
-6209	-9099
13901	9510
4920	-5997
17601	206
-6943	-5997
-3749	9510
-11822	6409
5918	12612
9300	9510
-15882	-5997
-10366	206
-9771	-15302
-6943	206
8336	-2896
3139	52932
18280	9510
-14060	18815
6375	-5997
1636	6409
3867	206
-7352	3307
-7900	-5997
8066	206
7976	-2896
6015	25018
-3111	-5997
18239	3307
-12778	-12201
-12646	9510
-9999	9510
12765	-12201
-8537	-2896
-12875	-2896
-3063	-12201
14816	-5997
10395	206
-5391	6409
-6943	3307
-10637	-2896
12169	-2896
5967	-2896
6563	6409
5419	25018
811	206
-9175	-9099
-603	-5997
-4892	21917
17186	206
8614	3307
-1607	-5997
-5710	206
15453	9510
-5024	-5997
-14788	-5997
-13007	12612
-55	-2896
-11503	-9099
-10685	25018
-3977	-12201
10713	-9099
-12459	206
-3659	3307
-693	12612
4643	-5997
7380	3307
-9084	-5997
-12826	-5997
-13603	206
6105	206
8704	15714
3687	-2896
2640	-9099
16319	9510
-5481	9510
5149	-12201
14996	206
-6715	-5997
-10408	3307
-2702	-5997
11302	-2896
-5987	-9099
-12736	206
2225	3307
10485	-12201
6057	18815
6971	-5997
-10041	25018
8156	-2896
-11780	-5997
8246	6409
-8447	-9099
3548	-2896
-8904	206
-6347	3307
10298	-9099
2363	-9099
-11454	206
-8495	3307
1317	-15302
