-18787	-13460
-9287	-3847
-12768	-7117
88	-10227
-5355	-6743
88	5410
5965	-6874
3561	3046
-10314	-9443
-11867	4672
2968	1328
-12835	-9004
-2658	7969
-6749	-4006
-4094	-7257
26093	-1718
973	5111
-9412	11
3628	-5445
18822	2140
1641	-1764
1825	8717
14113	1729
13011	4784
4763	-6883
-9429	-3773
16259	-3063
1800	6998
14397	-5585
-17326	-5566
-4946	-7920
17712	9286
18221	1888
3311	3392
5807	4205
-8227	-4202
-10523	7605
-3911	-8107
4120	20131
-1590	10062
8328	-21222
-16149	10034
4947	-2717
88	-4053
88	-7070
-13119	-3016
1866	1860
4154	-23286
5598	-1736
-1423	-9097
-1715	-6603
13654	-5342
-1423	7754
88	11
6049	2467
-8694	-15645
8437	19580
88	-5295
-3560	-1213
12886	4102
-15498	11
1157	-1559
-8360	6708
-1590	-4903
88	10276
-1565	-12451
-3251	11
-1615	-5445
11843	-9387
1958	-1699
-855	6447
-11349	2719
1007	7110
-11950	-16953
3536	-12012
5565	6568
6258	-4258
88	-1671
-1523	21495
1574	11304
3912	-15412
-6282	8483
-3827	3532
-10506	4700
88	-3427
-8619	5802
5106	-11404
42456	11
-21759	1580
-3410	10874
1750	-4651
-8678	-3735
7159	2252
88	1823
-9011	11
-4570	-17523
3736	-5052
-2892	17217
1858	16600
-18595	4102
-15014	10333
5815	-22380
5807	-2979
24123	-18270
-9187	-2381
88	11
-1548	15536
-6056	-8462
1558	-7789
33390	2140
-4437	3803
-1431	-13945
6400	-5193
-12251	4046
-5029	2682
-7818	7511
3060	9604
7710	-4501
9597	7409
-7300	10333
16434	7614
-15707	7801
19047	11099
-7542	11
35427	11
18638	-4576
1925	11
-5004	-9667
-11199	-3913
-972	-3446
1858	-7117
-9354	-6977
12536	11
4521	11379
5874	1991
-1924	9847
-8561	-9630
-2132	-19989
13287	-5071
88	-13469
4655	-1764
-1523	-10424
3119	-2867
-8652	11
9589	11
3152	-1344
7969	22261
-2157	-8126
15967	-11984
88	-21876
-15573	-4016
3628	-2437
-16024	25363
7226	6306
-11908	8987
1750	-25276
8019	10052
9914	11
-4194	-8836
3261	-4305
-14588	35591
8353	1692
-23154	-3399
88	4690
-2951	11
3077	-5193
3928	7605
88	-8051
41496	3850
-7634	-14515
-29507	4139
11125	4448
-1498	4924
-11950	-7771
-18470	-22614
-4954	-1764
17144	-1587
-11048	-5538
-1414	-7210
-10063	7427
-1690	1066
-1782	10202
5197	-13618
88	11575
-1548	2393
-8293	-2362
-3026	8502
-4361	2019
-10506	3756
-7016	11
4438	-15197
15716	-3128
-6014	2514
-6582	2747
-6891	11
-1523	21159
88	5400
9180	11
-12893	7259
1841	-5491
-1139	27922
88	-1316
11793	-19513
2042	-1428
16493	-13730
-2191	-2698
1741	-13357
6900	-1503
-5038	2411
9004	11
-830	10155
88	-7761
-3017	16685
1574	2411
9029	5765
88	-1727
88	11
-12067	-8490
-4428	1879
-7609	1701
-4754	5643
2058	11
-16074	20328
1624	11
-7684	16040
9013	-2484
-7868	4074
-1490	-5034
2225	11
1616	2056
-8586	21449
17753	11
1750	9202
-14655	2075
1658	-7079
10123	1795
-2984	1384
-8844	-10853
-7676	2710
20224	-3390
-11090	6073
88	-3689
88	3243
4012	18076
88	5578
-3568	11
1800	5522
-9963	-8892
10916	-12796
-11766	-1634
16610	11
3010	6316
3069	5335
-9980	1440
-9003	2038
1265	11
-2884	11
-7576	-7472
6884	11
-8285	14377
14781	-5538
1633	6512
-1448	8231
88	7941
4555	14648
1858	2010
-3234	4849
-2157	1739
1841	2747
-4837	13013
6324	7278
88	3710
-4261	-1923
-3927	-3623
88	11818
-12150	-3371
17728	-3436
-8051	-8565
-8160	-4212
26836	4186
-2842	9464
10791	-2754
88	-2343
10908	1757
-5296	7072
-28697	-9723
-2583	11
-4144	6792
6249	8109
7677	14321
-2016	1795
6266	-14020
15700	2019
-22795	1402
88	-4342
-3702	8193
20492	-7472
17653	10603
-1723	16236
-11516	-9901
6375	1720
-6974	-1708
14531	-2166
16451	19095
-3510	-13936
-1723	-7126
-7258	11
7343	-12124
11934	-17775
-7008	-12666
-2132	12154
-11808	1757
19982	3439
-2391	-1634
-12125	11
2042	-11918
4479	11
-4445	-2138
-1632	6409
-2809	-4978
9146	-52786
3336	-4268
1633	-3390
9939	4831
-6549	-3399
5106	-16234
-9387	-5099
9071	11
14573	-2250
-13520	-9078
14489	-3399
2317	-5155
88	-3446
-10523	-16112
5723	-11367
2309	-7780
-11516	9165
-11541	-8518
1608	-3315
-7066	-2045
-4804	16031
5089	2364
-7751	3429
88	-1858
-8561	-1251
8629	-15785
88	-11629
4404	-5239
-1398	11
-4879	20047
-7617	1879
-1456	24494
7535	11
3511	-3735
-1456	-6426
11066	11
-1991	1785
-8110	4065
-7350	-1960
3102	8053
-6165	-2213
3837	1720
4404	16302
1699	5550
9689	-29937
1641	-4903
-3335	-9097
-4837	-12021
-4687	25727
15917	-4567
-7617	-6949
-16241	6064
88	3327
-2992	-7294
-10581	-8770
10599	-10237
-1039	11
2326	9548
88	11
40845	-3091
-2850	-8780
20859	33069
17277	-2287
3887	11
7034	11
6675	15685
3269	8726
-805	-13730
10031	-9032
10056	-7182
15516	21383
-5488	-22661
-10614	3896
-9771	10669
-11073	3065
3219	-24874
2284	-1970
3494	-14310
-4771	9529
6249	-2213
-6048	-2045
-6323	2047
1866	4018
88	-9405
2359	30538
7794	27810
7585	11566
1633	17292
3236	-18681
30543	9847
-1431	-11535
88	-8144
-3877	10192
-3084	-14263
-6774	40019
4596	-15982
-13478	9978
1007	-1512
4621	1449
-7509	12453
-6833	7446
-4562	4205
-2859	15769
25868	-4473
17770	-1447
-2800	-2586
14055	-4529
-1264	-8088
-9203	-9443
-22694	-6342
-5630	11
88	7287
-5672	-5828
15649	-1755
-1022	-13917
4212	4887
-4395	-5146
16084	-12946
-5731	26493
-2024	11
88	16255
4772	4653
10657	26838
1766	18104
1558	3280
10582	-18308
-7233	-11787
2109	-12077
-6140	-16318
6633	2075
-1423	-10536
4171	-18130
-6974	-12040
1541	17152
6708	15517
-5655	8063
-11833	-15393
23572	2766
16493	1720
-8260	5531
88	3280
3603	1636
10599	11
-6240	-1419
-11257	10837
-9921	2336
14548	-8397
6266	-18354
6984	-1811
-19363	6232
22278	-10816
-6983	-10638
21335	5232
1165	-3287
15407	5139
-2951	3074
9088	-14580
-1773	-7248
-14196	1552
28681	-12385
-1623	17086
-13520	11
5999	11
4730	-7070
1507	19982
-28906	1300
-6457	-27770
-4771	-9200
8520	5484
10766	-1708
88	-139
9564	-1690
-4495	13667
1641	2402
6091	5148
-13728	-8555
3453	8959
-5347	-1110
-1824	-4016
4120	9828
-4562	4223
3152	11
-5814	10510
6525	9212
-1331	4223
-1773	-11881
4229	-18055
88	2112
10156	19365
-13628	1608
-3209	5662
-10239	-2456
-29156	5727
9013	1972
5974	4121
10348	10445
-11783	7371
-5063	-8789
-14855	1720
-8427	1346
88	4597
2626	-11236
12360	-8546
-7500	11
8762	12276
-1832	-5996
-12034	-4277
1624	-11573
4087	4373
-9036	11
-15415	11
5423	11
-4345	-4109
88	-2203
-7868	6633
-1665	-10265
1783	18880
7769	-4679
37489	-2315
-6365	-11479
88	2206
88	-5351
11434	6867
-3886	3728
-3343	4335
4062	13462
-36978	-4931
4997	10800
26360	4868
17052	-13020
-6098	-2082
-1623	2234
2025	3513
-20148	-3969
-2784	11
3419	-21502
2760	-10396
10440	-14310
-2926	-12890
19515	11
-12034	13966
-17335	9744
-1456	2168
4521	4326
4538	4653
-1414	-952
-6674	4690
-1431	-3399
-3994	5017
-18562	-1577
4822	-2129
1624	11500
-15515	-5454
88	25363
-1949	-10592
-6240	-7341
-23045	-10330
-17844	2280
6525	6923
88	-4819
-20207	-15655
7852	-3194
-2850	-14328
-6507	3616
-6974	33050
1466	-6444
-1523	3476
1633	-5249
2943	-6827
-2767	-24576
6266	-23053
-5280	2841
88	-2129
-12534	9361
1608	-13142
3127	7969
31478	-17308
-2884	6484
8762	2178
-25449	1440
-5672	-1727
-5004	-5370
-21684	-2726
8770	19095
8570	-3782
-1707	-45089
-14864	7997
-4370	11
-1423	12453
-9855	-9303
-5872	-6043
28489	11
13329	11
-15081	2430
-1481	5783
-8010	11
8595	11
-13386	-6939
-7442	11
-1598	-1297
9931	9604
3219	-3072
-4562	1785
-7834	13107
3094	-5295
88	1739
13921	11
-7467	-3801
-9838	-9882
3044	-13618
-15715	-1428
-6115	11
-2024	-1736
-1673	7941
-2767	13032
-1022	5354
2058	14396
20325	2374
88	-1484
-9838	-1802
-20833	5559
4596	15788
6750	1617
-16817	-13123
88	7586
3144	8717
-6290	11
88	-4174
12293	3588
-1748	-11152
-7768	14349
14189	4821
6383	2701
8395	-11965
-12042	21589
3845	-1652
88	-9405
-11691	5139
15441	5578
-3510	-10050
-1615	11341
12953	-10115
6650	-11647
-880	12509
-7609	10547
-3927	-11545
5907	23709
-7968	6708
-3568	11
7051	-10592
88	-4632
-1490	-8303
-12710	11
-1556	-5734
88	-4679
7810	-2017
16008	2523
4179	11
16025	7736
-10548	2280
2342	6717
-6090	1776
13404	-5295
11392	3261
7543	16143
1015	-5361
-28154	-14113
88	15909
7669	3663
-5497	-5622
-4912	-9564
-1348	13751
2776	14461
5632	3822
-14171	-10554
-6757	-4174
-8744	11
-6415	10762
88	-6809
1791	-7079
-2132	11
88	2346
3494	-7089
-17719	-9676
-5589	-1736
-1448	-5361
-7960	-14524
-10689	-1792
3586	14947
-2692	-9396
-1381	1673
4454	-11031
3027	-1727
11509	-10554
-4562	11
-16116	11
10657	15937
5932	-3894
-7659	1953
3945	-1699
-1632	22271
5849	11
-2742	-23856
8896	17366
6383	4242
-22552	-7023
-9546	18543
1566	-6388
-1456	4980
-1673	-15459
17920	-7061
-9679	4457
-12818	-12086
-3560	5204
3895	-2717
2342	1318
3645	8670
-11992	10669
-13144	1729
-10890	1832
-10030	2430
88	1524
-6474	14545
-1364	-11068
-7425	-8266
3419	-7098
-1632	18721
-1339	5251
11751	-2138
1858	14798
8637	3121
-10506	-22306
-905	23625
11025	1001
-3794	-23959
-13344	9128
2033	7306
-14880	11
88	11
-4220	5587
-6298	9333
-8177	-5501
4095	8969
4621	9370
-7826	-5286
-3076	3700
-15423	-12152
4229	10426
-6315	-5585
-830	12023
19715	-3287
-8452	5484
8320	1701
6859	-3847
28022	12238
88	-4268
9455	11
-20215	-13786
7694	-2521
16409	6802
1641	-5174
16893	5765
-13595	-12096
13345	-3492
-5731	11
3169	-3605
-5530	-12021
3294	1785
7886	-13945
4805	15134
-10831	9314
14664	4952
13220	2897
-1757	2271
-1531	-7369
88	6661
4413	-4791
-1456	-2717
-6958	-1708
1775	-3773
