559	4936
5814	6128
4987	267
4011	4967
-20714	5235
-4582	4751
5137	4661
2015	4157
5737	-10027
5479	605
6108	-27547
3861	-27846
6348	4521
727	2856
-15015	4795
6569	5031
4436	2346
3675	5223
4232	5235
5227	5522
-4624	5114
7235	5548
5533	6141
-5283	-15257
-36461	1517
-1886	-12336
5347	-26469
-9957	4062
-37444	4036
-573	-1716
2039	-16060
3675	-21277
3825	2671
6599	1855
5095	1498
-292	6001
-3749	5911
5425	5018
3268	6874
559	4782
-12684	1861
4077	4591
1794	6390
1098	-8101
-376	-25691
1350	4923
170	6109
4778	5172
5916	-4191
6264	-173
2123	6109
6210	2671
4436	280
4604	3973
5005	4859
5041	3080
3585	1141
4382	-27470
-1778	-32445
6665	2786
5401	956
4934	4999
-2125	6001
4011	4891
-34106	-7565
5245	1625
4125	6594
4688	5701
-39410	4330
2890	2423
6342	6740
3621	4687
-585	6064
1128	4865
5431	4470
-30739	918
4406	4113
1542	3347
2003	-37726
4352	5503
1338	5752
2285	3124
-2791	3724
5227	-10869
-2826	4285
6276	-28191
-1862	5420
5149	-294
2231	5848
5545	5031
3939	-30914
2057	2767
5850	4782
2405	-3547
2585	5114
2003	4157
2878	4999
5005	-2112
5587	5191
1788	4534
1710	-7520
-24950	7002
5521	-3643
-33765	5140
5293	5752
-7872	-5581
7085	-5192
5772	3832
5125	5459
5946	4126
3370	4955
5946	-2546
4071	3641
-38876	1893
1788	4782
-23889	2219
-7081	4081
1961	4311
4568	5707
4766	6033
4113	2844
529	3379
5737	280
5215	6320
6318	4406
1524	-3910
385	6001
-268	1517
-30859	5095
7912	4751
571	4974
-7081	949
4670	4598
4418	-28567
4418	-1691
4724	4661
3411	-19517
-9041	637
3891	6473
-14512	4419
4484	5191
4167	4425
5892	3921
4262	4814
3753	-1627
4820	5522
5551	6925
5161	4891
4616	-4676
3939	4470
7157	4317
-26904	-27515
499	2486
-1526	1645
3567	5235
5281	-21698
4256	4578
3579	-7348
1656	6077
-202	5580
3268	-37981
3939	6186
-22451	5331
5041	-7329
4550	5503
-9094	4795
-30127	4451
4352	4208
4190	5643
7672	-2629
-31134	6173
-18694	7850
865	6077
4832	5427
-6494	-4472
4382	-677
3927	6632
5904	-28204
3903	2844
3501	5082
-12174	1753
3489	4374
2716	4138
1871	4483
4808	624
5095	1441
5059	-31641
4975	4566
5149	3864
4778	-26297
2734	-23950
4712	4706
4993	4253
4987	2282
5323	4547
-5086	1817
505	2123
5611	4846
5311	3341
-2803	-779
4856	-530
4754	7270
5095	6192
4616	-31303
2123	1128
5269	3877
1536	-766
3609	6115
5922	4578
5970	2282
6533	5956
-1478	4591
-4037	3112
5695	-36941
5173	-333
2375	6517
4562	-21418
3316	7455
-26035	-6666
-478	4381
4898	5688
-6841	4655
-11605	4693
4394	5943
1176	3092
6342	4974
5814	5050
-38912	5420
4700	6517
4472	5114
6276	1173
5671	6441
1554	5146
-10928	3296
4514	-537
301	1957
2650	5459
-27017	-326
2	-160
-8675	3469
5671	4859
5467	-594
3969	1402
6294	5318
4113	841
5719	4904
1608	4846
5425	4763
-20288	4891
6228	5018
3208	-16092
6330	4279
7408	5140
1392	5178
4646	4795
955	-35066
5299	-16851
4089	-7712
3142	6147
6581	5006
6779	5108
1176	5484
2015	4393
4778	-13248
5113	5848
4502	4578
4688	-345
4316	5522
3292	5522
4790	-364
-8549	624
4886	5701
-1808	4795
-8669	1721
3172	3660
6821	-14198
2734	31
4592	-11321
-4181	4891
1979	6218
5904	3035
5245	-4484
6174	5408
1578	4106
3118	18
-5379	3552
-13930	1670
5611	4770
2974	3934
5497	1842
463	7021
2573	3456
5389	4068
3052	18
-33435	3756
1458	5299
2896	3794
5790	-607
-6284	4457
5868	4693
6294	-11385
4143	3941
2159	4483
5455	-18343
3597	4999
3142	4208
-33777	4999
3609	4578
5323	1906
4832	2856
-27017	4999
-34975	-23120
4059	-10805
4670	1785
2123	7563
-9136	4655
5311	-2788
3028	5216
-21654	2844
-24255	2780
4155	-33038
4580	3953
-3522	-6251
1086	152
6222	5140
6306	4553
104	-1034
2345	-28905
5521	4936
4208	4706
4634	4967
4256	5427
3531	5388
-256	4489
6731	6830
2692	4521
6222	5688
6186	5114
4670	4827
4898	5439
5611	-33504
-3695	5223
6474	-9989
1164	-26284
2812	1122
3447	1173
4844	-19230
5850	4623
6210	5535
5179	3067
-17418	6422
4700	6817
6120	4298
6414	1013
-34004	6702
1632	4846
7936	3080
-15338	1893
-2269	-23497
1458	918
3771	-37898
4484	720
4820	-37770
757	6957
4934	6358
7223	3890
685	5076
3609	1045
6000	4827
-3863	5548
6342	-26456
2650	5006
3519	4661
-226	-38287
5892	6052
5892	6702
6348	4802
5749	3239
4778	-40902
5916	4770
3609	4955
4460	4623
487	-9976
-33004	4406
5173	809
-10862	6313
-28438	4629
5239	5643
-1274	752
-5349	7774
931	-1736
4844	4910
3567	5688
4952	-19593
5071	4598
2399	-1519
5311	-390
3705	3501
487	-16577
6012	-14134
-24950	5376
116	4910
4418	1938
5239	6536
5772	5484
-39577	-1959
5323	5159
1620	1141
4778	5656
5731	4591
-17645	7206
6078	5452
5611	-2163
1045	1951
-16693	6766
4035	5248
4143	5127
-837	3813
1554	5739
-1556	3169
6210	-32961
2962	6460
-34909	5235
-26874	688
4059	4770
-6614	3437
3753	988
3759	-34039
3316	4189
6372	5733
1140	-333
5479	-11334
4844	5656
5731	4923
-8645	4068
4077	-122
1656	5848
2920	-122
4820	5490
5107	675
4993	-28095
4682	5223
6102	2142
-24495	-849
-10173	-5192
5137	5140
6516	6473
3010	1830
3543	6332
4568	2754
5497	2027
2627	4578
1206	4342
6132	4661
-33987	2965
-35586	-32853
5545	2378
931	5580
619	1332
-15854	4036
3771	7314
4256	-5945
4724	548
3531	299
1973	4534
5497	6128
3945	5203
1009	-35551
1554	497
-28	5567
4340	5771
4712	-3349
3423	4285
8133	4362
3741	4827
4352	3896
4670	-10492
487	3832
6593	-77
4592	3207
6408	4470
5653	4106
1206	3501
5563	4719
-32650	3532
4712	6632
-2030	5937
5521	4515
5988	6473
-38810	4578
-28587	5484
7366	4106
3334	5172
4089	6192
-27617	-39869
6545	5937
4622	-6353
2081	828
301	2895
4820	-1315
-10611	2531
3411	4298
7354	5924
4262	5172
3435	4298
-4355	5561
6174	-38740
5161	-5601
4724	4438
5545	4317
4514	-1174
-5499	-33963
-7159	4145
-2767	2659
-8184	3717
4568	2168
5377	4623
3639	1747
4820	4827
6108	139
859	5031
5323	5018
-759	5733
-13235	5892
8068	3501
-34106	-1780
5719	-1627
3945	5675
2405	4425
2333	969
-903	-13350
-29702	4298
266	4591
4155	688
4256	4317
-28599	5707
4832	5108
2788	-14663
6569	815
3741	-8802
4736	4457
4868	1032
4922	6045
-10395	3124
5191	5707
4023	5140
7259	918
5563	4234
5347	-9147
4328	3864
4286	4126
5239	6045
397	4221
5083	2168
2069	5975
475	-22980
2231	5892
1542	4642
5838	-1659
-9178	2486
-13517	5879
-30367	-4255
6533	3877
4778	-4976
1194	471
5976	2652
8056	-38274
-48698	3953
-17490	3985
6108	-734
-34670	-9415
4975	5395
5611	4591
1434	3577
3250	4578
5485	5286
4436	5688
5125	5427
-33327	4298
5958	4515
3382	4381
5497	4081
5149	-160
-35503	4834
4208	5050
-22242	4266
2603	6224
3819	184
6000	1389
4376	4578
1021	4049
5359	-31016
-29540	-4006
4394	6084
5946	4502
5814	3437
4616	5223
4550	-29301
2069	120
-12031	5752
-3456	2372
-20210	-7023
4143	1543
2692	5439
5005	6677
5365	5114
4538	5318
5665	4234
-11515	-1768
1296	3877
2015	4999
4430	5159
1045	-3285
4856	-6474
-23272	2110
6480	-28363
3531	4827
-2988	-12648
991	-15244
-2898	-4676
343	-3037
3819	503
4778	-30346
4682	-2890
7061	-5926
1686	-45794
4688	-97
50	1313
5916	6237
4484	5707
4376	-4070
5059	5038
-13493	2359
4550	4298
4736	3832
4712	465
4059	5969
3783	6173
463	7429
4364	5006
4646	2270
1194	5797
7672	4266
499	2378
2776	5235
5629	127
3651	6689
4208	5452
4820	4534
4262	-1232
-36821	363
4682	4330
4832	-671
4448	1638
-11354	2984
-35796	4578
4196	3520
4310	4317
463	-6647
-160	-34900
4646	6358
-2377	3864
1752	5203
6306	4381
4682	-33612
-26568	-20901
-35479	6096
5173	-22668
-38253	4891
4448	4999
6396	4878
4526	-1219
5545	3252
2309	-6238
5203	4566
-3851	-3018
4874	3564
5665	5191
-2245	4661
319	4113
2039	5082
5359	4859
2974	4425
5257	5663
-30313	2780
4993	4342
5509	4489
6024	4170
4364	1294
-33459	4706
4502	4362
4975	-37738
2842	-250
6647	-8713
4712	2219
182	4795
50	4999
-16	3660
4688	-7272
1668	-26800
5377	-313
4634	-1563
499	-5913
4964	5765
4964	2129
3675	-19906
4286	3794
-5415	6358
4316	-281
-400	5140
3346	-1174
4244	2997
6264	6064
4922	5203
92	4208
409	4814
4244	-1206
-1023	3003
4262	3890
1728	1951
4005	6632
-9814	-16169
595	-6946
5311	4814
3807	-1640
-3390	4138
5401	4782
5227	3973
619	-29581
-27335	-31507
2399	1262
-1544	1766
6731	6173
-2443	4362
4766	4974
2069	-7329
4622	6052
811	5675
4406	605
2333	624
2111	-29913
5083	-1219
4688	-1532
4113	3998
4125	-1487
5958	4566
3040	3858
-4265	-18433
991	-141
-38439	3749
2722	1485
4394	6817
4604	3966
517	4827
4700	-25423
3489	1389
-25280	4502
1602	5076
6054	1472
2099	-6551
4418	5459
3579	4598
4286	4987
5695	-31909
-24459	5095
-466	5006
4352	-8713
4832	-658
-1832	5376
451	5860
727	5376
-2617	5267
6599	4502
4125	-37930
-7980	5408
1500	7238
4700	-37726
3699	6033
-38187	4515
6677	4629
5365	4693
2854	4362
5880	-3470
6342	6109
823	5076
1021	5172
2974	5490
4964	3252
5922	4955
4724	-32783
-30313	-10448
2039	-13586
5071	7474
5868	5063
6222	4827
2650	5095
1260	3124
4868	1109
925	3641
14	4987
5731	-1506
5071	5816
4987	5828
6833	5828
4874	-7399
4364	4719
-8987	6989
5563	6001
6474	5018
-3444	4987
4616	1613
-23608	1358
4580	3124
865	4987
4898	-30130
5479	4719
6054	5765
-9987	6702
5017	1013
-27737	88
5149	159
-6668	4878
4155	2582
-4462	-32649
5533	-10556
4538	5688
-1251	924
1033	6300
409	4547
3130	-1595
1554	7334
3609	4878
4526	5924
-32836	2263
2015	4955
6174	4049
5083	-269
4748	-38587
4274	4936
5125	6192
6785	1370
2345	-15014
-32806	-798
5545	5459
4274	5254
4035	6192
6593	6753
6647	-2660
4196	637
5245	-3234
5311	4770
367	3392
80	4610
-3402	6626
-9837	4795
6186	1613
4484	5031
5856	4802
4778	1064
-10664	5076
2159	4878
5551	4521
4712	-9478
6755	1064
4143	4642
4898	-2928
5976	-435
-651	4317
6162	6772
-2964	3296
3639	4904
5826	784
5425	5522
6372	-1091
6276	-30187
2027	3756
212	4719
2824	6549
6929	2582
4394	-15914
3903	280
-15512	2582
2746	4113
3214	-5020
781	3124
4502	3673
1045	-30736
7594	-4344
-25016	4623
-35634	4566
-454	6581
3148	4425
-1556	1951
991	2971
2417	3296
1051	-26794
1350	2046
-20606	4942
5029	5178
-35095	-5868
6623	4770
4844	2825
2549	1185
3957	420
-35041	5363
6917	-262
3543	4483
-334	4374
4155	3373
4868	6677
5719	4846
-3390	-1723
4340	5203
4047	3692
4964	5146
4298	5172
-35491	5018
-1460	4891
2375	5082
-13109	4374
5107	4923
4406	5203
3981	-13541
5137	6422
-3108	3481
5215	937
4256	4999
6635	-30359
2956	5063
5365	4674
-15350	5420
-11725	752
4987	-4491
3465	-17763
5868	-32349
-663	9770
1272	5707
6545	4782
1578	3124
5958	2716
6264	6128
5533	2155
6474	5675
5617	6084
-5589	7117
-178	-23471
-14074	-20748
517	3909
4856	4610
-3096	3456
1764	3411
-16291	796
5784	5248
1272	4738
5880	5050
3663	4629
3729	4859
5161	6409
4736	-2233
-17436	4470
3819	3609
4286	3411
-22092	4578
6132	3239
4059	4094
-14607	-97
4394	3316
1554	5937
5653	2046
4208	5376
3555	2659
5653	6766
3394	-24906
2758	4987
1542	-19951
4262	-562
-40	6441
2465	4661
6797	4279
1895	5146
6042	5688
595	6390
4688	924
4934	4674
-32638	2027
-1424	6594
4047	6224
3687	2920
4910	5267
5071	1000
4340	5656
-8897	-31284
5814	969
4975	6677
4562	-4172
943	-3796
-11018	6390
4952	-9096
2656	6345
5521	2703
4802	3188
6174	-4095
-2952	2474
4670	3717
-2946	5127
793	3284
6318	6224
-4582	-498
5179	-2393
3316	5363
4622	5018
5113	-5492
-4690	-31565
5772	3520
3567	5018
-3743	3724
5455	4515
-34586	-7571
1602	3737
5377	4706
7157	5561
4802	3909
619	6332
6066	4521
-7345	7161
2800	3673
4856	6721
6174	-34428
3346	5038
-31787	-8145
4820	2531
5281	5350
-11102	5038
-30829	-1359
4035	2659
5029	3686
-13637	2582
278	4279
-36581	-4504
5617	-1812
6000	1957
-10688	6186
-6907	1485
4328	-6832
-2395	-4453
6024	-333
-3893	-16609
-12186	4623
-15458	-2335
4089	5688
104	7142
3927	2920
3729	-10696
1644	-27534
2057	3985
3358	-15148
2920	5216
2627	5988
-8723	4138
4538	4177
-5793	3520
5719	4623
6905	1249
6533	2640
5239	4904
-35742	95
3825	5376
1710	5675
4436	280
5683	5427
2279	3201
4712	2907
2758	6390
4634	-35455
3334	-33944
-388	5408
529	6033
1937	388
6210	988
4286	5522
5880	2722
1925	1810
-28510	5267
7378	-18197
5389	4923
-38529	6281
1458	4936
-12852	-6666
5617	3583
4190	-4408
1776	6785
-4169	4693
865	2716
4622	4763
4868	-1921
6156	2608
5988	6830
5359	3800
-9041	3564
5641	-42101
595	5095
1074	3469
4526	4623
-4504	3641
-1526	4381
3633	6186
3849	331
3957	5707
1380	-33516
2842	1702
1806	4859
-2149	2716
6599	-31086
-16	2748
4190	5803
1788	1785
5107	-21953
6156	4763
2069	-11934
3118	4782
583	4910
3543	6141
4910	3896
2363	2059
-9987	-17744
-11791	924
5587	433
-13972	5038
781	-907
1590	3858
5335	1441
2627	7098
4035	4865
-7998	-28720
4754	5599
-2419	5567
-1622	-25078
2944	4393
-8022	3137
5545	-37024
2231	5063
2561	3877
619	4534
-21055	5344
-2605	-2048
4874	6147
-33178	-6972
-3588	6320
5970	-50392
6743	1434
5245	4974
5629	88
559	5439
200	-9223
3771	-13324
4634	4317
4754	6096
3651	4999
-17112	1205
254	5567
-36593	6581
5599	5471
5203	6817
1536	2799
3771	3265
-495	5561
-11671	3373
-27059	4782
6689	-1991
2297	5395
7552	5459
3513	656
6569	1798
6294	6613
3585	4578
-933	-4835
6557	-173
5826	-639
4790	4578
5281	-2954
-2593	-262
-3875	6689
5293	1689
4005	3016
4712	4342
-8927	7238
-35772	4004
4778	2576
5149	5114
3555	5835
2692	-294
4514	-8758
5749	1842
913	4859
3148	3252
4724	-5505
2321	-10824
-10730	5203
4898	-3273
5149	4910
3477	4706
6294	-639
4089	4642
4310	5675
3579	-32961
-597	611
-4121	5452
3394	76
-24381	3271
2483	2423
3435	1332
4167	-377
355	-2890
5149	-16149
2045	7876
-1658	5318
529	3092
4394	5178
4670	4547
-5895	7002
-36288	4661
4616	5108
5365	-33038
5311	4955
5293	5363
5179	2410
-7435	-24581
50	-1130
2531	-537
6360	2486
385	4170
-19371	-31469
3807	4578
-18682	-20563
-4606	605
2824	-2444
6785	6913
-48182	4814
-3863	3953
-33483	1530
5137	5828
3489	4846
4340	1249
1458	-14
4550	3890
-40153	-2865
5521	2895
1925	5031
4526	5720
4790	-2157
1788	7187
-7225	7359
5359	784
3076	-8726
3555	4393
4700	6281
7486	-35602
5137	4189
3543	-5786
4376	4967
-4624	4311
-424	-22438
5113	1874
6090	6785
1248	605
4514	3080
6264	3220
4340	4330
-9268	3921
4868	5203
-3839	1389
-11354	-26584
3394	4795
1937	5784
5509	5312
4376	6007
769	5038
5617	-6768
5545	4081
-2335	6064
5599	4923
4179	-16290
4316	4802
-22715	5535
-16303	-9478
5575	5191
5850	50
5629	6288
5137	5911
-1556	5975
5431	3233
1314	4362
3891	4253
6701	4598
-32914	6409
4748	4170
6228	-224
955	3781
5227	3921
4340	860
1602	637
-7620	886
955	5752
5802	-811
3489	3705
2627	4738
4964	-14510
4820	1893
4832	4202
5083	-32993
3891	3596
-40440	5439
1488	4674
5125	4145
6264	3673
-27137	2219
5041	5427
3885	5254
4910	4094
5892	5624
-13876	4655
2255	5835
5784	-2329
-38996	4661
-2389	4438
7900	-2896
5137	5363
248	5223
4856	-5907
-12043	2927
6755	5592
781	-14963
-4984	5439
5173	-218
14	4393
5575	4751
5707	5490
-4624	3794
5587	-989
3184	1160
5922	4221
4910	2066
5425	12
5641	5752
-21762	5127
-11659	5248
4310	-40513
4616	1358
6156	3985
4922	5873
4568	-7488
-30487	1861
-27641	4999
-11210	261
-15045	4846
-9017	4113
-30751	-5129
1218	4763
6108	5905
3759	-6098
-609	-19013
4790	5631
4754	5140
-28797	388
5958	261
5707	4279
1488	5848
4286	6536
5257	4795
4256	3424
541	2155
6264	1715
553	2435
-5511	-747
5431	4221
4832	-409
5059	3934
5545	4987
5107	6052
1578	3609
5083	3877
2165	-7425
7606	4553
4748	4987
5149	5739
847	5988
3184	-13228
7726	2876
4340	-2252
4712	4598
6264	4655
5365	3284
6066	6064
5365	7155
2015	5765
1578	2844
-11887	-10913
-37306	216
385	3405
-22230	6109
2333	-45915
-2988	3481
2531	3813
5017	3973
-38001	1268
5413	6064
-9628	5752
2722	4298
2842	-10786
-15644	2563
2177	3909
-8975	-9057
4790	6115
1788	2703
-3000	3252
-4091	4138
3094	-28063
4418	4751
6995	6453
943	-5148
-12192	2110
-5523	-37981
-3929	1562
5005	203
1794	50
-3000	3513
3927	-5562
901	-32789
2363	2142
7247	3143
811	1606
6480	-20901
5443	2952
5293	5172
3939	6925
745	2302
4310	2582
-28204	5873
6090	3985
-35239	5216
727	-21979
1009	733
-18161	4330
-1328	4865
2123	4706
5826	5656
6360	4521
5760	3328
5137	-10365
4502	-9210
2716	-2648
7127	4910
-37588	-34524
4460	5599
-15908	4578
3585	-24613
5479	-2265
3753	-6034
-14991	3794
2429	5701
8109	-1551
-20714	1441
-40332	3411
-3504	4578
2531	5733
4496	2544
-2976	-10511
4502	5490
5611	-16334
2255	2027
-4594	1817
5071	5376
397	1625
6941	3284
1284	1919
4496	5063
4244	4751
1830	5835
4244	4342
5790	4891
3771	3392
5257	-38261
-430	-30812
2471	8086
-663	-8273
4436	3271
4514	-24549
-24920	6052
4790	4623
4502	1472
5029	5050
-28390	-205
-1197	1421
1608	-2514
-25106	5063
5599	4502
-5457	1268
4778	2671
158	5280
2890	-31054
-31626	6721
409	5050
6042	1077
3334	5720
5880	4126
92	3749
-364	-5645
5191	4693
6533	4451
5737	-43338
4316	3756
2417	5280
5838	3220
5934	5567
3675	4157
5059	3737
-35263	3641
6426	4515
3819	-24670
4634	-28063
4077	5720
5587	3411
6252	4782
1752	-34052
4089	4629
-34891	-32961
3849	5095
5389	4240
-304	4987
2081	31
4634	-1334
-1053	6485
-2221	3864
5173	-30519
5377	5248
5203	-31335
4790	6249
4364	2327
5245	-7948
5611	5592
5293	5350
-454	6288
-1700	4240
5749	324
5485	-22610
4382	4138
4724	-6238
-1221	6377
4077	4234
5856	-1736
-3875	5803
188	4763
4922	6096
3903	-8024
-10940	-26953
-22200	7455
-5355	4425
5784	1236
-2179	4515
5904	4610
-3971	6007
4220	1766
6042	4987
-921	6594
4196	-20187
1284	-21877
3957	-34836
-10461	-7004
1536	2302
-1101	-25716
3513	2238
-48596	6288
4802	-14466
4856	-2718
4190	2346
4634	-4803
-8567	1817
-1544	6626
5365	3265
-26370	4004
5239	6109
3555	4342
-13583	4202
5443	-12444
7516	5420
5443	-32898
4832	7034
7073	1957
5125	-32821
1937	-2380
-8405	2786
4712	4521
5749	4795
-24471	5580
1949	4030
4460	1766
-8669	-27253
3280	5452
6024	-2220
5005	-11443
-29277	-2380
3915	3705
-10089	1906
1302	3717
4394	6300
6599	388
2998	-345
-49495	4419
4820	-14555
4125	5452
6120	6045
5203	1702
50	-2252
-4355	5828
-2461	-15225
3981	4138
559	-1716
5790	-13037
4143	5350
6342	5140
-5457	-13834
4496	-390
5772	1734
4802	4547
5053	-2813
6516	3941
4592	1785
4700	2123
4526	4706
3795	1625
2638	5223
2788	-16258
-6464	7238
6156	4362
4592	-530
-26904	6581
-1328	4795
-10227	-7444
1176	2888
5970	-6098
6414	4674
1230	6473
-28534	5503
1182	-32987
6144	6115
6120	5771
5053	-9925
-28138	5522
1542	4967
-40	3048
3687	3137
5137	3781
3435	3328
6438	-25015
4394	2187
2399	4598
421	5031
5113	1332
-4001	-7080
6701	5312
5653	3641
1752	5771
2704	4834
3358	5656
4418	7053
5071	-13037
5107	4751
-543	3373
6528	4374
4736	4234
6995	5038
1686	-15231
-36365	3309
5149	6358
-14446	4591
4059	7314
7289	4451
5760	2474
3064	5018
5611	4374
4580	-498
5413	5548
236	-38912
1218	4910
6174	5267
1991	6632
2099	-36463
2800	1785
5455	-1
4975	6632
5413	5408
5970	3737
2788	6128
553	6581
3663	796
-10185	3316
-34748	-6219
4682	-38619
4748	4457
6210	4381
6024	-7705
-1089	5127
-903	5248
2668	2716
-33249	3239
4844	7155
3597	5267
4298	-3018
-3480	5490
1368	-33752
5545	4362
5976	2155
-13235	6096
6276	5344
-34879	4751
-23596	688
6252	4547
5281	1734
-15920	637
4778	3564
3939	6300
397	-32821
5029	2780
6252	-3241
-4552	3188
4808	3405
715	4751
4460	5267
4922	5592
4670	4661
1602	3717
2680	1077
4526	892
4748	-7603
1110	-5881
3579	7079
1859	4240
-42406	2767
4430	4521
2189	-1940
-1041	50
5509	4330
-8897	6689
4670	4419
4550	5733
4766	2015
-13864	-13930
-5895	-24001
1542	-36801
5299	3347
5683	-34549
4754	-2782
-23848	4253
6755	5223
4934	3985
5203	5318
-33819	4017
4113	293
859	6645
6186	190
3142	5848
6396	5701
4274	-25027
2519	3583
-1664	3724
-9748	2129
4190	4923
4298	3864
5485	-34243
4922	1262
4736	1594
-3456	-1723
5868	4202
-11647	-38555
3579	3092
4484	1485
5173	4438
-23752	261
-13541	6358
5976	4470
4712	-10850
5173	6300
1033	1294
2465	809
4077	1441
3531	4470
-28150	6064
6779	4279
5611	-16558
301	-409
2668	6740
-430	4802
5389	4438
5149	5363
5083	6485
6545	2097
5485	5350
4688	918
6384	3347
3328	-97
-33022	5312
2363	2799
1206	6396
4940	-33
6186	4298
5617	5663
-5553	5592
-37696	4629
5053	5663
421	5038
1554	3794
-106	2486
4394	4923
-310	3673
6677	4642
-1352	1466
3064	4770
4526	5535
4766	1013
4790	6128
-19839	6084
-2245	784
-8645	4106
4125	4317
-16729	6237
-1994	-33127
1853	-2475
7324	5267
6755	5018
-3707	5739
4328	5675
4646	-26392
5203	2895
3807	3003
1842	937
3687	1498
1164	6390
-23937	2563
4790	299
-26964	-2597
-42364	4311
4496	-345
-4001	5956
-549	-29645
5401	4610
5107	-4829
4993	44
1656	5803
1842	5707
4975	4342
5551	-8789
1722	3316
-11821	6269
7990	171
5215	4770
-1412	3239
6198	-7635
-364	-39027
3825	4674
6396	-1015
4808	5561
-25771	4342
3939	4910
4077	-1895
4712	-34518
4155	-6117
4196	4285
1788	4834
-430	-8273
4778	4470
4736	6300
4934	-12776
-3348	1358
847	5408
1164	5363
4196	-18605
6833	-12833
4352	1517
901	407
-25190	-1799
-39116	1989
-38744	6288
4232	5216
6492	3488
997	4802
2585	-4236
-2047	4138
-11276	701
889	6441
-4594	4030
5413	-38019
2668	3941
-14356	4285
4047	6453
5467	4419
4724	5969
5347	-32241
517	4553
3172	4234
3519	7710
5443	4208
5239	2640
5749	6033
26	969
4562	5803
2585	6300
5665	-33223
-33231	-32253
955	5318
5533	-38663
4934	4317
5059	4910
-5008	3284
-34694	4374
6785	4923
6102	3309
-34376	2608
4856	6007
5425	4629
-2047	4202
5365	3858
1794	4208
3969	1122
7247	4591
5772	4936
4622	-313
-17963	5427
4646	5484
3783	4406
-32740	528
4766	5548
-31002	4942
4125	4859
1236	4974
-24033	4547
-15932	1294
5059	4106
-40362	7047
266	4814
-400	5299
4748	1230
5179	4827
6408	4547
4502	7066
4993	-1863
-26634	5223
5611	2263
-867	4674
2896	-34180
-5607	2423
-20222	5828
5892	4483
6719	4591
3208	3921
5521	4629
5203	4655
-388	6734
5017	4827
-37684	2722
4286	2754
-3138	152
3196	4451
6797	7142
3411	1434
-8807	-4000
-507	-28204
5005	-19275
4910	2544
5149	5484
3993	4094
4736	-2928
5737	4145
4604	5235
5401	3029
4430	4687
-3132	-2444
-18520	-19230
4688	5050
-4115	4731
1566	420
6198	5018
5053	4374
4682	4814
5467	5784
68	-15856
5683	1466
-3348	5675
4868	4591
4700	4687
4298	-785
4394	3552
4550	-29109
4340	4470
6839	5988
1776	4623
991	4298
5916	3175
3184	5286
2093	4483
2189	-141
7181	-3738
-1712	516
5323	611
823	-2909
3771	4081
3328	5140
4035	5299
-5727	4138
4256	-2877
2573	5580
4035	-12839
1554	-12227
4190	4425
6342	4655
5191	5612
2111	-15339
-3390	4553
3465	4234
-11180	5663
4448	1606
-32770	1766
4700	-13292
-1526	4923
1140	5095
-3084	4661
2201	988
5125	5254
-148	-19134
4778	5082
505	235
5335	6843
4011	1861
-30391	7959
-28629	-753
3555	6205
6545	4170
3759	5031
4934	3756
2231	4534
-3534	5567
4316	4393
-16135	5350
-2629	656
6156	-1232
5443	-31565
-8315	6332
6809	6785
2279	1594
7091	-2284
-2036	-37292
5671	-938
1644	5943
1764	6849
4790	-27126
6635	5248
4682	4534
4316	-1576
4262	1409
3609	4706
2471	3220
4131	2346
3651	1830
7259	1485
4514	5624
4526	1874
5749	5599
1236	4967
5311	6441
6162	-11181
3543	3660
-33669	-7788
5137	-28663
1116	5663
4179	4240
5173	5159
4113	5599
6108	-3209
4394	4170
4568	-42037
4328	-702
5551	4062
1728	5848
6222	2952
1488	1785
6635	7066
5401	4598
4460	-10614
3501	1154
1236	-8834
5629	4406
4286	6205
4316	4489
5455	6147
4262	3481
5173	4081
-28438	5816
2986	5063
4910	4910
5203	3035
-11551	2474
5137	4362
-35263	860
6054	4298
5683	-8254
5365	-186
4538	3188
5239	4642
-2641	5018
4328	4279
6971	3469
2387	1504
3226	5191
4604	573
5683	299
-2377	1638
1524	3188
6120	1594
4592	5739
-33004	-9989
3447	5924
2986	5363
4526	-8681
4670	1683
7061	-9191
1086	2997
5239	624
5760	-1251
-292	4846
4364	5223
4113	3583
4460	4859
6348	-32974
1632	4330
6677	-38682
4964	-3585
5599	7468
3861	-9536
-25795	-4535
757	1919
-18095	6613
6306	4470
5683	4623
5934	5280
4382	3233
6953	6128
3280	5656
5179	-30174
-16837	-766
2962	6224
2591	4904
4077	-8490
5641	2442
5719	6721
-3731	5688
4460	6281
4436	1543
3819	5114
913	5223
5095	7047
1788	2263
3633	4049
5838	2780
-46403	924
4244	2295
6480	3360
6545	5656
-1598	6970
4059	5784
4562	3717
-12959	4451
3903	3003
4484	4502
5611	1141
5017	465
6318	3316
3927	-33612
3148	-186
5772	3973
5545	4814
5892	4489
5083	1747
6306	4349
4310	4623
793	6218
3753	3813
4682	7455
-31572	905
5311	3909
6462	5828
3687	1779
5029	4738
4712	2671
-36312	1441
-31799	4738
-11443	4349
3783	-16086
499	4834
4604	-36386
4220	4113
1098	5082
811	5503
-4678	4094
1063	5548
5245	5312
3531	5280
3028	5969
4844	4904
2800	3233
4802	6632
2495	6549
-28545	1747
-16980	4330
5760	-14804
691	-27579
1937	5376
4484	5331
3651	2467
6066	-39543
-26502	4081
1098	-205
-5553	3552
3837	50
5922	-8726
6012	1562
-48518	5038
-8435	6830
5425	-1544
4550	4566
4406	1230
1925	5892
3052	7193
5671	4578
-16992	-27598
-31188	3832
-2629	5937
14	4342
5401	-32821
3993	-3923
5191	-37898
-39577	-10288
-13834	3373
-19317	-160
5245	-2176
3489	-39071
6066	5892
5617	4795
3106	1141
5772	4987
2255	5752
-18694	1938
-10329	-581
1632	6983
4952	-1359
-2605	5344
-32117	4483
1512	2844
4179	6894
4844	4221
1350	4923
-7051	4655
80	3513
6228	127
3262	5178
5173	-2826
2776	5344
1063	-16105
-5541	5140
-1472	-1174
3543	1893
4580	637
5922	1409
1806	-1659
6839	4457
5239	-5766
1710	-12731
-11138	6753
4987	5191
-18892	4731
5665	-2960
5071	-3655
5958	4910
6995	4751
4592	-5033
2812	4457
-531	6300
1871	4311
5611	4623
6533	5535
7312	4534
6474	3220
-12546	6192
439	5216
-903	3583
5665	5050
7990	-1551
4604	3220
5083	4967
637	-22215
2920	2187
4748	5235
7702	5331
-5325	3628
2800	4846
1033	7015
-28569	5905
637	764
6036	4425
4502	2034
4975	5427
1806	1670
5916	3896
4790	3341
2201	5835
-12055	3832
3885	344
5401	1638
1416	-17132
-8196	4515
661	-24581
4077	4049
38	5452
5041	6377
-10011	5516
3519	2295
5227	4878
-15920	7002
3759	3456
409	3800
4856	-39492
4328	5567
4724	5108
6905	4904
-6332	7079
4808	6205
5665	4457
-4001	5127
6677	-10352
1895	2327
955	3309
4844	5969
1764	-3209
6408	3207
4232	6906
5245	1893
2896	1249
4934	4234
4418	5969
793	6084
1110	4591
2231	-10065
3927	4706
-34244	3609
6971	4655
5575	3564
-13361	5408
-9292	4578
3453	5733
5707	4598
3346	-36941
2123	4553
4898	6077
5731	3035
5671	5318
619	6377
-1664	3048
1033	7952
4562	1453
-42777	6517
6036	1574
5281	605
7702	-14
5269	3220
2836	5522
-30433	-2201
2998	4923
4754	-33114
7193	2474
-13175	5050
4975	2078
5347	937
-2629	-817
5760	7130
4688	4138
5665	5879
559	1173
-28	-958
-442	4406
3196	-237
-31026	4782
-30062	5592
-6811	-441
5653	5280
7948	-6774
2099	745
1566	573
2405	1887
-2125	4017
-6997	5427
-3600	4974
-10281	4362
4155	784
4340	4578
1416	5911
4220	5835
1979	-23701
5071	688
4964	5018
4352	1064
6066	-36680
6318	4751
715	-7865
-442	1389
7301	4782
4646	956
-11324	-27783
-6494	5561
3891	4655
4790	-766
-7530	4910
3040	4425
691	-18624
4071	5471
2746	-5741
739	5267
3453	2608
4310	1753
4113	63
5107	5656
1350	6096
1434	4393
6779	7519
3795	-32987
4382	4349
6132	4859
4754	6804
4047	-32017
6078	-23535
3519	-7801
4244	4878
6042	4687
3639	5006
2429	5548
5095	-4319
1074	4106
-6416	3832
5017	-32853
1416	1810
4592	4834
2405	5675
4448	-12916
5665	4693
397	4208
2890	5624
-5721	-3655
5707	3660
4089	4865
3705	-3145
4190	-1111
4910	5408
3184	5395
7139	4221
4964	3998
1973	6224
6426	1472
4993	4566
4987	6460
4766	4202
4125	-25206
3927	-2444
4940	4406
-9802	5752
6174	5114
-17855	6390
745	4547
-2191	2965
991	860
38	5911
4071	-19389
3939	2971
4514	4974
6623	5892
4562	-32024
7157	3156
4993	3112
3304	-19109
-1544	4731
5215	4827
4688	-34881
-15692	3826
2890	-8681
3651	4419
4754	7130
3226	-32438
3423	3845
2465	-2692
-40962	5937
5760	5178
5239	465
6983	5038
4155	-1576
5365	5733
6120	-8381
5203	4406
4670	5860
5587	3405
1338	1090
5053	5076
421	3067
7642	5216
4987	3405
3214	1638
1542	3124
-18868	4113
5149	4298
5041	1747
3891	3641
5772	6830
-33058	3896
3621	3112
4340	2066
1380	4942
-12312	1887
3358	5503
3543	3596
7271	1472
4634	6077
4616	5146
1740	5248
-31416	5707
4179	3737
5377	6237
5868	1861
4406	3877
2986	-6876
4484	-8917
6689	4770
6102	3909
5413	1434
-14128	2531
-6332	4330
4874	5516
-23260	4610
4526	4738
-37983	3705
3519	4942
997	6269
6474	2595
1524	5516
-5050	5280
-35479	5879
2213	5018
2788	235
4376	-24581
5707	5707
2746	3921
-9041	4113
4460	5203
7259	-8554
4562	4846
4844	5038
-13091	-13005
877	-30162
901	5420
1788	-33146
7289	4967
-4157	4208
5113	2518
4220	6045
811	5720
-4223	5318
5389	-33083
1728	-1991
847	-33299
-190	2582
4592	4393
6024	5076
-6296	2129
-663	-1952
4964	1747
4616	1670
4712	-2080
4754	2927
5095	4974
2345	3609
4766	3188
5029	433
5239	44
1752	2614
3957	3437
-34160	5076
4310	3207
2231	4967
4604	4974
-23488	-97
-14979	4719
-1502	-24715
-7992	4795
943	-32304
3675	4687
-28905	-8585
-7902	465
2429	4578
4616	-21233
6528	4598
6156	-34275
4155	5771
3849	-5282
5683	3909
-1712	-6851
4952	4566
4964	580
-7411	6109
-11210	4381
-1185	2346
7073	6505
3891	4189
4754	-25270
5665	-11915
1961	-11213
2111	3845
4910	2544
4256	3577
6294	4904
5071	6505
-19611	707
3687	4610
6450	63
2279	6562
4502	3175
-5032	5663
6653	3781
2824	1842
4748	-4038
-28	4687
6689	7786
4748	18
-400	4534
-6044	-811
2111	4674
5485	-12444
-304	216
-1263	5140
4077	2825
6174	-5256
4580	5127
3106	-20
6066	1345
4562	5420
2812	5803
3370	-11270
-32782	2735
5257	4610
4328	4942
5365	6064
5575	2391
5203	4113
5749	-454
-9736	2295
2231	809
4993	6734
248	6804
2998	-26405
2159	3175
4778	-1678
1644	4904
5719	6862
-9867	5267
-34046	5905
5485	4017
-27101	5063
-37929	6377
3969	-1755
5179	-466
5575	-34600
-22733	6237
5281	3973
5826	-26048
2321	-7680
-12894	2684
-16	4489
1907	-27138
3699	-562
-20953	-29313
6198	3896
5611	7015
1074	4062
2836	3641
-4169	-8534
739	2907
4820	-25251
5802	3813
2722	-28427
-10023	2123
715	2518
4538	-18656
607	6001
-34748	592
5443	4751
-10155	4017
5509	2754
4550	5248
4808	2168
-13343	4393
673	-8458
3370	937
2483	4547
3477	-34416
4460	6734
-5044	5108
-33261	6498
3819	5006
3172	6115
4975	5828
4688	5490
-37720	4126
-573	88
5916	3328
649	4017
5731	4489
4502	-1187
4922	5733
-33765	4642
1176	4177
4364	439
5976	5771
1925	-20250
5179	-1474
4874	5873
4580	4706
6372	3756
-33435	5350
-597	5108
5916	3035
4874	4846
3130	5318
6066	-24830
5611	2920
-3120	6109
5293	2066
-12151	1345
4844	-1678
3771	-25027
-11857	4610
5958	611
1230	-11679
2962	4534
-879	-37898
4436	4004
4376	-41865
4898	-2405
1176	6020
-903	3896
4364	-1021
14	4904
254	-21768
-4355	2856
5227	-3100
5707	-27343
-346	4629
4496	8845
5107	5286
4712	-1940
5653	5038
2495	5733
3028	5408
4700	4374
-3773	1498
3370	1096
4244	4827
-124	6428
1362	1090
4790	6218
1937	1989
4616	4062
5485	3826
6132	4489
-1316	6007
6863	4910
5299	4751
2561	5828
4820	3660
2039	4240
-10515	4406
-21295	-1111
2573	6658
1925	-8056
5425	5031
7157	4221
6384	7366
1260	2952
5934	4553
-6218	-18063
-40	-4612
-35449	4904
463	4865
4262	-1021
4418	4865
-16992	-9051
-36485	5860
5443	1938
-7261	6658
5125	5848
-34652	3437
3993	5363
5617	4049
5029	-33771
1842	-2029
6611	4553
5281	2825
-2335	5892
6480	4610
-6200	-2941
-47637	-11226
5149	-2029
4856	4770
-8963	4094
5365	784
5269	3450
4964	4547
3447	3035
2057	5344
4394	3877
2027	4623
5095	4374
4940	-1844
967	2435
5599	3552
5545	6345
5113	-1079
26	1504
5059	3156
1392	331
-1784	-32974
-42633	6549
-12852	4878
-21325	5969
3729	4827
-12798	6766
6701	4062
-10982	4298
6875	-7221
5365	6300
182	4770
4131	-21328
5311	4004
5173	2327
3118	1581
5017	-2412
6569	-2099
4754	6332
5737	4687
7312	5612
6066	5076
6372	-7960
-28468	6600
2015	3520
5095	3800
4766	5254
4077	356
6941	-7884
3208	1613
5245	1453
-12522	3826
5041	-33752
-5271	3252
4754	-34396
2591	3941
5551	5471
5173	-473
541	-7884
-5301	1549
1098	4598
-6212	4591
4712	7289
-136	-2928
6264	5835
-969	5522
5107	5140
-35329	5108
5413	4483
3759	-4472
3208	-2035
5922	3966
5017	4936
3927	6568
4406	4770
-52	3781
-9454	4483
2429	5701
-13547	4795
2716	3233
943	3858
5299	6581
1164	-29205
4604	-24925
4754	5701
4856	1810
-34040	2027
2746	3284
1722	4126
4514	5006
5551	6007
6462	1064
5293	2078
-37989	4106
5323	1702
-5541	6530
4568	3552
5904	-26424
4993	-1021
4089	2614
1434	1185
6102	4342
3411	4693
4562	-12712
3268	184
-39410	3768
2483	5178
5323	5344
1728	6677
-489	-20
1602	-13101
4274	-7048
5173	4457
2998	-3100
3861	2302
4874	3998
-268	-27610
4874	5376
-32992	5146
-6548	4094
3028	4661
6288	4208
-10712	4623
6318	18
-8897	2595
5323	-5116
4802	4731
4622	3220
6941	-811
3903	-37553
4514	4782
5892	5522
4724	6709
3519	4425
4143	4655
-31188	-1563
4592	5388
6480	-1123
1110	1332
913	2238
-22943	4610
811	3252
5916	-33459
4496	4738
3130	63
5467	580
5335	-45902
3304	-31437
6462	4534
4790	-409
4658	4234
-33633	1951
3753	3577
6701	-658
4071	4623
-6931	2965
4143	2340
-3096	6007
4514	6358
-160	-26411
3447	-3655
5916	5038
1656	5191
6054	5624
5802	5816
-735	2455
4634	4240
5988	4566
-19329	4317
1620	4591
7378	-862
5179	4629
5790	3265
4736	796
4274	4483
3208	5408
757	6205
5850	4438
1806	4362
2956	2327
6929	5159
5790	4311
6288	4381
4550	4566
-6638	-919
4700	7238
-1316	-30908
463	6804
-30924	-396
4604	5860
-27988	5127
4940	2066
5545	5127
1776	4317
3675	516
793	4923
5653	4891
3411	5331
-1598	-498
4604	4234
4430	3003
4262	2754
1488	7704
6384	5248
4580	-97
2057	4330
-3881	5191
4604	-28108
4748	2110
475	4285
-2461	4687
2243	4266
-17951	6422
3939	5471
5880	3169
4658	3564
5587	2206
997	3469
5041	4547
3076	-7941
4748	-3069
5401	4923
3981	4419
2908	4661
4993	3921
2453	4515
2591	3890
661	3424
4682	-9816
2189	3654
5215	1504
4874	3437
3597	-25831
7510	4904
5665	3265
-292	4814
1194	4623
5191	6753
3358	6147
4868	-1576
3675	5172
3621	4610
2986	1262
4868	1855
5749	4738
2039	3794
-14206	-36399
2507	-1015
5359	3284
-531	-28631
4460	1453
-12258	1549
6132	516
-24507	5663
793	4406
6156	4706
-3761	1058
5880	5548
4418	5490
3501	2270
-11419	3532
3477	-7463
4101	-37368
4514	3998
-10077	4170
5617	-14982
5790	-8024
-1532	3188
5731	4923
583	-30251
4526	3284
5934	6281
3465	5459
6120	4425
3172	5178
5281	5471
847	-435
7169	-1908
4232	2531
5323	1893
1074	4770
6144	5739
6875	5439
5467	3347
4418	4814
-12564	969
4364	5860
3927	-30952
5617	6020
-3570	-19109
4922	4106
4418	4279
5041	-4861
5083	4202
1776	2123
4856	7570
5970	4629
5413	-14995
5976	4170
4778	5203
2057	4763
-30607	4846
6408	1441
2758	7971
4328	-17055
5629	2238
6504	1906
2417	4362
1788	3201
-38780	3513
-12989	-5722
5257	3469
6102	6485
2321	4298
-19743	-17604
2441	-3923
1063	1842
-9790	2563
5455	31
-12252	3896
5826	5969
5203	7098
4856	4865
5095	1817
5059	5063
1991	1313
2788	5376
4502	-3694
-16705	5191
2890	-6710
-32261	5344
4580	-31176
4646	4521
3891	-16883
-4067	5146
-2113	5248
1236	5427
2519	2046
-52	-10224
1764	3124
6042	-2616
4856	6906
3993	4974
5551	4814
-2707	4017
4232	5548
5904	4719
4922	6817
1470	4177
4430	-13885
4328	5471
3076	-4771
3346	4253
6276	4515
4754	-594
-6002	4202
739	605
5059	4547
5509	-20040
4616	-7036
1110	-7693
6887	5248
319	-2035
-6440	4419
-33681	-1614
1098	5420
409	7161
5113	-13637
5293	7219
4418	4017
5671	-13777
-6242	-15059
-561	4381
5521	-3834
4622	4534
3915	3973
-7674	-7488
-2934	4655
-1340	4693
5802	-9242
2537	6192
5107	4349
4910	2920
5838	4036
3807	-8662
-1532	5459
4808	4763
6557	643
5107	5675
5005	-40054
4496	3953
4658	-875
4886	3756
1722	-21009
-36509	4974
4382	4904
5083	4642
5191	5178
5958	-34760
4580	3660
4682	1574
607	7098
4538	4814
4844	847
6971	4738
1140	6256
3094	-2641
5665	2015
-2551	4566
-11036	3564
3771	4362
4658	5765
-4211	5471
5365	4253
-6452	2251
2998	4285
6599	5114
3400	5063
2279	1906
5071	3985
7205	6281
-14098	1096
4232	1421
-238	4598
2093	6128
2680	-16666
2650	5408
-3228	-29849
-32015	2748
6276	988
4208	4974
6569	2659
4754	5312
3052	4687
4125	4846
5934	-1716
4634	5140
-8309	1810
5299	4406
4131	-358
3699	4081
4832	4706
1416	5624
4023	-10524
-9724	5720
5095	4936
1063	-4102
-5793	5223
3849	-34352
4364	3832
-17178	1594
1788	5656
-8046	4770
-39392	3794
-27683	4285
3435	1594
-6362	3832
-13199	4802
3915	5146
4232	3137
5191	4489
-3198	-41495
4778	4451
-22349	7257
2650	6581
5790	6505
-1952	7079
5784	5892
1284	-11085
3915	152
7157	4904
4340	1798
-5169	4661
5425	5388
5179	-8196
-37870	637
4562	4393
6755	3628
5671	4317
-5523	5203
991	1230
5149	5816
5922	-37292
3226	-25888
-20995	4999
4514	2372
5737	-25595
6000	-31833
4754	4942
6162	4967
2920	-7112
5269	-218
2638	5140
-3749	5095
4952	-173
-4001	4751
1883	-5282
-28623	707
5958	5771
-15710	4623
4340	4878
5137	6237
5958	-34224
6557	1798
-1676	1434
-35491	-8088
-5499	3450
4975	6849
4688	2155
4484	-4784
-12270	6473
-8819	6562
-4528	1855
5107	-23841
847	5548
5347	3934
4352	6320
3783	-2660
-2713	4483
-3072	-30895
4244	4266
865	4457
5976	-466
5071	-435
1116	4451
4682	-36539
-25717	2015
451	1766
-25124	-20308
4394	4068
2656	-29658
6162	-36724
1632	3175
5137	5969
-37480	4451
2627	5018
1991	1657
1164	4234
-4660	5612
6504	4547
4580	5006
4077	6128
3891	1810
4975	3985
6611	4451
1710	6237
5479	6320
6647	3137
-6212	-1002
6240	4208
2788	-3898
-34454	4661
