-5878	-5808
-6656	-6270
-7108	36
-6182	1704
-105	-4204
-7559	-7034
-7419	-5237
22294	-7239
29195	-7250
-7613	5557
-144	-6324
-7707	17696
-8290	-4279
-5715	-7293
1801	-6324
5706	-5237
-3661	-4731
-5030	-6787
641	-6830
5473	-4193
-6913	-6711
-1864	-416
-7613	1822
-6944	-6195
25102	-3591
-557	-1869
-5894	-6647
-6291	-6744
-6641	-4904
-8072	-7131
-938	-6948
-5552	-4312
-6073	2156
11791	-6755
-7061	-5958
3917	14230
34633	9969
13666	-459
-7917	208
-4750	-6270
-5839	-3096
-7504	-6851
-6571	660
-4875	4125
424	-5657
21850	1306
6858	3049
-3544	-4452
-8267	1865
13199	-5808
26900	-4914
-4011	-7174
-1412	-6163
-6827	499
-3498	-7153
5776	-7034
-8578	-3946
-5007	10292
1832	165
-712	-6227
4	-3053
4609	2920
-7722	-7250
-6462	3738
7947	994
22698	5772
-6586	-2547
-7504	-6130
-2603	-7153
-3023	14080
-6882	-6432
-6283	-5625
3925	2447
-7987	-7346
3512	-5409
1598	660
3676	-6948
-4929	-7325
-6275	1231
4073	7343
6446	-5980
-6438	-6141
5753	-7217
11464	-1783
2065	4663
-7956	-1847
-8835	3824
2478	-5302
-7146	-5958
-5287	-6873
-7092	-7088
10460	-4118
361	-4914
-7730	-7207
-7162	2436
-7535	-6981
-5692	-6744
9869	-2719
-5552	4244
2968	-7228
-6571	-7217
4633	25627
-7069	3695
-7380	-1202
-2012	553
3925	8903
5247	48527
-2572	-1987
5885	165
-8212	-976
-2455	11777
6352	-7207
657	477
2260	-6981
1964	8473
4127	-4365
-6135	-6981
-7637	8387
-6929	7601
-2805	3792
25320	9764
-7170	2178
-129	-6572
-7403	-7282
-7512	6880
-6337	-1933
1894	6697
-8664	7203
-3396	14478
-7139	-7217
-8376	-4548
-8065	3157
2439	-6787
-7178	-6701
-3599	510
-4602	1683
-7699	-330
-7979	10378
-6119	-6550
-2284	-7088
-6664	-4904
-6999	-4645
-3536	-7207
-2634	1037
2633	3630
-1234	16555
4337	-1546
24550	1370
-3871	5589
37675	-6378
38617	5761
1575	-7131
5193	1995
-6275	-6841
2952	-5990
-7629	7892
-1078	1801
-5147	2845
-7995	19461
-6563	-2095
10483	-6572
-4898	-6098
1521	-5183
28961	-5280
1513	-6851
-7707	-7142
13090	8247
-7598	28672
-5225	8322
16039	-5474
-6540	-6808
10950	-5248
-5536	-6776
9099	2920
-5240	5804
6702	-7250
-7139	8333
-3256	5266
10133	-384
-6485	1639
-8298	-6572
-2696	3695
-7504	-2461
-5777	-3526
-7753	3447
7395	5793
8445	-2192
-7551	5234
-6882	-5861
-5038	13348
-1910	-6077
-5699	-5571
4609	6385
3170	-1944
4337	391
9449	7827
53967	8656
8103	-7228
-3793	2597
8258	-1148
-6337	197
-7263	-6442
8336	11110
-6882	-4538
-6929	-6173
4143	1661
32680	-4559
2151	-6550
1085	4577
4111	-5786
10958	-5119
-4112	31341
-6003	-6830
-4190	-1826
-8422	1973
7068	40908
-6057	-7142
1031	-954
-5513	11196
-5248	-7034
-5038	-3494
-2027	-6389
13090	-3494
-6563	15210
28572	2264
1256	-7336
-2712	-6819
9970	-6313
-7551	1327
-8212	-6163
-5380	16781
-6711	17922
-5676	4222
-6936	-7228
-6221	-6582
-572	-4161
-7683	-2482
-7279	2834
7994	714
-6929	7418
-6750	-6163
6399	-4247
-6913	-3106
9542	6891
-6034	-5323
6204	-2407
984	7548
-7932	1693
16941	7375
-7925	-4247
2711	-4495
-3925	-3548
-7535	-5689
968	24045
-3311	-7174
5520	7698
4143	17480
-5528	-7153
7636	-6744
-1381	-6303
-5349	9366
-1591	-5625
6103	5589
8896	-6851
-4097	-5399
-8788	-341
11759	-1234
-8780	-3892
-7917	-7
-7333	7601
-1833	1812
5061	-4516
-6882	-7088
-6213	-836
447	-4150
9449	11949
-7870	-1804
-6011	-4118
-1444	-6927
-7084	7634
-7598	1941
-5380	-5108
-7769	-4850
5738	-3698
-5762	-6475
-4268	-7239
649	12164
6516	2210
-5435	19202
-7769	-212
-7777	26638
-6983	1672
22449	-1288
-7504	-4882
3738	-7196
97	-4764
14062	-6873
-6968	1058
6477	-7163
-7543	-6163
-8173	-5582
27973	-5582
4329	4351
-5217	-5754
-6049	4750
-634	3738
21072	3620
2135	10001
-8018	-1815
-5567	-6991
-7901	-4548
-7683	-7185
-7528	-2170
4111	-5506
-5668	-7250
-463	-7207
27826	-6981
-860	-1901
-6516	-29
13798	-1234
-6905	-976
-5863	39348
4205	-6421
23632	5643
-899	-7120
-3272	9237
-7987	2812
-4509	87689
-6501	-5646
-7691	-6485
-6368	1123
9239	3727
30479	9097
-3925	-3063
-8337	-448
-8026	-5517
15136	-459
1886	1478
10196	-7217
-5411	-6529
-7932	37658
10375	-825
25966	-7110
-7574	-4258
-7590	294
8266	-3827
-7691	-6765
-7030	3254
14451	-5302
252	35441
3886	-6216
-6166	-6798
17174	6471
-7847	-5076
252	-1858
32929	-6539
2703	-4226
-5038	-5635
-8337	-5442
4150	-4678
-6757	-6981
-7224	2145
1202	-7346
23430	-6130
-1848	1112
2719	-6808
-1125	-6184
-3708	-5894
1847	-7196
1902	-6335
-8041	-7336
-7714	520
-6781	2920
-3614	-1374
-5030	100215
1264	-620
6570	-4333
24340	-6884
6049	-5883
284	-7217
19228	-5603
6741	3921
3800	2350
-666	-3246
3108	-6668
-5474	2985
-6625	12627
-6298	1876
6181	-6152
-7209	-5937
-8166	18621
5994	-6120
5146	-7260
-5178	-7346
-8096	-4118
-7380	-7196
-658	-2288
-8127	-2966
-3062	-4226
22387	-1212
-6524	-567
2221	-6711
7916	-2202
-1412	4868
10981	-7174
-3202	1629
27685	-6948
-6516	2317
-401	-6001
-5878	-7271
-7753	-5861
-7606	-5086
-4704	-5592
-6843	-7131
24737	-6862
-6555	-7067
-7590	-6227
2781	3017
-2478	-3246
7192	5094
-2463	-7293
10118	2694
-6493	1661
-7637	1898
6305	-6421
-7333	-3946
-6913	-7110
-6944	-6141
-7637	-4279
2439	3017
5675	21473
-3404	-6851
-6003	13639
673	-6335
2563	-7314
-7450	-4925
-2206	4158
-7380	875
-5007	-7185
-7349	133
-4735	-7217
4034	-5797
5076	-6755
-7668	-6937
-6991	-7099
-8749	-1202
-8103	-7088
-2821	-1148
-4906	-3967
12701	1209
11705	3447
1062	-6668
-7707	-5280
-6516	-4086
-7606	-1880
-7162	-5216
1785	1112
-6571	-5226
338	1596
-6026	4072
1692	2468
-7263	-7282
-7045	31750
7076	1306
-5411	-6808
10281	-5915
-7738	-3020
5831	10970
4500	6321
1381	3275
14444	7978
-7489	11163
-8827	15446
5107	-857
1824	-1008
12537	-7196
31117	-4527
-7185	5288
22372	-1557
-8018	-6539
30479	-1944
735	13316
-7598	-4721
24581	-5797
12195	-5754
-7574	-7217
5364	32794
-6602	18589
-7551	-6991
-502	-7207
968	-5700
-5404	-1492
-7714	-2999
22698	8182
-6882	2134
5240	-2192
39410	-7346
-417	-1858
20543	-6442
9635	-7293
11534	2339
3077	-4850
52162	4696
-7255	-5345
-6586	4524
704	-6023
-5100	-6981
-2074	-3483
8570	-889
-7069	-6464
-7349	-2945
-4525	-5786
3318	2457
-8033	-4215
-3747	1586
-7162	-7077
-891	-3063
260	4222
14739	391
-5653	9958
-6711	-7271
-7629	-1352
1404	-4699
8344	8473
-5668	-6432
-6579	-6625
-5131	-7346
-8819	-4193
-7707	-6690
-7901	-7346
-6975	-6981
6321	14220
-3630	-5216
-6462	-868
8881	1349
6025	-4656
16957	-5151
3901	4093
-4976	-5635
-7255	-7077
-7146	15608
-6719	-3860
22908	-7293
-7995	854
-5163	-4139
400	-6066
-7901	445
-7598	4298
-7395	-7045
-7201	-2375
-2657	-4139
-1249	-470
4633	-3300
-3233	-2062
9713	-7239
-7224	1833
-4392	-7250
-8080	-7002
-6368	1048
2944	2393
-6034	1822
-6197	2769
-7512	-6884
22162	6062
999	11669
6212	-6701
-7606	-4010
8196	5933
-5505	-2235
6897	-6970
-7582	6719
-5637	-7174
8935	-4269
-5186	-3171
39006	-6690
-7956	-6970
-8018	1457
-8601	918
1171	1413
19625	-5969
-3568	1758
-6866	-4570
10328	-6905
3473	-7336
-6781	-6313
-3451	2328
-3451	3168
10234	-168
-6182	-3010
8344	-5775
13245	4889
5753	-717
5084	7214
-8018	-6841
-7248	-319
-7746	-3365
6656	-6647
-7364	5610
-4688	-7088
-3902	-4043
-5676	4
-6672	2748
12296	-5560
3248	2479
-4525	-3182
5240	-6851
-6119	3275
4656	-5646
-6485	-2213
1178	-7153
3318	1672
-113	23475
-5762	-2213
7504	-6959
11759	27811
1279	4050
1824	24841
-4291	22861
-6921	3856
-8111	-5162
4041	3533
-4260	-4925
-5653	2242
-8703	-6130
5613	4416
-6594	17696
3442	4168
-6158	-1159
-8726	-6324
-6345	-513
-8080	434
665	-3268
-5707	-6593
-6540	-6163
5948	-6905
6757	-5377
-8080	-7325
649	-6572
5208	-6733
-8018	1510
-5684	6439
-6641	6073
-4960	7827
-3451	4255
3263	-6690
1707	-5409
1560	-2837
-7676	466
-743	7128
21399	-6130
-7862	15446
-6493	434
-2222	34010
10748	111
-3459	-2934
-8243	961
1941	-3117
-7691	4136
-5544	-6819
-7722	-4107
7045	-6711
852	-2687
-2681	-1987
-8041	-1460
14848	-5323
21601	-3300
-5723	-3838
-5054	456
758	-7207
-2113	-2784
-7683	-7110
12444	-5668
-6283	-384
-5077	12692
-6664	22183
-5715	2726
-3645	2393
22543	26090
-7901	-814
-6750	-6033
5504	-5194
-6516	-459
5154	14177
6842	-6507
-6454	-631
-3342	8118
-6252	-3128
-7310	-6851
1108	7709
-6898	-448
-2043	-2428
7387	-4871
-8119	-6259
-2766	-6464
-6205	-4602
-7917	16006
-7170	3996
-6649	-6303
-3132	-4290
-4890	12186
-7917	144
10600	8043
-6579	12035
4788	-6066
42	-5818
9231	-5937
5240	-3365
-7660	-6701
16101	-6690
-6812	983
-5676	-7077
727	20311
8997	-7207
-5552	-7163
-6983	-760
9223	-2665
35606	-6647
-5801	-4086
-5855	682
11674	-5162
-3653	-4839
-6680	-6819
-7753	-4010
4267	-6765
610	3577
10343	-3214
-8236	3264
3894	-2547
8429	-5947
-6306	-5721
4889	-4602
9705	4168
-7434	-6841
-5933	-6970
766	5481
-3046	-739
-5676	-2030
-2953	-7207
7807	1736
39301	1790
1046	-7099
-7279	-2170
1093	-5356
10258	-6346
-5303	-3494
2384	456
4648	-5269
1692	-4236
-4742	35743
-3848	9097
-6913	-6507
3792	-6410
-7069	-2418
3606	9119
-6812	-7379
12032	6590
-7590	843
-3396	-7217
-2867	-2471
-7948	-7142
-8173	3254
-4774	-1578
38189	-6658
-7403	6880
12965	-3106
-8243	-7336
-3723	-5947
-7497	2877
8212	-4602
14132	11777
6282	-7153
-4128	-5366
8134	-1729
6757	-1363
-8197	-7067
-6625	-4656
-8010	-7260
5014	-2923
-7606	22291
-2790	-3548
-5590	-6937
727	-6830
-7574	-6496
-7971	-7153
-603	1015
-5793	7827
-4563	-524
-8096	-3494
447	-6410
-2898	20289
-2992	-6948
-7504	-4839
-5855	7913
-2976	7451
5356	-7185
-7925	-6539
-7637	7634
-5303	6557
-1412	9194
-7925	133
9153	-6130
-7901	39154
-5256	47
-1584	4943
-7162	1263
3388	-4516
-3249	3211
-6726	-6442
-3085	4577
-4688	1952
15354	-6798
14607	-4473
-7115	3964
-8345	7591
2563	7117
-7520	-6001
-5660	-2159
-6649	-6012
22224	7591
-5131	-6055
-1257	3060
-3490	-5937
-7076	-4936
-7948	294
-5349	-2633
-5217	63077
6484	-4387
-7777	4427
-7753	-6238
-6407	2360
-6275	-3171
-5785	5288
-6244	-5851
-3288	8591
-6796	-2547
-7598	-6765
7543	2651
-1311	-7099
-1630	3297
-3342	-6195
-7777	122
-8026	596
-1016	17610
4819	42856
1490	-7325
-6073	10808
-5209	1855
-7637	-6776
1684	2877
-6042	-6776
1272	7494
-6190	-6399
-7839	-5409
5255	-4322
-7465	4061
7052	-5797
23492	39251
-7784	-7228
24830	27133
-7854	17416
-4416	-7013
3544	-4807
-6703	2942
-5902	14715
-6462	-6249
-5567	34042
4586	-5775
8756	-6539
-6952	-6539
-8033	1801
665	-5366
-7730	-6991
-6882	18417
2454	-6012
-6672	-7282
-7901	9495
-930	918
1318	1005
16723	-4226
937	854
-7598	359
-8033	-5797
3582	-7293
-6781	6966
-977	-4548
2789	14543
-6454	4437
-6579	74064
-347	-6475
12584	-7142
7488	-6862
4360	-6098
3971	-556
-6431	-1072
5963	5987
-7932	-2471
-5458	-2644
-5832	4717
-3731	12552
-6213	-4742
-5629	1962
-6252	-5711
-7302	-6733
-7341	-6711
22442	-6668
-6509	-5345
3053	-6625
-6586	-6862
24223	-2601
-1763	1683
-7995	23453
-6034	-5528
5699	-190
-6431	-276
-3140	-6927
2190	3867
28222	12476
-7427	-3214
-1965	144
12187	-7196
3053	3017
-5419	-5700
-7255	15931
-4672	-5786
-7979	12078
3824	8398
-8010	-2859
33474	-2407
-2891	-6755
-3217	-3505
-1412	10744
4493	-5582
-7574	-6033
5325	-5506
-6477	2113
-7730	789
-6493	3759
-5061	-4204
-6586	-147
23523	28070
369	-7013
6648	-6787
2921	-6572
-3101	14004
4734	-6453
-5707	-7196
23282	-6281
-736	-7228
-8010	2124
8033	3813
38399	-6335
21920	-5635
-6921	-427
-8096	-513
9044	-7185
-6571	-6862
-7676	3512
-6812	-6098
-6174	843
-4136	4943
-5567	-4398
5022	1908
2120	-5183
4111	5255
4314	-5549
-6213	-7314
-6742	2963
-5793	-2880
-7325	1403
-6158	10830
-4097	3404
-5458	-2611
3909	-1578
-6384	-2514
-6726	-4387
-7574	-6668
-2992	-2288
-4143	-6970
-7100	-6227
24589	-5786
-315	-7314
4065	-39
-20	-4538
-1537	-6798
-3684	6966
-7473	-341
-8135	-1320
3007	359
-7403	15360
20263	13273
3155	7935
6197	14284
5784	17523
-6991	-5592
5566	-4312
-6936	-5808
13424	64261
-8205	9269
6150	2317
-8088	-7045
-3000	2414
53632	74021
-1397	-3515
-1654	-6884
27522	-5700
-8454	-5754
-8811	2371
-4066	1704
-3326	12476
3466	-6991
-7917	1005
-7668	1801
-8010	3544
-1879	-308
-7714	-7217
-3350	-7034
-4680	7117
20621	2619
-7683	-7120
-1903	-287
7768	-3440
-8065	-405
-7372	-6894
-2844	29910
-1350	-6077
-6112	4513
-6789	8645
-5878	-4322
-1179	12444
58643	-4172
-7644	-4645
245	4631
-3039	-7045
51104	-6012
-7372	-7002
-6485	-6324
61786	-5904
-1980	-1890
-7255	-6464
-7699	-3031
-6143	-5678
-7458	-2149
-7722	-3354
-743	-6518
1233	3157
2470	811
-6579	-5614
-7722	2081
2042	17782
-7582	4341
2493	-7120
813	-3139
11969	-6744
-5871	-4914
-7854	-556
25001	-5345
-448	-4462
19874	7117
-7318	3566
-6913	-7185
-7637	7429
11658	-6873
12576	-6496
10359	-976
5753	-7185
-2961	-4936
-7022	-2956
