36819	-1679
8195	-13981
-10386	21838
-10386	3510
-10386	-3837
-343	-7013
-10386	11579
-10386	10560
4679	-5759
1331	-17321
-10386	-4726
-2854	-8546
-10386	2929
-10386	-6523
-10386	1939
-10386	-1617
-10386	26029
6186	8763
-677	19186
4512	-3251
-10386	-2631
7023	-12439
-4695	1997
9032	-12246
1331	17408
-6704	-3409
8529	14231
6186	-5418
-10386	4640
-10386	2324
9199	-12641
-10386	-1208
6521	18426
3005	-6840
5516	-10122
-10386	-12938
8697	3059
-10386	-13876
9032	-6105
-3523	-1324
2168	-6139
-10386	8003
-1180	-3986
-677	6033
10371	7460
-10386	810
-10386	-7734
-10386	1641
2671	-6418
5349	-310
-343	-3630
-10386	2199
829	-8835
2168	-7254
-10386	-1713
-10386	-430
-175	1113
-10386	1665
9032	7725
9701	1252
9032	-3212
9701	3222
7860	257
5349	-13289
9199	24832
-10386	-6908
9032	-8772
5516	9051
-10386	-3352
4177	9806
-10386	-4870
-175	13587
7692	-5846
8027	3909
-10386	-12708
-10386	-1232
7860	8796
-10386	16235
4679	-10925
-10386	3025
20749	-5432
5516	-2304
-10386	-1651
4512	-2655
3005	1372
-10386	7273
-845	13996
10371	6004
-10386	18128
36819	-10939
3005	843
4512	2299
-10386	1305
-343	1905
8195	-6932
6186	-13232
3005	-11564
8027	-1208
-10386	4073
43515	5139
-10386	-8513
5516	-15221
9366	5913
-10386	-6427
6688	9056
3005	-689
3005	-2775
-10386	-5740
8362	-12150
2336	-1891
-10386	-12419
6855	8849
-10386	-1449
8697	-12122
-10386	3323
-10386	949
5516	9709
3173	2122
-10386	2251
9199	18013
-10386	-5894
-10386	6240
-3523	-15130
-10386	3486
4177	1502
11040	19142
1164	-4202
13551	8926
9199	3510
-10386	-1266
4679	23073
-2686	-14620
327	-7013
16397	-14981
-10386	-4087
-10386	1670
-677	4645
-10386	-10771
-10386	2083
1666	-2045
-10386	7710
-10386	-3751
4512	11809
5851	-9815
7692	26567
-3523	-12011
7023	-3433
1331	-6225
9534	-3847
5851	9940
8027	-5370
-2686	-1828
4512	-15975
-10386	3635
-10386	-14346
-10386	2155
-10386	-6480
-10386	-7033
-10386	-12737
-10386	5716
6353	-7465
-10386	19714
-7541	-10002
829	-11122
-7541	-1122
-10386	-1795
2671	-6908
17234	1252
14723	2862
11040	4524
1331	9757
494	14649
9869	9988
16230	12165
1331	-1257
9032	17590
-10386	-14270
3005	15625
16397	12117
-10386	15553
9701	-1117
6521	-5687
-10386	-1208
-10386	-12818
9366	15043
-2686	21430
3842	15116
9869	-10656
6855	-5312
1164	22968
-10386	-7162
-10386	-2261
-10386	-5029
-2854	4861
-7541	5317
-343	-8080
9534	-1852
-10386	-4760
-3858	291
8362	-15639
9366	20257
19578	3131
-10386	28004
13551	-16653
-10386	19008
5516	-6538
-10386	11420
-10386	-1449
-10386	13232
-10386	-353
-10386	-3558
-10386	-12256
11375	5077
-10386	-12679
-3858	-9113
9032	-13981
4512	1194
-343	-14034
6186	-7042
6186	-17311
-2854	-2218
-343	3780
8362	11074
-10386	377
3005	-7590
8697	-12093
-10386	-2616
8697	9344
-10386	7883
-677	-4322
-10386	-12410
9701	4029
3005	-4303
-10386	7802
-10386	-4303
4010	22674
-10386	906
-10386	-3813
3173	3020
16230	-2256
-10386	-2813
-10386	-3558
-10386	2641
-10386	-15533
-10386	2175
5516	-4620
28784	-16749
-10386	-6725
-10386	2593
17234	-2674
-10386	-4899
-677	4645
5851	8431
-10386	-13419
8362	3025
6855	-1449
-10386	-1852
-10386	-9656
5516	8008
26608	-1257
-10386	1728
-10386	-6836
-10386	-10060
-510	22252
-2686	-14510
1164	12588
2671	-6542
-10386	3953
-10386	8806
43515	-9743
-10386	-10497
-10386	26029
9199	-1252
-677	1905
494	-8292
1331	-9301
9199	-12876
-10386	-6773
-10386	4082
7023	5264
4679	1684
-10386	12819
3005	-4961
8027	-13539
-4360	-6807
-10386	-7076
-10386	-12112
-10386	863
-10386	-1449
-2854	-13337
-10386	-1824
-10386	-2496
4010	24534
-10386	20882
9032	-2453
-343	12578
-10386	-8888
-10386	-5332
-10386	18066
3005	-12049
6521	-15130
13551	-8354
-10386	18532
6353	-5298
3340	-18551
6353	-2631
-10386	12501
6186	19445
9032	2256
-10386	-15615
-10386	377
4847	-13755
9534	1550
-10386	10262
494	-36
3173	11420
9701	-1526
-10386	4736
-10386	-10690
9032	-13784
-10386	-15000
-5364	-5942
-10386	-7701
13551	-13928
7190	-11132
43515	-2674
-10386	2170
17234	10719
-10386	10344
1331	-7359
9032	-1655
-10386	6504
43515	-848
4010	2540
9032	11492
3340	-5692
20749	-8916
4512	-310
4847	-14106
6688	17408
-4360	-6836
9032	-11795
-10386	-12559
3340	-16615
17234	8537
14723	23275
17234	-3751
9199	4832
-10386	2910
-1682	2621
-10386	-8859
19745	-1266
-10386	-1675
-10386	-968
-1180	-11045
-10386	-795
-10386	-7359
11040	-9032
8027	-18580
3005	1185
-10386	2069
20749	867
3842	10699
3005	-10646
5349	12045
-845	-9950
9032	2665
-10386	-11122
2671	-1276
7860	-15682
-10386	13876
3005	6230
-3523	1785
3340	-15870
-10386	2083
2671	-10646
-10386	3534
9869	3424
-845	-4087
3005	-9757
11040	18849
7860	-4039
-10386	2468
26441	-15461
-677	-11564
-10386	18556
1499	5543
5516	-9032
-845	-6038
-10386	964
8529	14669
-10386	17590
3005	8008
3842	-7840
-10386	-8320
-175	12804
9032	13040
6186	-11002
-10386	9868
2336	11785
3340	-2280
17234	23448
-10386	2900
-10386	5067
2671	27
5684	-5327
-10386	6826
-10386	11603
-10386	-12098
6186	613
7023	3424
-10386	589
-10386	-7624
-343	-1689
5684	14649
8529	-1713
-10386	-6062
4679	-680
7860	-13265
-845	10944
-343	11636
327	-4500
-10386	5024
-10386	7163
-10386	-353
-10386	7533
-10386	-353
6688	-15610
-5364	-4784
4679	7691
-10386	-10906
14723	1194
-10386	12453
5851	810
-1514	18604
-845	21238
4679	8042
4010	11516
-10386	2593
2838	320
-10386	-646
-2686	-41
5014	9661
4679	-440
2168	-4870
2838	4717
8195	-10939
-10386	-10915
-175	-1391
5684	-305
-10386	-4303
12882	-17686
-10386	-16326
10706	12285
-10386	9954
-10386	-2439
-7206	-13462
19578	-17057
6521	-6028
-10386	18013
10036	964
8027	19325
36819	-8186
-2686	-1559
-1514	17590
16230	-6345
-10386	-1732
6855	24832
1331	-5639
4512	-15250
-3858	-3217
8195	-17009
-10386	-8950
2671	15216
-10386	-5360
7358	-16802
-10386	-8061
1331	3020
13384	-17681
6353	21651
-10386	-14149
-1180	17888
2168	6653
26441	2372
-10386	-14572
1164	3659
1331	7119
6688	-12468
-10386	-5841
-10386	3131
9701	24832
-4360	10233
-10386	-2737
-10386	-12703
-10386	2842
327	-286
9032	-7369
-10386	-3092
4679	-10219
-4360	15702
-2017	-6369
-10386	1583
6688	-9608
19745	3876
-10386	6504
9032	-9421
-10386	-6043
-10386	1439
-10386	-8585
-2854	20041
11375	5279
3005	-6749
3508	-1362
-1180	-2362
2168	12381
4679	2679
8529	-6869
-10386	-550
8027	4914
-10386	5067
-10386	-5788
3005	1838
-10386	-10939
13384	9099
4177	-11329
8195	-7201
-10386	-6903
-10386	-3726
4512	-13587
11040	12448
-845	-1449
6353	-6187
6353	5678
-10386	-752
17234	4121
-10386	-7287
2168	-7359
-10386	-14567
4512	493
6186	959
829	10051
6521	-12256
-10386	4976
4177	5130
28784	6230
6855	-1434
2001	-1780
-10386	-2775
160	4717
9199	3780
-10386	-8763
-10386	2131
-10386	10598
-3691	9945
9032	-2910
-10386	373
9032	2098
-10386	-8715
13384	-12146
20247	9950
-10386	2146
-10386	21238
9366	670
-10386	867
3842	-11098
-3858	-13986
494	18638
-10386	-1665
-10386	-13486
-10386	17047
829	2410
4512	-13549
8362	25731
-10386	-2958
20749	1257
9032	3501
-10386	3323
2838	-10694
24432	5418
-175	2078
15727	-1232
-1682	13645
-343	9099
-10386	-6369
1164	-1449
-10386	-8378
-2686	-17566
-10386	1766
17234	12809
10203	1257
-10386	-9219
-10386	23155
-10386	9287
-10386	-12977
4679	11781
-10386	2958
9032	-13976
-10386	-6788
-10386	9527
-10386	7874
-10386	24832
3005	2155
-4695	20368
26441	-7523
-10386	-12496
-5197	9517
10873	-3409
17234	-8325
-10386	26029
2168	15606
17234	8950
9032	-2400
-10386	-4116
-2686	-3347
-3858	-1852
4679	-7230
8362	-4534
6186	-3525
9199	14597
-10386	-6677
-10386	5096
-10386	-1502
11375	-2559
9032	-8402
327	925
10371	-6466
-10386	-9815
8864	-12583
-1180	10598
4679	464
5349	-7196
-10386	-17364
9032	26029
8529	-13539
-10386	11752
-10386	5413
7860	4337
13551	14649
829	-8570
-10386	8883
-10386	4250
2671	10632
-10386	-6355
-10386	22439
-10386	19565
2336	10185
2671	-9656
4512	18321
8027	7384
-10386	12021
-10386	-10666
4177	-8008
1331	13929
-10386	-2674
8027	13756
-10386	-7359
2336	5716
-10386	4596
11040	-7230
13551	-3313
-845	-10589
-10386	-5360
6186	-1252
20749	3246
3173	4952
-10386	10747
-10386	8633
-10386	-14611
-10386	2737
829	-7715
3508	4717
4679	1608
-343	-15716
16230	15971
9701	9114
-10386	3347
-10386	-3943
2671	2266
2838	10680
-1180	-5149
-10386	-16845
-10386	-12468
-845	9998
-343	690
4010	15586
-2017	-10762
-10386	1905
3005	10464
-10386	4779
-10386	3020
7860	14409
3340	3160
-10386	-8695
-10386	6571
11375	13746
-1180	-1776
-10386	2131
16230	6216
8362	1137
8362	-1276
-10386	14058
14723	-9858
-10386	-16326
-10386	-12444
2168	7763
-10386	-8325
5349	9114
5516	-14149
4679	-15610
-845	12141
-10386	21238
-10386	685
7023	-11146
2336	-11694
6521	3717
1331	-276
-5364	373
-343	-14640
13384	-7979
-10386	18484
-10386	925
-4360	-1574
-10386	2002
-10386	-13933
1164	-8354
2336	-6369
7860	-6172
-10386	-2136
8027	-7431
-343	6000
-845	7177
-6201	-13347
9701	-3606
-10386	-5721
23093	-4716
7023	4082
-10386	3664
9032	18729
5851	12564
13551	-2501
8529	16884
5516	14169
-2017	-16946
-10386	-15399
-7038	-8421
327	-6418
-10386	11872
9366	11867
-10386	-3693
-10386	-6201
1331	-2357
1331	-1353
2671	1934
9032	-9008
3005	964
2838	-4039
-677	-6816
-10386	14332
-10386	16591
-10386	-7172
-10386	-2304
-10386	-12198
-10386	-13606
17234	-12208
-10386	-14279
9032	-6206
9032	23756
-10386	-13169
-10386	16355
9032	-12208
21084	-6994
6186	-4082
-10386	-2242
-7541	27494
-10386	5207
-10386	5207
-3858	5024
2671	3131
17234	-5841
-10386	-9608
-10386	-2141
-10386	-1434
6186	-13443
9534	-3140
-10386	-1910
-10386	3837
9032	-18705
9032	21718
-2854	911
-10386	-11060
829	-16360
2168	-12938
5014	-7201
829	-310
28784	-13486
6353	9243
-2854	15130
-10386	8484
-10386	-16432
-10386	-18508
17234	4303
-677	6711
8027	17047
36819	-2722
-10386	-11338
8027	7187
662	-13318
-10386	6754
3675	200
6521	-3496
-10386	2540
28784	5264
-10386	9690
-10386	11113
-677	-1473
494	10517
-2686	5543
-3858	11843
6353	11343
-10386	6932
-343	-1641
-10386	-1506
-10386	6245
8529	12525
-10386	15351
-10386	-10589
1331	291
-10386	-10545
-1514	-1756
829	-7138
6186	22958
16564	3832
2838	3198
-1180	9604
10371	589
4679	-10589
-3858	959
-2686	10233
5516	16509
-10386	9806
1331	-12410
6353	84
11543	-15437
-10386	2271
-10386	17047
26441	-14467
-1180	7139
28784	-6566
-10386	-6139
-10386	-14572
3842	24198
-10386	-3549
-10386	1728
13551	-7542
8027	-15322
-1180	-1290
-10386	-7768
-10386	-3650
10706	-13525
9534	3424
15225	3784
9032	21238
327	15212
7023	6860
4345	-5740
-10386	-6134
7525	-5327
-10386	867
-10386	-15019
-10386	6057
-10386	-2674
-6201	-1747
-510	5077
12882	-3948
21419	5067
829	7643
10371	2045
2671	5678
9199	-15783
2168	5923
-10386	-8008
-10386	2083
1331	12021
9199	-4726
1331	-7970
-10386	-2972
-10386	-10416
-10386	-11973
6186	-10493
-2854	-2347
-2686	4447
8697	3607
7023	-6254
8195	5149
9701	-12122
-10386	11978
9032	-19455
2671	-10690
7023	-915
-845	-20046
-10386	-13385
-2854	1425
-10386	-3400
3842	-8301
4010	-310
-10386	-12761
6353	8008
9032	11632
6353	5207
-10386	-10060
8195	445
6353	1665
4847	-7821
7692	14356
6855	-3645
6186	2290
-10386	-17287
-10386	-9474
-10386	1958
6353	10176
7692	3059
36819	8369
3005	-5077
-10386	-6812
5684	-15543
2168	-6403
12882	1583
-10386	-14755
-10386	11050
6018	6480
-10386	-5255
4512	8349
-10386	4178
3173	-7076
-10386	-7893
9032	21478
-10386	1281
-10386	-7258
13551	-11160
-10386	17408
17234	-13385
7692	-2088
3005	-15245
-10386	-1631
-10386	2838
8362	-16821
-10386	-747
-175	-4668
-10386	-5793
2671	-15226
-10386	-14226
-10386	-944
5684	-627
494	6773
5516	-8830
8027	3280
-175	14645
2671	26442
-5364	-13823
9869	31
-677	2179
26441	-1968
26441	-2381
-1514	-387
-10386	-11939
-3523	6634
7023	4534
-10386	11242
4512	-1112
-2017	320
-1514	6230
-510	670
-5364	8907
-5364	12165
3005	6326
4512	9123
9032	-4817
3005	10824
4847	-4885
-4695	-14149
5684	15668
-10386	-12434
-10386	-9512
3173	699
-10386	12021
-343	-9474
6353	8470
-10386	-5139
-10386	10858
-10386	973
17234	-16533
-10386	8349
-10386	-2871
-1180	1319
-10386	-146
-10386	12698
-10386	-11708
-10386	3131
-10386	4640
-10386	-3726
12882	1348
-343	26086
-10386	-2045
43515	4524
829	19085
4512	-16048
1331	-13347
-10386	-4837
-10386	3193
-10386	-2866
-10386	7119
9032	1430
-8	-7955
9534	-286
-10386	-2227
9869	11809
8529	-8479
-2854	3900
3005	4981
-10386	-6110
-10386	17
3005	-7172
13384	2324
6353	-4399
-10386	3780
-10386	-4274
7692	3059
-10386	12319
8362	-12150
7860	12458
