4245	9264
-3192	-7259
-11477	14164
-8841	2403
13283	1983
-16655	-10059
4998	8423
11400	13884
17143	1843
-11006	-12159
-15996	4503
8011	22005
10458	-16360
-5923	2403
-12607	-2358
-4322	4363
-7052	-12719
-14866	8283
103	-12299
-8464	-9079
-2816	-1798
-1780	-118
-6299	16404
16578	10944
10929	6743
7069	6603
-16372	-2638
-2533	5763
1986	7443
-11383	-3338
-7523	4643
8293	7163
6128	16685
1703	1563
13471	-3898
8011	7303
17048	-5998
-3757	11084
4904	1703
-11006	-258
-15996	-1658
-13266	-13559
3680	-12579
-15337	8003
14224	-538
2080	-2638
-9877	3943
-3663	-5718
1703	-3338
5845	162
-4981	-3758
-11477	862
-16184	7583
-9029	-6418
-8559	2543
10458	-11459
-274	-2918
-6205	-12579
-5358	9544
-1498	-7959
-13548	-15100
-12324	14304
-2063	3803
-11571	12064
1609	3243
-8182	2683
-6582	11504
-6676	11644
15825	-1658
12718	-1098
14412	-1238
-12607	-5858
-8276	-1658
-16937	11364
-4040	3103
14601	-8379
-10630	7163
-9406	13744
-11289	-8799
-7241	5063
-12701	14444
-7994	-17060
-5358	-3058
-6770	1703
-14584	2683
-2533	17245
9140	-4038
16107	-2918
4057	-1658
11965	4643
-15808	-10619
-11854	-14679
-10818	-6698
-5640	-17060
9423	6603
-5264	9264
-8182	4503
1891	-1938
1609	17245
-10818	19345
-1215	6603
6504	-8099
-274	12064
2174	-10479
-6676	8423
4245	12764
9799	-12579
9235	6743
-11006	8844
14507	13884
-14207	-3898
8858	-8099
-9029	-13699
11682	10944
479	17245
-9594	-17760
11023	-9779
-13642	14584
-15054	3803
12435	-1238
1232	-538
2080	6183
-11854	-538
-4322	25926
-1498	-958
-10347	15984
-8276	-15660
-8276	9684
7728	-12159
103	-10479
479	-4458
-3475	1843
-11759	7583
-14584	2263
-12513	7163
6504	-8659
-8559	-10199
-15902	-7539
-11006	10384
15260	4363
-2533	-11459
7069	16685
-5264	6743
-13548	17945
7258	-5718
-14490	-13279
-2251	-8379
-6111	18645
13094	1843
14601	15004
16389	-15100
3868	15564
-12701	-7539
3868	-19580
14507	9964
16672	9544
6693	-1798
-9123	6463
3586	-10199
-4605	10664
-2628	-538
9517	6183
5563	-10619
3021	12064
-13172	4083
5375	-13419
2080	15004
-7994	162
15825	-13559
4245	18085
-4040	16404
-11571	14584
-4793	3803
1986	582
-3287	-16920
-4134	-11879
-10441	-4318
-6205	-2358
13000	-4038
-15996	-5158
-9971	-17200
11023	6323
-13736	-4738
-6770	8984
-3004	-3898
-15808	14164
-14019	4783
11400	5063
-13736	-3898
2268	1003
-12983	13044
5845	-3758
-16937	-4458
6316	8984
4716	-1658
-368	-6838
2550	-10619
11776	4643
15260	18785
-8935	-15100
-7335	-1798
-9029	-9499
-933	3663
14883	-9499
10929	4363
-3098	-9919
-4040	-4318
-16655	6743
-8464	-7119
5940	-6418
-15337	-398
-13642	-1238
16860	-10899
13094	-6418
-12889	162
5469	1843
-6017	14584
-5640	5063
-1404	9544
-14960	1143
-9312	-9219
-15525	15004
11306	-9079
6034	-5858
-6958	5203
-12983	-8379
-4134	-8379
-14019	-1238
12341	-1938
-2345	-4458
-8559	-13419
-14207	-6558
-4887	-13979
8481	-8519
-10441	4643
-8088	-9079
14412	-12579
-2816	-5018
-11195	9824
-16278	-7539
-10065	-16500
12530	-7819
12718	20745
6034	-1658
15071	-3618
14695	-3338
15260	-4598
11871	-9079
12435	-24201
8293	11784
12247	6043
8670	-9079
15542	-118
7728	-18180
-14113	-17760
-7146	10944
-5828	-9919
-8276	8143
4245	-9779
16954	442
1138	-3198
-12795	19205
-14960	10664
-10065	-8659
4433	-8799
3304	4643
13942	-8659
-4322	-10899
-4040	12904
16484	-16360
479	-258
-16937	-9219
-8276	-1518
-6676	-4598
-16278	-7119
1797	-258
-1592	-6138
-16843	2963
2739	-12859
103	7443
15730	-7259
-6864	4643
4622	-2498
-4416	-16220
13942	-6558
-14490	-258
6599	-5018
10647	-2918
-13454	-4038
12718	-4738
8858	-258
-3946	-15100
-12230	-4738
668	4363
-1215	-17480
-15808	-13419
-6487	17805
-4228	9824
1327	-4738
-15996	-11179
4527	-15100
5469	6603
-4605	8844
-14113	9964
-13172	-4318
-4510	162
762	5203
-10253	13324
1515	2543
-4887	-7819
-9029	-16500
-4322	6883
-16467	10804
-2157	-12719
9705	1563
16860	-16500
11871	12064
13471	6043
856	3103
5092	13884
-3192	-4598
-10065	4083
2174	-7959
-5640	2963
2080	-10759
-11854	-23361
6128	-8519
16389	8704
-651	442
-16937	12064
-8464	7863
9235	10944
-14301	15564
-7052	12064
-15808	-3898
-8370	-4458
5281	8844
2456	10384
-5452	8283
-933	3943
-1874	9544
5845	6603
-9218	-3058
-10159	-4318
-13925	6183
9517	-10619
3021	4083
12624	-6418
10082	-11879
-6111	-3898
-1310	-1658
16107	9964
-15713	4083
17143	15424
950	9824
-1310	-9359
-10536	15144
-13360	-10479
-10441	17385
-9877	7303
13942	8143
-9218	-2638
-1686	-8099
5469	9964
14318	-958
12435	-1798
-3663	-258
-4228	8003
15825	-4598
-4793	-3898
13848	-5298
-5169	13184
3209	-1098
9140	11784
-1121	8283
-8935	-3618
-5546	-9359
-9029	-12579
3868	-5858
-11571	2263
-16561	-5718
15919	-13279
10835	5343
-5734	3803
5375	-5018
6504	-1238
-8653	5343
13471	-4458
-14113	-2498
-2533	-2358
-13077	-1518
8858	162
-6393	-7819
14695	-8099
15542	5063
-2533	-12579
-8370	-5018
-8841	6183
5563	3383
12341	2683
-6299	-398
11965	862
-2251	-5158
16766	8704
11871	-11179
-1498	19065
10553	6743
-11477	-12019
4245	-10899
2739	-4038
-9782	-1938
11588	13184
13942	-15520
10364	-20420
2456	-538
3868	-4318
-4981	-18180
-1310	-2498
16578	-958
14318	-4318
8105	4783
16578	8283
16578	15704
-2063	7443
-2251	13884
-4134	-19580
-8370	9404
4527	-3058
-9218	16685
-8370	11084
-556	-7119
-15337	-9779
291	-12719
-2628	-8099
8387	-16360
-4605	-10759
-6299	-5718
-14207	-8939
10929	-8379
-6487	-15380
1891	17385
-6770	5063
-3381	7163
10741	5763
12906	2403
4622	-11179
-15054	8984
3868	-3058
-8559	10664
2174	-14259
14601	9684
-6205	6883
-11383	-9919
-13266	-10479
17237	-16080
12059	-10619
-10724	-8799
-5640	9404
16295	1003
14695	-6558
-16090	582
9988	9264
6034	302
16484	13744
-14584	1563
17425	3663
-2345	-2918
3021	1703
-8841	7163
4716	12064
6410	3243
7634	10664
-1592	-12019
14318	-2498
-3004	8003
385	9404
-462	11924
-15054	10664
-8182	4363
-368	-1098
-8088	582
-8653	7863
13283	2963
8858	-7819
-14113	-5858
9329	10944
-15337	-9779
8952	-4318
9705	-14259
15071	4083
-6299	5343
6222	8704
4245	6883
-13266	-8659
-11100	12764
17143	-14119
14130	14444
-16749	3383
668	11504
-15525	21165
-3757	162
-16561	-9219
762	5763
-12795	-4458
-1498	-11179
-9406	3103
-9971	10104
9	-5718
10741	6743
-15713	8563
12059	6183
-3663	2543
13942	9264
-9688	15844
-7335	7163
15071	8283
16201	-14820
-10912	-12159
5940	-4458
8576	10804
-9406	6603
5281	-1518
14412	-6698
6410	3943
-4793	3243
5186	-10199
14695	-9499
17331	-4738
5375	14164
-6111	4083
-10724	1563
573	-17200
291	-1798
-2157	3243
6316	-20280
13753	-20280
-4981	-818
-3098	10384
13942	-13279
17331	-14259
9	15424
1609	20045
-2251	13884
5563	-17900
12059	8984
-745	-7119
-12795	5483
-4699	1283
13283	13744
-9500	-10619
16578	12064
-11100	1703
-9782	17805
2833	3383
10364	4363
12059	6743
-10724	-12579
-12136	5903
-12513	6743
9705	3803
5375	8984
6693	-1658
9799	3943
10364	-118
6128	-16220
-10159	-16780
-1404	18505
16484	-5158
7728	-8379
-7146	9684
-8653	-6838
-1969	-9499
16860	11644
1138	15144
-3287	-1238
16672	1003
7258	10104
4904	-4598
-3381	2543
2927	8844
-8935	-3618
-13736	-4038
16013	-7399
15166	-24901
-2345	862
16013	-1938
-12418	-14960
385	8003
-9029	-14399
12247	1143
3963	-2498
2645	2263
950	-2638
13848	15144
-9877	14444
-5075	18785
-1686	3803
-4416	-13979
-10818	-15380
-2439	1703
-1027	22145
1232	8003
-11006	9264
8011	-818
3586	15984
17237	-3338
-15808	16404
12153	9404
197	302
15919	582
-13831	-118
6316	-9499
-3381	8704
-10724	3803
-7052	-12859
-2722	7583
-16561	-9919
4057	17105
762	18085
-10818	16685
-13360	-8519
5281	2263
-11383	-6698
-5452	-9919
-7241	-258
6693	-9079
5657	6883
5845	-4738
-1686	3103
-9500	442
-13454	15844
-11759	-4038
5657	-258
-11477	-10479
6410	862
16860	7583
1797	9964
-3098	10944
2739	442
6599	6463
-5075	7303
1138	7863
14977	19485
-1874	22285
-8935	13604
4057	-12859
-16184	21165
15354	20185
-15996	-9359
-1121	12764
-15149	12484
-6299	302
-12795	-6558
856	-5298
-4510	17105
-16561	-3338
-11854	162
-1592	-538
-13548	14444
9705	-258
4998	-7259
-9971	-3198
13565	-10199
-933	-1658
4057	-5438
1609	12204
4339	-17480
-15808	-1658
15354	-9359
16954	-3338
-8653	4083
-12042	-1518
-16561	11504
10458	12344
-10347	-9219
9517	-2498
4527	-7959
12906	14164
-8464	-5858
-8653	12204
8858	14864
16860	9544
-3757	13884
-16655	3383
-9971	-2918
-2628	-14679
-2628	-7119
-16090	3663
5281	9544
-7805	11084
-2722	10104
-5546	-19720
-14866	9544
13659	-6698
-4416	3103
9423	6743
10082	11364
-13172	-9499
2833	11364
-13266	-4458
-13642	8003
-8559	13744
-13266	-17200
-1027	10804
9	-5718
16107	-1798
5657	-7399
3021	19205
6316	12204
2174	3243
4998	-16360
16860	-14259
4245	2963
291	1843
-7335	8003
-14678	1003
-11665	1983
11117	-23781
8199	11364
9235	20185
-12795	3103
-7429	-3898
13189	11084
14601	-26301
14789	-2918
6222	-9359
-13642	10244
3021	-14119
17143	-8099
-13360	8704
11965	-958
9517	7163
-8747	5483
4245	-12859
950	9684
-2722	-5998
-9971	-16220
10082	-5718
9705	13744
-6111	17805
10741	22705
1515	9824
-3475	1703
8952	-8659
668	-14399
-14960	17245
9988	-14820
-4510	-3898
-7146	-4318
-14113	1143
-11948	-4738
6504	-1658
-86	-12859
479	-23361
5092	-16360
-6111	8143
-16561	6743
2739	9684
4245	-14399
-15431	-5298
-1027	-15800
-3098	11784
1232	-10479
-1498	8704
-5358	-3198
385	16545
8105	15424
-6111	-5158
9517	-1798
-6393	1003
-14866	-9499
-13642	12064
-12983	11924
7540	3103
-8370	6463
-13831	-11459
-10536	-6838
-15431	-5298
11400	862
856	-5858
7822	-6138
8858	-6558
-7711	10244
-9406	-14960
-11571	8844
-12136	14444
11682	582
-13172	-7959
4151	6883
-11100	12904
14318	4783
2080	-23781
6222	-13699
13942	-538
-3475	-12719
7352	-3058
-11195	13744
14318	-8799
-12607	13464
5751	5763
10741	-7959
-10818	-7819
8387	9404
-1027	-10899
-12889	19905
9140	2543
-6017	-6418
-2063	18785
9894	-22661
10647	6883
-9406	-16500
-12136	-2638
2456	-258
-6582	-14820
-13077	2263
-1027	10384
6599	-16080
-14490	-9219
13565	8844
-14301	-6558
3304	16545
-3192	7303
-8653	-12019
-2157	8423
8293	-3618
-10912	862
-3287	-1658
1986	3383
-7900	12484
2927	-1658
-5546	-818
6504	10664
-9312	-24201
-4228	9264
-3004	-5998
9046	-16920
-12136	1843
4998	1563
-4605	-9079
-1969	3103
1797	-8799
8952	-12159
-556	11924
-2063	-5718
-10065	-6838
-10347	16264
-4605	-10759
1609	-4318
4716	4503
15354	-21680
10364	-10059
385	10384
5563	-7119
-5169	-5858
14318	-12159
-839	-2498
15542	-958
13189	-12019
-11854	1283
10270	3103
14977	302
-9218	3943
-8935	14864
-1686	-5858
9	18645
-8182	-6838
9423	2963
-11006	12204
-7900	1563
-3946	18785
5845	-22100
8293	-15380
16201	-10759
-10253	-12999
12624	14444
-7900	-5858
11023	-6138
856	3243
-6864	-6558
11494	14864
-5546	-7539
-6770	-8519
-1404	3803
10458	4503
8670	5343
-2628	-1658
-13360	6883
291	-7819
103	-538
-7523	-12579
6034	-5018
2268	11644
3304	-12159
14601	1563
14507	442
11117	9824
10929	-2918
6881	2403
-10724	-4318
-14207	862
-3381	-6838
5751	16545
2645	9684
-2628	24245
-14960	20465
-2533	10944
-16749	13044
7917	2543
16107	-8799
7446	-1098
-7805	-4738
14601	12904
-14395	-13979
-15431	10664
-16467	4783
-15808	11084
1327	-11879
-15525	-5998
-7241	2683
10741	-16920
6410	-11879
2739	-2358
-9029	1703
10647	162
-3287	-7119
-10630	3243
4245	-3618
12435	-6418
7352	-6698
-7617	-4738
16578	7163
-4228	-538
-11759	302
-16090	11784
7728	8283
-1874	8143
15825	13044
7822	-7259
-11100	1143
8481	7443
-9218	4783
4433	1563
-3381	3943
9329	-7959
7352	-13979
3963	15004
-15431	7583
8858	-14399
-6205	1843
-4793	6603
-9688	-11459
1232	11644
16766	-5718
-4040	-8379
8670	-6138
-12324	-18880
-6582	2683
-6582	5903
668	-14259
-14866	-7259
-14019	10104
-10630	11364
5657	-1238
-13172	1563
14883	2263
8199	13744
-8276	-4738
1421	-1798
291	3243
-6393	6603
-462	-5438
9799	7583
-8747	16825
12906	-18880
1703	4083
12153	7163
-15243	13324
15354	10384
1327	-2358
-3569	-15800
-3004	11644
3963	9544
-6864	-2638
-180	14444
10929	-2918
2268	-9359
3492	20045
-11195	-3758
-6582	-14259
-1686	-4318
-4981	7303
-745	-11879
-15713	-2918
16766	13884
-14772	17945
2739	8704
-16937	7443
-9971	-398
-5640	13604
-12042	9544
-2816	-3898
-556	-2358
-7052	-11879
9517	12204
-6111	13464
15730	10944
-9312	6043
-15054	-8099
17331	2963
4057	11504
291	-8799
-9218	-11179
-4605	-14399
-7617	15284
-6205	3663
-368	-3338
14789	8844
16295	-6838
11682	302
11776	-8379
-12230	-9499
16672	14164
-5264	10804
16013	-1658
-6205	-538
-14584	-12299
12624	5763
-13831	-1518
9423	-2918
6222	20885
1891	-9779
-6864	2543
7728	6043
-12889	162
2833	9544
16201	10104
-4605	2683
1986	-5718
-14395	-9499
1797	6883
14507	-13699
-368	7303
15825	-10759
2268	6883
-7994	-8799
-8747	7583
-9500	6743
-7429	3243
-3381	-118
14789	-4458
-15525	1843
7163	11784
-4981	-7259
13848	-23781
9046	-21960
17048	2683
15636	19205
-15808	10944
-462	2963
-13266	13044
6975	12484
-7146	-2638
-3663	-3338
6693	2683
5751	2963
5940	5903
-9688	-9219
3680	15844
-7711	-4738
-16184	-11879
-13831	18645
-4322	7863
2268	-6138
7352	-5718
-14772	-22520
1703	5203
15636	162
4716	9404
-14584	-6558
9	-10059
-4322	10104
4904	-10759
5186	9684
-10159	-2218
14130	-13419
-12418	-10199
16954	18365
12247	3243
16860	-1518
-11100	-818
7540	19205
7258	-9779
8764	8423
8764	9544
13377	-1238
5375	162
10835	-1098
-8935	-12859
103	-8379
8105	7163
16107	-2218
6881	9684
8764	-18880
7446	-18600
2645	12204
-14678	-5718
-3663	-20420
-16843	10384
3774	-1518
11588	442
-14019	-6838
-8747	10104
8293	-19860
11400	-9779
1327	13464
-10347	5203
6128	4783
9611	-5718
10741	12764
3398	13044
6034	-5298
6787	9544
11117	-11599
-7241	-9779
-3569	-10479
16107	-10199
5940	17105
3209	2403
-6393	-12299
-8276	7163
-12701	-8799
-7429	9544
-12042	-7819
14601	9964
9235	10664
-2533	10384
17143	2963
15542	-5158
-7617	8003
479	7303
9799	16264
13377	7163
1797	2543
-16843	18785
3398	-5018
11494	-2498
-13266	-19020
4810	-4598
-16184	-14119
2174	-16220
3868	-21960
-6958	-3198
17331	14304
6975	-10199
-14207	17945
11682	-118
3680	5343
6504	162
-11195	12484
8670	-5298
-1874	-5858
12059	-7959
-10159	12484
8199	-5438
-2816	9404
-2910	7303
2268	-13419
8011	-17620
16201	21865
15919	4643
-5640	-15660
9046	15844
668	5203
10458	-3338
7258	-1518
-368	4083
2080	5483
2645	4363
-14866	4503
14130	442
6975	-8379
-11383	11644
-12418	-1938
-2722	-4318
-6770	3103
-4510	7863
14036	-17620
-5452	162
-6111	4363
-3098	-6138
14507	3803
-14678	2963
-14866	5483
-16937	-5018
6034	-3758
-8841	-5158
8105	-7119
4527	4363
9423	-12719
-4699	-7119
14224	-5718
11306	12204
2456	18785
8576	16404
-14019	442
13283	-7819
-8559	13884
-839	27186
-11665	5063
2174	4503
7258	4363
-11948	-10199
13377	14304
-12607	4783
5563	7443
-2910	-10619
4998	-10759
8764	6463
1232	-2638
8387	-5158
-9029	-9919
5469	-16220
-2628	9684
4433	15424
-11477	-17060
15636	-10199
856	3943
12906	17805
3304	1843
1891	4783
6787	3243
-3004	8844
103	442
10082	9404
2550	-6558
-10912	-8519
10741	-8099
10364	-2638
-14301	15564
-1404	-6558
-86	3243
-12042	-6838
16954	17105
-11571	4083
7540	10384
-7711	15704
-15619	-21260
-6864	-12159
15825	-4598
-14584	582
3021	15144
3868	1983
-13454	-3898
-15054	18365
-3851	-958
16484	1703
-3569	-4458
5375	8283
-3569	-9219
5563	302
10741	-16360
-13831	2403
16389	-10199
-12795	1983
4433	-18180
2080	-5158
-12701	302
14412	16545
-3004	1003
-8841	-7539
6316	1983
-14960	5903
9611	-1098
2833	9544
-274	-2358
15260	1563
9046	13184
8576	9544
11400	4363
-7241	-10479
14789	-5018
3868	-9079
-10536	3383
14789	-1518
6787	13324
2174	-4318
-12701	6183
12812	8003
-5923	-2218
-14019	-6418
12341	-5298
-16467	-33302
-5640	4503
6881	-15660
15448	-5718
-3475	-818
-2722	9684
1515	-4038
7917	14864
-6487	5063
9	11504
11306	5203
11212	-8099
-8464	-5718
1232	-8799
-12607	-7399
-7241	15004
-7994	-1658
3586	3103
-7523	8143
-12513	-18880
1044	2543
4716	-118
-14960	582
1421	14304
-7523	6323
-10724	1843
-2157	13884
-7052	-9219
4998	-2358
7163	-1658
-462	10664
7822	-4038
8199	-118
16954	3943
4527	-14119
10176	5483
-9877	4363
12718	-3198
16484	10664
-5546	-7399
8952	-14820
7163	-14820
-8182	16685
-6205	18505
6787	-17760
-14019	6463
-11100	-5438
-2439	14864
-2816	11364
-12983	442
7540	-12019
-11571	-1238
-3004	15004
11588	6883
-368	9264
3398	-6138
-556	-1798
-6582	12764
-7523	5203
10553	-12579
12718	-6698
7163	-8379
14695	5903
-14395	-7539
-8935	1983
-7711	6043
16201	-10899
11588	7583
-15337	3803
5375	-8099
14507	-2918
-3569	-7399
-11854	-7819
-6582	6043
5375	5483
10082	13184
-4699	9544
-10159	8003
14412	-12719
-16372	-11179
-2251	302
-1310	3943
7634	-7259
-5452	11504
14507	1843
-4228	11784
13094	-7819
-7052	-17060
17425	11084
-5828	9824
3021	1003
4998	-5858
16013	-15660
8387	2963
6975	-8659
16201	-5298
13471	5903
-4134	-21820
-10065	-19160
9329	-7259
-10630	-7399
-2910	18785
-2157	15564
6504	13744
-1404	12064
5281	-9779
1891	8143
-7711	-11179
-15902	13604
-14584	-5018
-12795	11084
-2722	10384
2550	-14679
13283	13884
3868	-3338
-5169	-15100
16954	22985
6975	-9499
9894	-8379
-13077	8984
2174	-14259
8387	9404
4527	15844
8670	4503
-15337	862
8670	-8379
-9312	-15800
-16843	6743
-11854	-20560
-5075	-13979
762	13744
4622	6603
6693	-3758
16389	3243
-86	5483
-14301	3383
10741	4503
13659	-17480
-1310	1283
-11948	6883
13094	-10619
7634	-1798
-15149	2683
-8370	4083
-13266	1983
16860	-9779
4622	7863
6504	8003
16672	-16500
9611	-4318
-7335	6183
-15619	-6138
-11383	-9359
-6299	6183
7446	-14259
-16184	17385
-4510	-12019
6504	-958
14977	-1658
12530	14864
10553	-9499
-15431	162
-9123	8984
-5640	13044
4810	-3618
-11854	-7819
-3757	-7119
-556	-9079
-6676	-11319
1797	7863
-368	-23501
-4040	-26161
-6017	-3898
-7335	-7539
10082	-13559
-13360	-1238
10176	-23221
-8464	-13419
-6299	-2918
15919	-16920
6316	-3898
2645	3243
-11571	-19300
-10724	1983
-2251	6043
10741	7163
-9500	-3758
-10912	5483
9	7443
-12701	-6558
9140	3663
2456	13744
4245	17805
16201	-4038
856	6603
14412	-11179
7822	8283
-9594	7163
-5828	-1238
7540	15984
856	9404
6599	-1938
291	-10759
-5452	8704
-10347	-12999
-14678	-8379
-12701	-9779
8011	17245
-14395	-10619
-11383	13044
-9500	5203
-15713	3243
-4228	-8799
15919	13464
14507	-2638
-14960	14444
-651	-3198
-6676	-1938
4057	442
-3287	-16360
-12983	-10899
-8276	-4738
-10253	-4738
-4510	4503
15730	-5438
-4228	6603
-5828	442
-1780	-4458
-16090	-4738
16389	15284
-7994	2963
16107	-5718
12247	-14399
-9029	4363
13283	-4598
-1780	9964
-3381	-14960
12812	6743
-9312	-16220
-3569	582
-11854	-10899
-86	-8799
-933	-5718
-3381	-9779
-6017	16685
-1027	-23501
-6111	-5298
14507	11364
6881	582
3209	-17760
-4605	-9219
3115	442
8576	-1518
10553	-8799
197	-2638
12718	-20560
4151	12204
15730	-5718
-8370	-818
-10724	-1518
9140	-5858
2927	-5158
-12513	15704
9517	11084
385	-3198
-6676	-19720
6975	-15100
15542	26906
12530	-11319
14130	-8099
9329	-11319
7634	-9219
-2063	-6138
-13360	-2498
9705	-4598
-6393	2263
9140	5763
-9782	10244
17143	13604
13000	6603
3304	-5438
-14490	-258
-15619	-8659
1515	17385
-13925	17385
-12136	7303
-5169	-11319
-12230	17385
-4134	15004
-15996	-18460
-6299	-1238
-16749	16264
7069	-538
-6582	1283
13283	8283
3209	2403
-15996	-11599
4057	15004
-5075	13044
16954	-6838
-3851	-398
7446	-9219
-10536	9404
-8559	-3338
-3851	13044
-14301	-4458
-10630	-4738
11776	-1098
-1404	-10059
-14490	-8659
-5546	2683
3868	10244
2080	2683
-3851	5483
2174	-7259
-11383	14304
-933	1003
-11100	-2498
-13831	-12019
2268	-7959
-16090	1003
-4981	-1238
6128	20605
-4416	6883
5940	-9919
-13077	-6838
11965	5063
-7335	-9079
12247	-5158
7163	3943
14883	12904
-5640	-2498
-5546	-12159
11494	2403
-11759	-4038
-15243	1703
2645	4363
-1498	-9079
17143	-2358
1044	-10619
-8088	-258
10835	162
15542	14584
-15619	-6138
-16278	13044
-6017	7863
-11854	-7959
4622	-24761
-745	11784
-7146	-3898
10082	-2358
-7523	12344
-2816	3803
12718	16825
7822	21445
-3663	-20280
13000	-258
6222	5483
-8370	4363
-9877	-2918
8199	-12859
13471	-7819
-8653	-8519
-7335	-538
-745	1003
7352	5343
15260	13604
9894	-2638
3774	13184
13471	8704
-1215	1563
-651	1983
2833	14584
-5923	-6138
16295	3663
14412	11504
17237	-21120
-16090	-21680
-12324	-7259
950	-6698
-8464	-1098
11400	4363
-15619	12344
14224	10944
1797	442
-651	-8799
-16561	11504
17143	-8519
9423	1003
14789	13184
10270	-17480
4716	11504
-9123	-8379
-15431	5763
-1404	-4038
15260	-1098
-14395	-10899
-12042	-1798
8293	6463
-5452	162
11682	7583
14883	-1938
-12513	-10619
-7146	-8379
12059	10384
-12701	10664
14318	7863
14412	13184
2362	-11319
3774	-11459
-12136	6883
1421	14584
12624	-5018
-14113	-9079
-11100	17665
-10630	-7119
15260	-8519
479	5903
-15713	14164
12530	-3058
4433	-6138
-5452	-8099
-13360	9544
-3004	-1798
8481	16545
10364	4503
12341	14444
17048	1703
-7617	1843
-7335	-8519
13471	-1938
-6205	-7259
-1686	12204
14412	-16920
13565	-538
1138	-5298
-4322	18085
-11195	-14259
4527	442
15636	7583
16107	-18320
-11854	-2498
13471	7443
-14395	-7119
6316	162
4057	17665
-3381	-1238
16295	8423
-7994	-8099
12906	10244
-7052	-2358
762	-258
-1592	-4738
6787	13604
10458	-5438
6881	-10479
-8182	-11879
2645	3103
10082	-958
-11289	-2218
-933	6043
-3004	10664
1327	17105
17237	4083
-12230	-4318
-14772	8143
13659	1143
668	4783
-13831	9544
-5734	13744
16578	6043
13753	-3618
1609	-258
14883	16264
-12324	-10759
-14678	-13699
1232	4083
-180	-5158
-13172	11644
4151	-5158
-8182	-7399
-13172	10384
-9500	-19300
14695	4783
3680	582
-7146	7303
-16372	9404
-16655	16545
14789	1283
6316	-5438
5751	-5298
-7429	-16500
-3287	17245
-14395	2403
-16561	12764
11776	-40023
12059	5063
-10065	4643
11212	5203
-2439	7583
-2628	-20000
12530	442
10929	-10199
-5075	8844
-6299	10804
12718	-8659
-16184	-10199
11023	23965
2927	10244
-14960	-118
-14866	2963
-13266	442
7163	-6698
7634	9824
1609	-7539
7728	-7119
-2345	862
-5828	-818
3586	-3898
10647	-11599
9235	7163
-6487	6183
-16843	5763
-14019	10384
10458	-3898
-1780	12344
6693	1563
-16467	11504
9235	-8519
-10724	5343
-2251	17245
-10724	1703
-14019	4643
-5264	-17480
14036	8563
-180	-1518
16672	2683
14412	-4738
15730	17105
-10159	1283
-6017	-13979
12341	-16220
10741	-8799
9329	-258
-7617	-9779
6410	11644
-12324	1843
-10818	8984
5940	10664
-9500	-5298
15919	9404
3868	-13559
3963	6883
16295	2403
-4322	-1938
-8088	5903
14695	11644
-14960	-8659
6316	-1238
2080	-5438
-2063	16404
11306	6883
-4134	-16780
-4134	11924
3680	-3898
-10159	13604
1797	-3758
-8464	-10759
4810	9264
7917	13884
-11948	10244
5657	-258
14977	8844
-7711	-8099
-11759	3943
14318	5343
-16090	7163
-16090	-1938
-15243	-14960
-8182	-12299
-14772	6743
9705	-7119
11400	6603
-7052	-4738
16484	13604
-651	-11319
-15243	-12159
-1592	5343
13471	8283
3492	10664
11965	10104
8387	4083
2739	17665
-10065	-9079
-13831	-7819
4810	5903
13000	-6838
8952	-8659
12812	-14399
-10818	-28401
-10912	4643
2550	-11319
13000	-22240
11494	-2918
11965	-9499
-9500	1983
13094	16404
-15525	8283
-1404	7443
11682	3663
1703	-398
-5923	-17760
3492	-5018
-2628	5343
3680	4783
15166	-2638
9423	-958
-6017	-6418
-6582	8143
-16090	-12159
-6582	14304
-10724	11364
12435	-6698
-6487	1003
-11665	15004
13094	-10059
-16749	-17620
-3475	-9359
-13172	-3898
-12418	-7119
-6299	10944
-8747	-13279
-13736	5483
-5923	3943
-8370	-10899
15260	-6838
-745	-11179
103	-1798
10270	-13279
-12607	1143
1703	162
668	-6558
-14113	-6698
16201	162
-10347	11364
-15149	-1238
6504	-5858
-9782	-21680
-5358	16404
-14490	-11179
15071	-9499
-8182	-6698
4998	14584
5657	-9499
17237	1983
-10159	23405
-9594	6603
-16467	21865
-12607	-7959
-180	1983
8764	-5858
-12889	-5158
-14207	5903
-3004	3103
-2063	1703
-15713	-8659
5845	-2638
14601	10244
11117	11644
13377	1843
-11477	-9779
-11759	11644
1797	-5998
4527	-9079
-11477	20465
15260	-11179
12718	-6138
-10253	-7399
7446	-3618
2268	442
13377	-10199
-12418	15284
-13736	-6138
15636	-2918
-9029	-8519
15448	-8099
15730	9684
-9594	5203
13848	-7819
8387	6883
15730	9544
8670	-11599
-15808	-11599
-15996	3103
-3946	-5438
-5264	-6138
16295	-3758
14412	22985
12718	10664
-12513	7303
-9971	9544
4339	-19020
-556	-14399
-3569	6043
-15431	-3338
-14772	-1798
5940	16965
-4040	-5998
16295	1843
-1686	-11179
14412	3803
11212	3383
15825	-6838
-15808	-14399
-4228	-14399
-3287	8704
11588	10944
5751	-17900
-10441	162
-14678	-12299
8952	-19580
-9782	21585
-14772	12204
8576	6883
-10630	17805
5751	14164
-1969	8844
7917	5483
16578	-8659
-15149	7303
-16655	13184
12153	-17200
-12983	1843
4151	-22661
-1592	2403
-13077	-6138
-2628	13604
-13454	4503
-11571	-7819
-7617	-10619
15542	-9779
12341	-8379
1044	162
-5264	12204
13471	-6698
-8464	-14399
9140	13324
-14584	-7259
-16090	11504
1797	8984
8858	13884
11871	-11879
-9406	13044
-2910	-16360
-15902	12904
2080	-7399
-12607	-538
-6393	-7259
-12889	21165
103	-6838
-13360	-1798
16672	-5158
762	-14399
-5734	12484
6222	582
14036	-958
11682	-958
7728	-2498
-15808	-2358
1703	1283
6410	5763
-9971	-7819
-7617	11084
7540	7303
14601	442
-11948	-14259
-3098	14164
6034	1703
-5546	-7539
2362	-2358
-8841	-15380
479	-2358
-5075	-8519
4716	4783
-4322	22005
-14772	8984
-7429	26346
1609	10384
13000	-17060
13753	8844
-14207	4363
14412	8844
-16184	5763
-9877	10244
-6958	3803
5469	-9779
6316	-7959
-13831	15284
-15243	-10619
13848	-26721
-5358	5343
-16278	-5718
-16749	-21400
-10441	-9079
2080	4363
-9218	1983
-11948	-21680
-15149	-9499
2833	-4458
-13831	8003
950	3943
-7241	7863
8481	9264
-3192	582
2362	16404
4810	6603
12247	11924
-5264	-7959
1986	5483
-12607	2683
-15525	-1798
8293	-10059
2550	-18320
-9029	-5998
-15996	-16080
16766	-10759
13471	-16780
11776	-5298
-9500	-5718
7728	15144
-16937	-8659
1327	15004
-3098	4083
11306	5483
-16372	7303
8011	-3758
-1404	-10759
-8559	-11319
6222	1143
-6487	-2638
-11759	2963
-11759	-398
9705	-7819
-5169	-4738
197	2543
14507	-818
-11759	-7399
-13454	9404
-10630	3943
4998	1563
-12042	3663
-8841	14164
11400	-17480
16201	12484
-839	442
14507	4503
-9218	10804
-7429	442
1421	15704
2833	-9779
-16843	3663
8952	-14399
6222	15144
17143	20045
2927	-1518
11871	-12579
-16655	-10479
-1592	8844
-14772	11644
7352	-7399
16295	-12159
-15713	4503
-5734	5903
12530	-9359
12530	2683
-933	-1938
16389	4083
-12607	-3618
9705	-7959
5469	-2358
-9594	-538
13753	-8379
-10441	-10479
4151	-9499
479	3103
-15431	6743
-933	11364
-10347	-12579
8293	-4598
2362	3803
5469	-3338
3304	-2918
-3381	-11459
4057	-10619
-1498	-6838
-6111	-9919
-839	11784
-6487	14304
-4699	-9779
14789	1563
4433	23545
-12701	-21820
5940	-9359
-11289	-17200
-13077	-12999
762	-9919
-13642	11084
-4416	-2638
-1969	10384
15448	-8099
-16655	5763
1421	-11879
-9877	12204
6787	5763
-15243	4643
-10912	9544
-12042	-7539
-5828	7863
-4793	2683
-14678	13044
-1874	1283
8011	-8519
-3475	1283
-10630	12904
-16090	-4318
-9218	3103
-12983	4643
-4228	-398
2739	3243
10364	-9919
-11100	-9359
-13736	1003
-2533	19905
15825	-6418
-7429	-1098
11965	-4598
5940	8844
-11006	-8379
2080	-3338
12341	-11179
16672	-3338
-3569	-8379
-7429	8984
14601	-5018
-3192	3943
-2345	9544
-4605	2683
-12324	12064
13000	-17620
2645	-10479
-11006	-22661
-12042	-5298
5563	-6418
-5075	-7119
-3663	14164
-8276	-4598
-9971	-8099
2550	-9219
6316	6323
12906	-7399
5375	-398
15354	-7819
-7711	14164
10553	-10199
6128	-1518
-274	8143
-6393	-7819
2550	12484
4527	10804
-5734	-1238
-1780	3383
-3098	-1658
4433	-4318
5186	-7819
-10159	-9219
-6111	4643
-13925	-1798
13471	9544
-274	12204
-933	22005
-13642	13184
4057	-8659
-1780	-2358
10741	-8379
6693	-9779
-2063	22845
4998	-10479
-16278	-2918
-14584	2543
7352	12484
14695	-18600
-556	-7539
12906	9684
-15713	-9919
2739	-2218
1515	7583
-13925	13044
-4981	-4038
9611	-8099
3774	-6838
15636	17385
-14395	4083
-180	4643
-14113	-12019
-16467	-14119
-1592	7583
6504	11644
10176	17385
-10159	-7819
15730	-2918
8105	-14820
7917	9264
10647	4643
-5828	5343
4339	10384
10176	-5998
-12230	-10199
2080	1283
6128	-6138
6881	-4458
-14207	1143
15636	24386
-5075	5063
5092	-1098
-2157	10244
-14772	5763
6034	9404
-11195	1843
-2722	5483
-8747	6043
13753	-1518
8952	-7959
-16749	4643
14977	7583
13000	-16220
-14113	1563
10176	11364
-16184	11364
-12701	13884
-11100	16264
197	14444
-6676	8283
7822	-7399
1986	-11879
-3663	-3898
-1874	11084
-2251	14864
-13548	19345
7163	7583
16201	-7539
-5264	-5718
8670	-6558
-8370	4083
-2063	7163
16954	442
12435	7443
11871	4783
-15525	3663
13848	-7539
3115	9684
9329	4083
-12136	5483
-8464	-6838
6034	-17060
10270	17945
-2533	-958
-5075	10104
-8841	10384
-13831	3943
-13736	2263
-13077	1563
-4228	-21120
9517	12904
9611	-5858
14318	-19160
950	11504
-5075	1843
-5075	9684
11117	18505
950	-6698
6975	-4598
-10159	6883
668	-12579
5657	-6418
-1215	3243
-15149	8423
1044	-4738
12153	3663
12906	14584
15448	162
8199	13324
10647	-5998
-86	-1098
479	-1798
856	-18320
-1780	-11599
15919	16264
12624	-2498
-3851	-2218
15166	8984
6128	-5298
7069	-5298
2550	12764
-3946	1703
-15713	-1238
-3569	-538
9988	-2918
11588	442
1703	-7259
-12795	-1938
-10159	5903
-7805	-11319
8199	-7959
9799	-6838
1138	-11879
9235	2683
10835	10664
-15902	-6558
14224	8844
6222	-12999
-5264	15004
-4134	10944
-7146	1843
-9877	10664
9894	13464
-14866	-13699
13753	-17480
9	20885
4622	9544
-13736	-14119
-86	-2218
-7146	-118
-9594	442
1421	13604
16484	-3758
-1498	-1238
4904	-1658
11871	14164
14036	-2358
-5734	-10059
-2063	11084
-11571	4783
12435	-16920
10553	-7819
12624	12764
-16372	-7399
-13925	20605
-2063	-958
-8559	13884
2268	1843
-3192	3243
11117	6043
7917	15564
9611	-3618
-16372	-12299
-10347	-8519
13753	-6838
7728	-8799
-5169	-4458
1232	-20420
-10159	-14679
-10818	1563
-10818	2683
1703	3383
16295	12204
-16655	8704
1421	-18600
-16467	4783
7163	14584
10458	2963
6787	1843
7069	5343
15354	9404
13094	6463
-11289	6743
-9218	-10759
5563	4363
11117	8423
-9312	-5018
-13831	23965
12247	-2918
-9594	-15380
14036	21865
16013	-8799
-8653	6743
-1121	4783
1044	13604
3398	-12019
-9218	9964
-4699	-23361
13377	1703
6693	15984
9140	-10059
1986	-1098
2362	8984
2080	-10059
13565	-9359
6599	12064
12624	-9499
2362	-26021
-11006	1983
-4040	-11179
3963	-1098
5751	-13979
-16278	-958
14036	-11179
-7711	9544
-16749	-7539
-2345	-9219
-4040	2963
2927	10104
16766	-8659
6881	-6698
3115	8003
16013	19345
-6958	-5998
6316	8844
8481	1703
9	162
5845	-12019
-7052	-16220
-556	8563
2080	-14820
-14395	-9079
-6205	-8379
5845	15004
13565	-3758
-8747	5903
-2063	-5718
7728	-1238
-5546	17385
2550	-3758
10458	-3198
12341	-258
8011	5063
-13831	16685
15730	4783
-14772	-9499
-4416	-14119
-14207	11504
4151	-3618
12906	-4598
-5546	-14399
6128	-4318
14130	13324
-9594	15284
9046	162
13659	10104
-4981	-2638
950	13744
-7523	-13279
12906	8283
-7805	-11459
7163	9544
-9688	-10759
-8747	-9919
11776	2963
13377	-2218
-12136	1843
15354	2403
12435	-6558
-7805	6463
-8276	11504
-1498	-12019
10929	-6558
11023	-4738
4151	-15660
-16278	13604
-3287	2403
-7052	-6838
-2345	-8519
14977	2403
-7900	-258
-13548	14164
-2157	12344
-9406	11084
17048	6743
-7994	1983
4998	-1658
13283	-958
-8370	17945
4998	8704
12059	21025
10176	2683
9	-4598
-10253	442
5657	-6138
-13831	8844
15071	5343
-10912	5763
-7994	11644
-12418	7303
16389	-4598
1232	-5158
8670	-14399
-5358	-5438
-6017	-14679
-15054	20185
-5452	-9919
-5828	3243
-10912	-9219
9329	-15800
-3851	-11319
8858	-6138
-556	1143
10553	-6558
-7711	-3058
573	11504
8576	13604
9894	15004
-6770	-9779
-16843	8984
-9123	-3618
-8464	8704
9329	862
668	5343
-16372	-5018
-13077	-13699
-1498	2963
-3287	-6418
9517	-2218
2456	-13279
11400	6883
-7805	-8799
10741	-5858
1515	19765
-15243	9824
14601	-4458
-9782	9404
16672	-10759
-16843	1563
4151	2683
8387	14584
1891	8423
3586	-258
9517	1983
-5264	-1238
-9123	-1238
8387	-11599
10647	15144
1138	1003
-933	11084
12624	-2498
-16655	8844
16672	-3058
1421	-2498
856	-6138
762	-8519
4622	-3758
8011	-7959
13565	-1518
-6393	-7399
13942	-18460
4622	9544
11117	-8519
-6770	14444
8576	-2358
16013	-24621
2739	9544
-8182	7303
12059	-5158
-16655	-1098
-13642	5203
-2157	17245
-8182	-8099
1609	-30502
-14395	-7119
16013	7443
-12795	-5018
-1592	-9219
8011	-4318
9329	-1518
16672	-2358
-8747	16685
9046	9684
5092	-3758
-11665	-1938
15354	8283
-2533	6043
2456	-9919
11871	-1798
4057	-7259
16860	5063
5657	442
-11759	-8099
-10818	-9779
-3192	11644
-2533	8704
-4134	9264
-7523	13184
-4228	-12859
-4699	-11459
-12795	-11599
-1498	22985
10835	1563
-6676	-12859
-1969	5063
-2345	-818
4245	5343
15636	1143
-15525	442
6881	7583
-10724	-25181
-1121	-9079
-6017	-12019
385	-1238
9235	-6418
-12324	-4458
-839	-3898
4716	3943
-15996	5483
9423	12764
-1686	-13979
6975	-7959
3021	-1238
6504	12764
-6676	-3758
-2816	1703
-5734	-10199
-16467	8704
6599	-20700
-11759	3943
-2628	3663
15919	2683
-9500	-23221
5563	15984
-10441	-818
-4416	4643
10553	4643
-10630	442
8199	-16500
-3004	7863
1797	-2498
-15054	-8379
-2251	-5298
-10630	8423
-6958	9404
12247	6463
-13077	3383
-4981	7303
-5640	5343
3398	6743
15542	-14259
12059	-7119
-14113	-4598
12906	-1798
15166	13044
6881	-5998
-11854	9544
13471	-3058
7634	-4038
11494	-16080
9046	-7539
12247	-18180
-14678	2683
8858	-538
9705	-19160
-6958	4783
8293	7443
-14584	2963
-12889	-8519
5940	-3198
-12889	3383
-15996	3943
8952	3663
4433	5063
-4699	9404
6693	-2498
15071	2683
-14113	2963
-6582	-5858
-15902	5763
-3287	-9919
-7805	6883
17425	-1098
-9782	-19020
1232	16264
-8182	13604
15919	8143
10553	7303
7069	-3618
16860	-7539
9611	1703
-2063	-7959
9	7443
-16655	-19720
2645	-7119
6222	-5298
-9123	162
6410	12764
-14678	3103
11306	-398
1891	-9079
-9312	14584
-6864	-3338
2927	-8099
9705	3663
-10159	-11319
12906	-1798
-2910	15004
-7241	-5718
-14301	7303
13377	10384
-14678	5203
197	-14119
-3475	8844
-15619	13744
16578	582
7728	-12299
-11571	-9219
4339	-3058
-1404	-28261
4998	-2218
-5169	3663
-1686	1563
-11759	-5858
-6205	-118
-6393	-3058
-14301	11364
573	13464
-839	-11879
7917	-6138
-7523	1563
3115	-8099
13471	2263
6881	4643
-13736	-7819
-11289	3383
1703	-2358
-1780	17105
-7994	-22520
3963	7863
5845	-6558
16107	6043
-3192	-3758
8576	7443
11776	13464
-16655	-2498
2927	-4738
11776	-12159
-10441	-258
-14960	-1658
-7900	12344
-12701	-9359
-14678	-17620
-16278	13044
-10441	-1098
-6676	3383
-2533	18365
3304	-958
-2345	6323
-5546	-3758
16013	-19860
11400	9404
-9971	-5998
6128	-2498
-11006	-3058
479	4503
4998	-5718
-2345	-6138
-2063	6883
16107	2263
2174	6043
-5264	4363
8576	-818
-86	10944
-11100	-6838
11023	-14119
11965	582
8858	4363
16389	17665
-14301	162
16107	-7819
-4416	10384
-14772	-21400
-9500	-2638
-14584	15984
197	-15380
12530	18645
9799	18645
950	3383
14883	5063
-13925	-818
3586	-7119
-5452	4083
-6205	-14679
11023	-16080
-3287	7303
-5358	1283
3115	-12019
15730	10804
1703	-2218
-10253	11504
4622	1283
3304	10664
8576	5063
15919	3803
-556	4783
7822	-118
10741	-11179
7258	-1098
6316	-958
5751	-6558
1797	3103
5563	16685
-10441	6883
16013	3383
17237	-12299
-12889	3663
7069	-4038
197	-6418
2927	-9219
-16184	-3758
3492	-5858
16954	-8659
6410	15424
3492	-3058
4904	8563
-1498	-12019
6693	8283
-15525	-11319
6316	14164
3492	-3758
-3098	-5438
12247	6883
17048	-3758
13094	18085
-16090	-10759
10270	4643
12812	6463
13565	3943
-86	12344
10741	5343
-1404	5763
12906	-9359
-15619	-5298
1515	-10059
13094	-3058
7069	-7399
16484	-3198
12435	2263
-745	7163
1327	-12159
-651	-9499
10929	-3618
-15902	10664
-10536	2543
17048	-7819
7258	-2218
-15149	-1798
-12983	-7819
-13266	-4458
-7241	-6838
-13360	9404
-4510	15144
-745	-3898
13189	-2638
4433	16264
1609	-6138
-3757	10244
-5358	5203
5751	-10199
8670	4503
-1874	-10199
8576	-11319
-9123	6043
-15054	-3058
-4699	8563
7728	11784
11494	-15520
-8088	-29661
-15243	-3618
-3569	19765
13565	-14119
9611	-2918
7822	20605
-11665	-7399
15166	17665
-9688	-3198
3774	-9919
11588	-18600
6034	-1798
-4040	-3618
13189	-1238
-7617	9544
-3851	11084
-16843	13744
-6487	-9079
15542	-118
15825	7163
-13548	2403
12718	5343
-6864	-5298
-7994	-7819
-13925	-8099
-10159	-2498
12718	9404
17048	-7959
-14301	582
-14207	-1798
1327	-8659
-3757	8704
-10253	-398
14789	12764
13659	-15380
2456	-9779
13189	13604
-7994	-1938
-5452	-10479
-14678	-4598
-9971	3663
-3287	10944
-4040	-5718
-15902	-818
14318	1143
13377	8563
479	4503
-9877	22005
-10065	-21960
103	-12019
-14584	-15100
-15525	-118
-13454	-958
-4510	15284
-7994	-10759
-2251	8283
9705	6603
12153	6883
-12230	-2358
12247	162
3021	12204
-10536	-1238
5186	-9219
-9688	1843
-11948	5203
2268	6043
12153	-4038
9046	7443
16295	17945
-14490	15984
1232	12204
9329	9544
6410	-12719
7446	-10899
1044	-12999
-7994	3383
17237	14864
6881	-8099
-2628	4083
762	2543
15919	7443
11494	-3618
11212	-4458
6222	5763
-13736	4503
11871	3383
8952	21445
-12136	18505
4527	14444
12624	19205
-4699	4783
6222	-16780
-462	6743
385	-6698
-14019	-4598
-6676	14444
-6299	-3758
-11665	1983
2174	-12719
3304	20885
15260	12484
8764	-7959
14036	-15100
-9500	-9359
-15243	6883
5092	-4458
4245	14864
6787	14304
15919	-7399
8481	9544
2456	442
-651	6603
-7805	8143
-14113	4503
-5640	1703
-745	-15380
2550	-6698
-16843	7583
-3192	-6838
-15902	-9079
-11477	-8659
-16372	6883
2174	8283
-10630	12904
-13077	5903
-3663	-1938
14130	-14960
9423	-1098
15825	9684
11212	-10479
-9500	17665
-16090	-7539
-86	-7539
1986	-3898
2456	1143
-5734	-6558
6787	5763
6504	11084
15730	-10479
103	-9079
-10630	8704
762	4503
10553	3383
-180	5763
-7429	2683
8199	-1938
4622	15144
12906	1283
11776	-8379
-12324	3383
1515	-5998
-15149	-8659
-6770	-17900
5375	-11459
2268	11364
11871	-3618
-180	14444
-1498	-6558
10929	14304
2550	16685
4057	-9919
-13831	9824
16013	5483
-933	12204
16107	-15380
-4134	-6418
-16278	-5298
-14866	4643
-9029	2263
11400	-11459
-12230	9964
-5264	-8099
-9123	-12579
-1404	1283
-15713	-3618
5186	8143
-16749	-10479
-13077	862
-12230	6883
-11195	4503
-10441	1843
-5923	1143
-13172	3663
-14019	5483
7540	-818
-7429	-10619
8199	302
-11571	1563
8764	-9219
12247	6043
5845	11084
1797	-6138
-14866	-4038
8293	3663
1797	-7539
10176	-13979
17237	9684
3963	-2358
-7805	-2218
8387	-10479
7352	1563
-1121	5343
-3475	-11599
-11759	-4318
-368	-15380
8576	7583
8481	-12159
-7617	-13419
8105	-818
-8182	-12859
12906	-13559
17331	14444
14224	-1798
-5828	-12159
14601	-4598
-10253	-10479
12812	-4738
8293	-9919
13094	-3758
-13360	-4318
16766	-17200
-6864	8563
13753	-7119
-10912	-17900
-3663	-7819
4998	5343
-7429	7163
15071	6743
385	-10479
-6958	5063
11682	9404
573	6463
6975	7583
-13077	-1938
6410	1283
5092	15144
2456	-1658
10835	5903
6975	15564
-13266	13044
8858	6883
-15243	-8519
-12136	-538
-11195	11084
-14866	8984
-5923	-10059
-12418	-12999
-14113	7583
12153	8423
16860	-2358
2927	20185
-5923	-17480
-4322	-10619
-10818	-14960
11682	-3758
-16561	-12299
762	5203
-4134	-15380
9140	-10619
-4416	10384
-9123	15284
668	-5018
-9594	-22801
-8559	6463
8670	-7959
-14301	1563
14318	-538
7540	15844
-15337	-10759
7634	-22661
-12324	9264
-10630	14444
13471	-5998
-11948	-10059
5845	1843
5563	-6138
3209	-16360
-6582	-7539
-16184	-2498
-2816	1143
16672	-818
14883	-2218
15071	-11879
3021	9544
-5923	-6838
-8088	15004
-15902	302
14318	12204
4151	-3898
9140	18085
12718	-6838
-5828	9684
6599	15144
-13266	-17060
-9594	-14960
10082	-2218
6787	-4598
-6582	14304
-11854	-7959
-13642	-4038
-4699	6603
11965	-6838
479	12204
-7429	-5158
-12230	-11599
17331	8003
7258	-5858
7163	-5858
-16749	-6138
2268	-2918
-4416	-5718
10082	-5438
103	-10059
-5640	-8379
-12513	-3058
-5923	6743
-5546	16404
16107	15704
14977	-13419
-4793	17665
8481	-15380
11023	2263
668	5763
1797	-1518
-11477	442
12341	-398
-12042	21865
4057	-7119
-5828	14164
-11006	13604
-15713	-118
13942	-13419
3115	13044
-15525	7583
-15902	-1798
-16467	10944
-15337	-3058
1797	4083
-2251	-7119
-9312	8283
3209	12484
573	442
-2722	442
13000	5763
14507	3103
-3381	-1938
9423	-7399
1609	-4598
950	6883
3586	1143
11023	-7539
-13266	13744
10835	-9919
3115	-7959
-3757	-4038
15542	-3338
-14866	442
10270	-10759
-3287	-12719
7540	4083
-15431	-6698
15166	13184
-3946	-11599
2456	-10479
16578	302
10647	3243
-2910	-13279
6599	2963
5940	-15660
13000	9264
7540	7443
2927	-7959
5092	-958
9423	8984
-13172	-8099
103	-10059
3963	-7959
-4605	7583
-10065	10244
-3946	14864
10458	6603
-745	-8099
5375	11364
-4699	13184
6410	-10619
10835	-4458
-6864	6043
-2345	-2498
-12607	-1658
-15713	-5158
9988	10104
16766	2543
-4416	15984
-1686	9544
10082	-10899
-12795	19485
-10253	-5018
-6958	-14960
5469	-13419
-10912	-10899
-9877	12904
-16372	19205
-5264	-4738
-7900	4083
6222	-8379
9611	-23361
-5546	-7819
-5734	-9079
3492	-9499
-4510	-5018
-9877	-1798
-15525	-9359
13189	12904
10270	-11879
-12324	12344
-15054	8704
385	3103
-14019	-7539
3680	-12019
-12230	11364
15166	7863
-5734	2683
2645	14864
-15243	-14820
17237	-4458
4527	-5158
-13077	-6698
-12889	442
16578	26346
-11383	-1798
-15431	3943
-7241	8984
7540	-4038
3774	-14679
10082	-258
-4510	-11319
-6676	-9219
-10912	-10199
-5075	12484
-3663	-7959
3868	-12299
-3192	-10759
1986	6603
6693	6323
8199	15144
-2251	11924
-839	7863
12718	25086
-556	11364
-2251	-5298
7917	7303
-15996	-16220
-13548	11784
-5640	5063
7634	-10059
12906	15284
5375	-16780
-6111	4363
15354	-6418
5281	-8379
4433	15144
1232	4783
6034	-3198
16860	-1518
-13925	7303
-7429	5903
6787	302
-2157	-3058
12530	2263
16954	5483
1232	-15520
-15337	-118
-1969	-118
14695	-5998
14977	-118
-1310	-10759
15071	6603
-9029	-18180
10647	2263
-13172	-4598
-1027	10244
-6582	13744
17237	-1098
-12136	5063
-9594	2263
15071	-4038
4998	-10479
9611	17245
14036	-6698
1044	-19020
13094	4783
-9877	-958
-15996	-118
4810	-16220
-1121	7303
8576	1283
8576	1843
4716	-10479
-3946	16545
4998	-18460
-1215	14164
-13454	-5718
-7711	-3198
-11854	2263
-13077	7303
-9312	11784
-10065	12204
-14678	-3338
16389	-10479
3868	9264
12153	-13419
856	12484
762	-9499
13942	-12019
11682	20185
-5169	-1658
-5640	-10899
5940	5763
16578	-6838
-6676	13884
2456	8844
-13360	7863
14224	-9779
9235	8704
9235	-8099
3304	-10899
13377	-5998
-11006	1703
10741	-14399
-1404	-3338
14224	12904
-13454	-10059
15166	-7119
-10441	-8659
10176	16685
17237	-8099
-6393	4643
15825	-7399
-1969	17805
4622	3103
-15619	16965
-8653	-15520
-3475	-258
-556	-3338
-15902	14164
14695	7443
-11289	12484
-13454	1283
3774	-538
-11100	15284
2080	17805
-16467	-7819
-9877	-538
-7900	-8379
1986	-11599
13942	10384
1138	-6698
3586	302
5092	-14679
-11571	7303
5375	-10619
8199	-14399
-5923	-17900
16295	-818
4904	7163
-15337	11644
11588	-21820
12812	582
17143	-8099
8293	-19580
6693	10104
15636	-538
4716	10244
16766	-1658
1232	10104
-9594	-9219
13753	13604
-7900	10664
9329	9544
15260	3943
10647	15284
6410	13044
-3946	-9499
14977	17245
-13736	-7259
12435	2963
16013	-1658
2362	-6418
-3381	8704
9140	14164
16578	-5158
7728	27186
-5734	1563
3492	12484
-7429	-3338
856	1283
-2157	6183
3209	9544
5092	12484
15448	-958
3304	-10899
-11006	-11179
-12795	-6558
-12418	7303
-6487	-2218
-5169	-12159
14507	-4318
6034	1003
-4510	-15660
3304	3663
668	6183
-16467	8003
9988	-2218
16954	-6418
8387	-6558
16389	-18600
-4416	17805
8387	16545
-4510	-4318
14130	12764
-12889	3943
-15337	-2358
15166	1843
-15337	-11599
-10724	9824
15919	10804
11588	10384
14224	14164
5092	-4738
-8841	11084
1797	1843
4810	-12999
11682	-10479
9705	-13699
-10253	15844
2550	-538
6410	8563
-368	-14259
-16937	-9499
-11383	-2918
-14207	-2918
7163	-1658
7822	-1098
479	-9219
-2157	8283
-12889	-118
17048	-9079
-15337	2963
-1404	14864
7822	10944
4904	-6698
-12324	12344
-1404	-12579
13377	-3058
15919	18085
573	-2918
8764	-7539
5186	9684
-6582	-3618
-12607	-9919
-12230	-1938
-8935	7443
14977	1143
16954	-12719
5186	-16080
11212	9684
4716	-12019
6222	17945
3492	-5018
479	-2918
-1310	-22380
573	4363
291	6743
8576	-21400
-10347	-10899
-4322	4643
16672	15704
-1404	-13559
-10724	-7819
-556	1283
16954	12764
-14207	-13419
-16937	-21820
-13360	-2358
-12513	-6698
6881	-3198
-12607	17805
9235	-1518
13753	-9499
-6864	4783
9799	-9779
12624	-7539
-839	-1098
-6770	5343
385	-8379
-10818	-14399
-3475	17665
14130	11784
-556	5063
4245	-12579
-8935	12764
-16278	-18600
-5452	-13279
14318	16264
8293	-7819
4716	-16500
2833	-5018
11588	7163
-1027	-6838
8764	1703
-7241	-10899
-11759	9264
-16655	6883
-3287	-4738
11871	1843
-7052	-8519
7163	-2218
3680	4363
-9877	9684
-15149	11084
-9782	11364
-15149	-6138
5940	-11459
-8747	6183
16295	-17480
15166	-7119
-13172	-258
-15808	-12019
-16843	-7539
-5264	-3338
-8653	-8099
6504	-7259
-15525	-5858
7258	1563
-7900	7163
-11383	-8519
2362	13464
-2157	4363
-16655	10664
5469	7303
-4887	-818
-16655	17385
1797	2963
-10065	-8099
6410	11504
-16184	-3338
7352	862
10270	-1518
11871	-3338
385	-7819
9329	-538
3492	8003
9	14164
10647	2543
-3569	18785
-10347	-19580
-6770	8003
-8088	1983
16201	-538
-7994	5063
-2439	4083
3868	5343
2456	5763
15354	9404
12812	-5298
-5264	-6838
1138	17945
16295	-12719
-12418	7583
-7146	-1098
17331	-9499
4339	19345
-12513	-958
-9782	9544
-16372	3663
17048	-1658
-7711	4503
-15149	-8799
-2063	5903
4810	-16360
-16467	1983
7069	12204
9894	-13559
7446	14444
-1121	-3198
13753	-5158
3680	1003
-8841	2263
10458	10244
15825	-17480
-12607	-9359
10929	582
-5828	-9079
3868	-1238
-2157	-8659
8576	2683
-3004	-14399
-15902	8143
13000	9404
3963	-16920
-1874	-20560
-3569	-9219
14977	13604
16295	-4738
-4887	-7259
17237	-9079
-9877	-6698
-3946	-9499
-15525	-818
-745	11504
7258	-10759
4527	16545
-7805	-2498
3115	5203
-1969	10804
5281	-20980
3774	-1798
-3192	12344
16672	7303
15919	7443
13189	10944
762	15564
8387	-4598
-1874	20605
6222	8984
15542	15144
-4793	-9359
2268	862
8387	-258
-933	20185
14507	-3898
-14490	1983
-9688	-3198
-5264	15844
7634	9544
385	-6418
15730	23125
-274	-2358
4057	-1798
7446	1003
14883	6043
17143	6743
1044	12484
-5264	-14960
-10818	6603
-11948	-5858
-8276	11784
-839	1563
-3004	-11599
5281	-5858
-5546	-7539
-368	-12859
14412	4783
8670	-3758
-14395	-3618
-3851	-1098
3680	-10759
15448	11644
-4228	2543
17143	3383
-11100	-7399
7728	-6418
5186	11784
-9971	7863
5940	162
7258	1143
1891	9544
-16937	12064
5281	-3338
10458	14164
-15243	-3618
-7805	3243
-7805	-118
16766	13464
13189	-21260
4151	5483
-1874	10244
-13266	2963
-1027	-4318
-8464	15424
-16937	12764
9988	-2358
-3287	18365
-9029	-4598
3774	-8379
-12889	-23361
10929	-1518
6787	-17900
10176	-538
-12042	12344
-7523	16545
-3663	-4458
17143	-18600
10835	1983
-9029	1703
-8747	7863
-556	1283
14977	-6138
-2722	9544
-12324	-3198
-15619	-6558
-15431	-12019
-11571	1703
12153	302
573	-7819
-15808	14444
7540	-118
-8276	10104
-6864	-12999
8293	-5438
15825	3383
-933	-11179
8105	-6558
11306	-7399
10364	15144
13565	1143
2080	1003
-11006	862
11776	-20280
-12795	-7259
4810	4083
7540	-5158
10270	3803
-12324	5343
13377	13604
6034	9264
-16749	-4318
-8370	-11319
1421	1843
-16655	-9499
-4793	-3338
16672	-5858
15825	3943
3868	7863
-15525	-5018
11588	8984
1891	6183
-4699	-19160
-12418	15844
-933	-4598
9894	-5438
17048	8143
-6393	6043
-15431	12204
-9123	16825
668	-8659
-6958	13604
12435	15004
13659	7583
15354	-24201
5469	-15800
-12607	19345
9235	7163
-7994	12904
-4887	-7259
-14490	11644
10835	5763
-5828	3103
-8559	11644
-8935	8844
2550	-13559
-3004	-14679
-2533	-10479
-5640	-1098
-1404	2403
5092	5343
-8747	8143
-556	-5158
14318	16264
-13925	10104
14789	1143
15636	4643
5845	-9079
3963	-4598
1327	-5858
10364	6183
5186	-10059
-1310	-7119
-8935	11084
16107	-15380
-4605	-5158
4151	16264
-7900	1563
16766	-20000
3868	8283
-13642	162
12059	-3058
-745	4503
6975	6743
-9029	2963
3398	-6418
-2345	-3058
13000	-11179
2739	-3758
950	1563
-368	11084
2174	13184
-12230	17945
-3757	-12859
-14960	-538
3398	-7539
14883	-5018
-86	-7399
-462	5203
-3287	7163
1891	13464
-9312	6043
3963	-3338
3586	-4598
385	442
-9594	-6838
7634	10804
5281	-8099
-1498	10244
13565	-17900
17331	5903
15919	9824
10176	25506
2174	-21680
10270	1143
11117	5903
-13360	16545
-14490	4503
-11289	1983
-12983	-1658
10270	3943
1327	4363
7446	6743
13848	3383
385	-21820
-1027	3663
-8370	-4038
-6017	8003
14130	3103
-13831	442
6034	19205
-368	6603
3115	8003
2833	-9779
-6487	1563
16860	4083
4433	12344
8764	11924
1891	11504
4527	862
-14019	-818
-6487	-5858
7917	14444
-7617	12484
-6487	-17200
8105	-3618
15636	-5158
-3475	-21260
197	1843
-15808	8844
3774	-9779
-2157	-9779
-16372	8143
2833	12764
6504	-8519
16013	1703
-1215	-3758
9894	-5858
-7052	5063
-3569	7163
-15337	-10479
5092	4363
-8935	-10059
-3569	4783
-16090	-11179
-2628	9264
385	1143
-1310	8143
-11948	15844
-1404	12484
6599	442
-14772	-6418
-3851	15564
10458	10244
-6958	15564
4433	-5438
11965	-12999
-4510	-6138
-2063	8844
-8276	-10759
-1027	2263
7446	-1658
-6017	10664
12624	-16500
-462	14864
-8841	-818
-13266	3383
-16561	-1098
-13642	14444
-3287	13744
-5923	18505
-11195	-10199
-13454	-5438
2456	582
6316	-5718
-1969	-12579
-11383	-1658
7822	9824
-13077	15704
6410	11504
4904	3663
-5075	-7959
-6958	-4598
-14207	7583
-11289	3243
-3946	-14820
1609	-9219
-4887	5483
-13925	15144
-14866	-2498
4057	-4738
-16937	11504
-2439	-9779
-9594	9964
-12136	19205
14224	-6838
-1215	13744
-12136	-8099
-274	13884
-8464	-3618
7917	1843
3680	-20700
-12136	-3338
6787	-4458
12341	-16360
12059	17805
15919	-10899
6316	-11319
-14678	-9219
3586	6603
-2910	-5298
-3475	862
-745	-12719
-4981	5343
-9500	-5718
-11665	-15660
-4134	-11319
291	-7819
-9877	5763
-11006	-538
15636	13744
3680	-17900
-4887	-9219
1044	-10899
-5640	11504
-368	-15100
-7617	-3618
-9971	2403
12059	-15100
2927	8143
-11195	-8799
-11477	12484
1138	-4738
-7335	4783
7069	442
-1592	5903
5657	6743
1421	11784
-14490	-4598
-12795	-7539
4433	16264
7634	-15100
9046	-4598
1797	7863
12530	-12159
-13925	-258
-2251	-9779
-462	-8799
-5264	-14960
-12230	14304
-16467	2403
16389	-9079
-12701	24105
-1874	6043
-462	-1518
-8935	-12579
-3757	-10199
-6487	19485
-12607	15424
-11383	-2218
11871	862
291	-7539
9046	3803
-4416	-4458
15260	-958
8481	19345
-6676	12484
-3004	-7959
-9782	-14399
-2910	3103
8387	-14399
-3475	-2218
-462	17105
-15525	-19160
-16278	-15520
-8841	15004
-1310	-1518
6975	5203
14507	5343
-7052	11084
11117	7303
9611	12344
9705	-11459
-839	2263
3774	8984
15260	7863
8576	10384
-5169	6743
3115	-9079
-2533	15284
-462	442
13659	15844
762	-7539
-12889	8704
-12042	-6838
-4134	-9779
-15902	-7119
4622	-4318
-8464	442
15448	162
11212	-9079
3492	8984
5375	-7259
-3946	4643
3209	-9779
14507	-7259
-3757	-5718
17048	-5438
-4040	13044
-11006	-5018
-7241	-2638
7634	-13699
7728	-15660
12153	1003
-11006	-4738
-8935	4363
-13548	-18180
-2439	7163
-3192	-11319
16107	-12579
16484	-19720
-4793	-10059
3115	8283
-86	2963
1044	-3338
-6582	862
-1121	-4318
197	10244
10741	11504
-16090	10804
9235	-10759
-6958	-12159
-9877	-6558
-15149	-14119
5751	-11319
4339	1983
16389	12764
13565	20745
-16655	-6138
15354	-9499
15825	12344
13848	23405
-15431	-2358
9799	6183
7822	-20980
3680	-10619
7163	-1098
10741	-18320
-16561	8003
-11195	-15380
-15431	5763
-11100	-2918
-10536	9404
14789	-1098
8576	-2498
-11289	4783
-2910	-10479
3021	15004
10741	14304
-14301	-8519
2080	-3758
17331	16685
-6770	5343
-13736	-6138
11494	-7539
16295	4783
-3098	11784
2927	-22661
-6111	-8519
5186	-26581
5563	-17480
-3569	12484
7258	-6138
9517	13744
9988	16685
-6111	13744
16107	-8659
11212	11364
12906	2963
7163	-9779
16578	1703
-1215	-10619
-7805	3243
-14866	862
9611	2403
1703	-5998
-274	1983
103	-12579
-12607	15004
13942	-15520
16578	-7259
9235	2683
-8182	-15380
5751	-10199
16484	10664
11965	-7119
-16372	-3198
6599	8844
-5734	10384
950	-14820
13848	-3758
-9029	20605
16295	-1518
9046	5203
11306	-9359
-6205	3663
-86	-3898
8481	-3198
7258	-18600
-13925	7863
-3757	18785
-15431	13044
-1874	-10479
-13077	2263
7446	8563
-16090	-958
-15525	2683
15448	9544
-12513	-6838
-3946	-18460
-10253	-958
9988	13884
13000	-18600
-5923	-9079
11400	-18320
291	-3198
-2910	-15520
6881	12204
-16561	-12159
12059	11504
12435	13744
9046	-5718
-13736	-12999
5092	-4458
-15337	-9219
4622	-21820
15825	1983
-8182	-13419
-12983	6043
10647	-118
7634	-12159
573	-2918
3021	-14399
-15431	16264
-16655	3383
7446	-13419
-9782	10804
-6111	-12159
-4699	-4038
-1498	-10899
4904	-19580
-10065	-11319
6504	-9219
14695	-9779
-1498	-118
5845	-10199
-5075	-9079
-4793	-1658
-1592	-9779
14036	-17200
-1969	9544
-2345	7443
-8088	4363
8764	3103
2645	16685
9799	5203
14224	4503
-8088	-14259
-4322	14864
3304	5763
17143	8143
6975	-6558
-12983	20465
8387	-8099
-12889	-10199
-10347	3383
-8935	3243
-16278	-3338
14883	-16920
-6205	-14679
-1121	-11599
-13642	-7119
-10630	-13979
-15149	-9359
10270	-9779
573	7863
-15808	-8519
2833	7583
-10630	14444
14130	12484
-3287	-15380
-10347	-10619
16860	-5718
14789	-3758
6599	9544
15166	-4598
-10347	-16780
16295	-10059
-180	-5018
-11571	14164
10082	-15660
17331	5343
-9312	-9779
-15149	13604
-2063	-7259
8952	3103
14318	-1238
14601	-7539
14224	9404
10270	-3618
8670	-15520
-6676	8003
-13642	21585
-651	-1238
-13266	-9359
-16843	-11879
9517	-538
-15902	302
9	8563
-6864	4363
8481	-15800
7446	14864
9988	-26721
-8747	20465
1609	4643
-6205	-2358
4339	4783
-13925	23265
-11665	8423
4527	10664
11494	-10479
12812	-12299
4716	-10899
16860	-13279
1703	-258
-15713	-7119
-16561	12064
-11665	-8799
12906	8423
15354	-7819
16013	3103
-180	862
16389	-7819
1891	-1658
-2439	-8799
-13172	10664
-9594	-7539
-14866	8844
-8464	3803
-4510	-5018
9517	-4598
-12983	-9499
-12701	-24061
17237	19205
-8841	5483
-3946	3663
-8370	-14679
-15054	-3898
-4699	-5998
-13642	-13979
14507	1563
-3851	-9079
-15808	-258
1703	-4458
6599	-5298
7069	-24061
13753	-8099
-11006	-9919
3115	10664
291	6743
11023	23545
-10724	-1938
-10065	4643
1232	4363
-11571	-9779
9799	7583
15448	-2638
-13266	-258
9235	582
15636	-15800
-3569	14444
-2628	4643
9	-9079
-180	-9079
-12324	-16780
12624	-3198
7069	1703
-14490	-2498
-8464	582
197	-5018
6128	12764
-1969	-21120
-745	5063
-180	-9779
-9500	5763
-2251	-10059
5469	-5858
-6487	14864
4810	-10759
-9971	-13979
3963	9264
-15713	-8659
-16749	4363
-2157	7443
-15149	-9499
3209	12064
-7523	12484
7634	3803
-16090	9264
-15902	-10759
-5264	7443
-15996	-1658
-7429	-10759
-16937	15144
12153	8003
-1404	15564
-3757	1983
5281	-10759
6034	12484
2645	6883
6128	-398
14224	6463
-9218	-9219
5657	-5298
8199	19205
-839	-11459
-3757	-12159
-8088	-13699
-10441	-2498
-3098	-3198
7634	4503
16954	1143
668	442
-11665	-11599
-5546	-8379
-4793	-6698
-6770	10384
12812	8704
12530	8423
9329	4783
-7241	6743
-7241	-5158
-14960	-9499
-3098	18365
4245	-11179
-1780	5763
-3663	-24341
-4699	-3618
12530	-16220
-933	-258
-11289	5903
-12042	-14960
-13266	-258
-15902	-21260
-4981	-18600
-8088	-6138
-12042	3243
-12795	-2218
7822	-2638
-6111	1843
6128	-5858
-1686	8143
16389	-3338
13189	20045
10553	-13559
-5828	17945
12624	3103
8011	15704
1609	-5158
-12418	2263
3304	8143
11117	-14960
11494	-18180
-6205	12344
17048	5903
-16184	5343
-2628	1143
3868	1283
-2063	-4038
-14866	-6698
2268	2263
856	5203
5186	-8659
-8276	-9499
6034	-7259
15542	13464
-14866	-5718
5092	-15660
14977	4783
9046	-3338
5092	-9079
1891	-2498
-9406	-5718
-16937	-4458
1327	-24061
5186	-3198
-3851	3243
-15243	6603
4716	-14259
-1969	2263
9894	-2358
-9782	10944
12247	8704
-13925	10664
16766	-5998
7069	-2918
-1780	2403
13753	-9919
-8088	-13279
-5358	-10199
5092	-8799
11965	-398
12341	7583
7917	-7819
9894	1283
11682	-3058
1986	-9359
-1686	10944
-16184	-8379
-4510	-10899
-4322	3943
-16372	13744
5281	-2918
-7052	11084
6410	862
1986	5903
-15525	9264
-9782	9264
-7711	10244
17331	11364
10364	-5438
4339	17105
14977	20605
12530	10944
-11854	-2358
6034	-11319
-16467	13184
-9782	13744
-14678	5063
-13360	14584
-16184	-10759
-7900	-12019
-5169	-9219
-15431	4363
8764	-11459
9235	3663
9423	-9359
5186	-4598
-5546	10384
11494	-14399
-7711	-2918
-2439	5343
-4793	13884
-839	-1098
762	-6698
479	6183
4527	13324
-1874	-1238
-7711	-16920
4904	14304
-7335	-5718
15354	19065
950	-3758
-6582	5063
-9782	16545
-10912	-1938
7069	8283
-6299	-7959
9705	582
14977	-11599
13283	15984
-9406	2963
-2910	-7259
13659	7443
3398	-9499
6787	-6418
-6111	11784
9	12484
-8276	13044
-9218	-538
14789	9544
5845	5203
-3569	17665
-14301	-8799
13848	4783
-10347	-5718
9799	-4598
-9500	3943
-9406	7163
13753	3243
-10724	6323
-16843	-12859
-7711	-13419
-8841	-12579
-12042	8143
-11665	7163
8105	7863
9705	-10199
-4322	-19160
-14395	-10059
-5358	7163
2080	-15380
2550	9544
-9312	10104
5563	7863
-7617	6323
7634	6883
1138	12344
12530	-4458
-3287	13324
-6111	302
-11948	3243
-13077	11924
-4134	13884
8011	-8799
-6017	-7399
3115	9404
6222	5903
-1780	2263
-12324	-3058
9705	-10899
856	15704
-6582	-7119
-745	-7259
-13736	10664
15166	13184
14318	-8379
8858	162
8199	10104
1232	7583
-2063	4643
8011	14444
-4134	7303
-8935	3943
15636	5343
-7523	-818
1515	-12159
-5828	-15800
-16937	-24341
9423	-10479
9	-11879
-3851	11364
-14960	-5158
-2816	-5998
11871	-3898
6504	-5718
-5640	-7399
13377	14864
13000	3383
7822	6743
-9688	4363
-1969	-6558
10929	-11459
-1121	6183
14224	-3758
14224	-8519
479	-11179
-10536	-1238
-11477	-7399
10929	-4318
13848	582
14695	8984
-274	17945
15730	-2638
-16372	2963
-6958	7163
-6393	14864
9988	-1658
-9500	-10759
-7900	-3758
2739	4643
-14301	10244
14977	-13699
-13548	1703
10647	-1938
3868	-9079
-6676	3803
-4228	-9079
-3946	-11599
11682	12904
-11383	12344
4716	1843
13189	13604
4433	-8379
-3475	-1518
4810	13324
-11477	-5998
-4605	-7399
-11477	-10059
-9312	-5438
2268	8563
14412	-11179
-13548	-20000
4622	5903
7634	1563
856	-7819
15636	-12859
-10253	3803
-4040	-12859
13000	-10199
-15054	3943
12153	5343
13753	-3618
-7711	2543
-5734	-23361
13565	13184
291	-6838
-12418	3243
3115	302
5469	1003
-7335	-3198
17048	-1518
-6676	4503
-368	-5858
-4981	-18600
-5358	-11879
9046	-5718
2739	10244
6034	6743
-4605	7163
-5358	7583
13094	1143
-7429	9964
14789	-11599
-7335	-3058
-16843	16685
15542	-21820
12530	1563
9894	-5858
4057	-11459
-12607	-12159
7352	9684
10553	1983
9140	17945
4998	-8099
11212	6603
8576	-5158
-11100	6183
1986	6043
3304	6463
-3192	-958
-4134	15984
-2816	8003
-9029	-5158
-8182	-11879
6599	-7259
13659	8984
-14019	9404
4810	14864
-4981	4503
13942	-16360
3868	-2358
-7994	11784
-1874	-8379
14977	-4318
-1404	3803
7352	-6698
10835	-818
5845	-5018
-16749	-1938
-2533	8704
-11100	-2918
573	5903
479	-12019
-14395	-8379
3492	-8799
-14490	4783
-15619	9404
-2439	12204
10176	11504
5375	-2218
8858	-18320
2268	-2638
3680	-8379
-11383	442
5375	-18180
-12136	-1098
6787	-1518
-8653	14584
-8935	-3198
-13925	-15800
11212	5763
15071	4643
1044	-1798
-2722	-8099
2833	-11179
-3381	-4738
-4887	-538
12341	-8379
13471	-5018
16107	162
-8653	-9219
7352	-2358
15636	-12579
1986	-9079
-11665	9684
-5358	-7119
3774	-7119
4339	-958
16578	-5298
2174	-8099
-11948	-9499
-5264	3383
-4322	5903
-6299	14304
-1027	-13559
2456	8984
-15054	-15660
-8276	-17200
15448	7163
-11759	16404
-12983	3383
-13736	-12159
-14207	11644
-1027	-5438
13377	18785
10270	162
-10065	3803
7540	4083
16484	19065
-4887	-1238
11776	-3058
6410	-9359
11965	-2638
-12607	-3758
-15337	-7259
-13360	-10059
8011	-398
-15243	18505
11212	2263
-11383	13184
-1686	-258
-4887	-2498
-6582	-8519
14507	-9919
15730	-1798
11212	-20280
17048	6043
-16561	11504
-13642	-1518
9046	-2218
-8464	-3618
-839	8003
103	15284
4057	-10199
16201	10664
-2345	-6418
-9029	16264
4151	-20280
7446	2683
-12418	-258
7258	1283
12812	-15100
8293	10944
-2722	-17620
-8935	3663
1327	3243
16013	-818
-4699	-10059
-10912	-398
-5264	15424
-15243	-3198
-12513	10384
16766	11644
8764	12904
-8464	-818
11306	-1658
5940	15844
6693	15284
-15808	-2638
4527	7583
-15713	1563
-13266	-538
-4981	-10899
14036	7443
-6864	2403
13189	-9079
-3663	-958
7163	1563
-7994	-7959
-11759	10244
-14960	-7119
2833	-258
12718	9404
-9312	2683
12718	302
-12042	-9499
15448	-9079
11494	-4318
13189	22285
-2439	-10479
291	16825
-86	-11319
-11854	1983
10458	3103
9517	-5158
2174	-30922
8293	1003
8105	1283
4716	-4738
-745	-3058
2456	-8519
-5452	-8519
15354	-1938
-7523	-11459
-14490	5203
573	-8519
-745	2683
-9782	6743
7917	-398
-16467	-5998
-9312	-1658
13565	8704
9894	5063
-12701	1563
8481	-13419
5092	-6698
6128	4783
-16937	-7119
14883	-1658
14036	13044
-2439	-7399
-9218	-5438
7163	7863
-10159	17805
2362	-15100
3115	-14960
-13642	4083
-10630	-28681
17048	-5158
-1498	-3898
14789	8704
12435	17245
-1027	-11319
-1215	-118
9988	10664
5469	-6138
-5828	13464
-16561	-2218
14130	14304
-4416	-12579
-14584	13604
10176	10944
6599	-3058
11588	-8659
6599	-10759
-9500	-4738
-651	-9499
9235	-22520
-2157	-4318
-13831	-10059
1891	582
-4793	-1518
385	-11599
-11383	-11179
3209	-12859
-2722	21305
-3946	-4038
4716	-9359
-8841	3803
-3004	-5718
6316	20045
-5734	-258
10835	4503
-5546	-4738
14695	8984
4433	-10759
-2816	19205
-7900	-7819
-6299	-1938
-15713	7583
-11477	-3198
-2910	-7539
-5169	862
-16278	-4458
-10065	10804
-1874	-19160
14789	-9499
-12607	9684
-16937	-16360
5845	-12719
856	-4598
5375	-10619
4716	-5858
16013	8143
7540	-2918
-9971	-2498
-10724	9964
16484	-13979
-12795	-1658
-11854	-4738
8105	-4038
5845	-9219
-7052	-12579
-1874	-9359
-16184	2963
11023	-17760
-16467	-2498
-13172	9684
-2816	-1098
-11477	-958
10647	1143
7163	-18320
-8935	-19300
-8559	7303
-1686	-11179
-4510	-7399
10553	9544
16578	6883
-2251	10664
-12795	-958
-7617	-8099
-13548	-6838
-6676	6603
-5734	-13699
8764	-8799
5375	-818
9705	7863
-6770	-6698
16201	-3058
-1592	-9359
-8841	12344
-4887	3943
13942	3383
11965	-10199
-1780	-8659
-11477	-9079
16484	15144
14695	14164
1797	20465
15166	-7819
4057	5063
-16749	-8799
-3475	-14679
10835	1563
9329	-6838
5186	3243
-14207	-5718
-4981	8143
4998	-14960
-1310	-3758
-9688	-9779
10835	-12019
-3663	15144
-9782	-538
16578	-11879
16954	-538
10553	11644
2739	862
-2722	1563
-1592	13044
7540	10384
-4134	-7119
-1686	-14679
-15337	18365
-14301	10944
6975	-3338
8858	-1098
-12418	-5018
-5734	10244
10458	17245
4716	-12999
-8088	7583
-1592	-1938
-5923	6323
13094	-118
-7335	-9499
-4416	10384
6881	-7119
14318	6883
197	-11879
3963	-5858
-3004	-1938
-7900	-12159
-16278	5203
-6299	9404
3963	6043
8576	-21120
1609	15844
4904	9544
2550	-17760
-14490	4363
10741	-13559
-12230	-12999
-11665	-818
-14866	-4318
15448	-5158
-14113	4083
-5169	-4318
-7335	-7959
2645	3663
-16561	-7539
5375	9404
-462	-6698
-1027	1143
-15431	4643
17143	7863
17331	15284
-12513	1563
950	12764
6693	-2638
-4887	-7539
-1310	3383
9423	14584
-2345	14304
14789	-9219
13848	-10479
11965	10664
-651	9684
13471	10384
3209	-398
10835	3943
11117	8003
-4322	-2218
10835	7163
385	5063
-14113	4363
5469	-3618
7728	5203
5657	8283
9140	10664
2362	-7119
-15902	1143
-556	2963
-4887	10104
-2533	-22801
-7146	11644
13565	-8379
-12795	-9919
-1686	-3618
3115	-17620
9799	13604
10082	6463
3021	12064
-4416	-6838
13471	-6138
-1310	-11599
3209	-4458
-13642	5903
16201	-538
-15713	9684
-9312	-118
17425	12204
15730	162
-15149	-5998
-8370	-8379
5281	15284
10553	13604
5469	-538
9329	162
12624	8704
6504	11504
-2439	7443
668	16264
-14019	-11459
-1027	-18460
7069	-1098
-15619	-7539
-6958	-3758
-2345	6603
-4040	8563
-13831	11364
8105	9544
14224	12064
8576	9964
-3851	-1518
-11195	4783
-16184	12064
16107	-1658
-14678	-8099
-7523	-7959
11494	-8099
-16749	-6138
3963	-1098
-86	-11459
-3569	-11879
12153	-3618
7728	-13979
8481	18645
-651	8984
-6958	-10479
-9877	9404
-13548	13044
8387	11504
-13454	14864
-14866	-5718
9894	2263
-5640	17105
8105	-1798
13659	-2358
14789	-10759
-14490	-10759
5375	-5298
-12324	162
-2157	-1238
-1592	-7399
5845	442
479	3103
11494	-10899
16672	-8519
10176	-5158
13565	17385
2174	7163
-10159	8563
-2722	-4598
13094	15984
-10912	8283
2927	-3058
-2816	6743
13377	1003
16389	-1518
-4510	-17480
-9406	-1798
10364	-9359
-15996	-6838
1703	11084
12906	-11879
-16937	14864
8952	3243
7728	16685
-5734	-9779
9046	-5158
-7900	2403
12624	10944
15071	-1938
-16184	-9079
-5734	14164
14130	13884
12059	2683
10176	2963
-1592	1843
-16278	-5718
6128	-17480
-1310	-958
-9406	-10619
8105	3243
13471	-3758
-6487	-7399
-6393	-2638
-5734	4783
1891	12064
8199	4363
-5734	5063
-1592	7863
291	-1098
1797	8003
-15054	-3758
-11477	-12299
7917	302
-15996	-15660
11212	-13699
14224	9404
-9782	-6838
15636	14444
7069	12484
-3098	-11179
-15902	-5718
103	13604
10458	862
9046	-1658
-5828	-4598
-11289	9964
-7429	-9359
7163	11504
-2628	-8099
-4605	2683
8481	-9499
-14395	8704
-15619	11924
-10818	-398
14036	-5298
13848	-10759
-12418	19205
-16090	-5158
-9218	862
15636	3943
15825	5343
-14678	-16080
-8088	4783
-16655	-18180
2268	-4458
-6770	-12999
-13360	16685
-2157	-5858
6316	2543
15166	19345
-14772	-11879
-7711	10664
-3663	5483
-16090	-2218
-10536	5903
7917	-6418
103	302
-274	582
-1215	-4598
-15619	2263
1044	3803
8670	4363
-1498	-6838
-12513	-6698
-4981	5343
-1498	-11459
-10065	-5718
-6864	24666
-13454	11784
-9594	-2218
-10536	-17900
15636	582
5186	-7119
-8370	862
-16843	-3198
3398	-7119
1986	15424
17331	-16500
11871	4643
-7146	6043
13094	7583
2362	9824
-7241	-5438
8576	15284
1515	1003
-7711	9824
9140	10664
-16843	-12019
-16278	-9219
-10818	9684
11023	-5718
10082	-13979
10929	-6418
13377	13744
14507	-2218
-1592	4363
14977	4503
385	6043
-10253	-4738
3209	-4458
13848	6183
16013	-6698
-9218	4643
573	25646
11682	-10059
3115	8003
-14960	-9919
8670	-12719
-9500	7163
16954	2263
-5923	-7959
4622	-9079
-13736	2543
-12042	7163
-8088	-15100
1515	-4738
15919	-4318
5563	5903
17048	12904
10176	-10899
15071	-958
-1969	-17200
-9688	4503
13377	9264
-11195	7443
-6958	4503
11588	13044
11117	-1238
4245	-5158
3492	2963
10647	15704
1891	-5438
11306	-9359
11306	442
-14960	8283
-11948	-8659
2456	10104
4339	6883
-7523	-13279
-8182	-10199
11306	-19160
-3475	13744
11494	-9499
14130	-8379
-1969	-10059
-9218	1843
14130	15844
16484	10104
11682	-10479
12247	-10059
-8559	-2358
-16278	-11459
-13548	-5998
4527	1283
-5828	13464
-7429	-2498
-16843	-9499
2927	19905
-2910	1843
-10912	-23081
-11948	302
12247	1563
15448	-2218
-8653	-2218
16578	-3338
12812	-7959
-6770	-11599
-16184	-8659
-4040	-12299
-1874	2543
-14301	-6698
12812	6743
3304	4083
13848	-6558
-4699	862
15448	-14679
-14207	13044
-7523	7163
6787	6883
2739	-11319
13848	-35262
-12136	-6558
-12136	-8519
9611	8844
17331	-12159
16201	1563
15071	-3758
12435	-18460
-16561	302
9705	5483
-4793	-9079
-10536	2963
-13360	16825
16766	7443
-13642	10944
7634	-1658
-3569	-13279
10929	9544
-14678	-24061
9517	13744
-4040	-10059
5751	-258
-6487	6323
-12042	-2918
6693	-1098
-10818	-12019
2080	-7119
-2533	2543
13471	20745
-10253	-12299
-7052	8283
-3381	2683
11871	-5018
7258	-2638
-6205	-11319
9140	-5158
-5452	17105
13942	7443
8199	6883
1327	13464
-14301	-15800
-16749	9264
15166	5483
6599	1283
-3946	-2358
-7523	-2918
10835	1703
5092	3663
6693	2683
-9406	5763
-10818	2963
-12701	3243
-15808	-19300
10364	-11179
11212	-6138
6316	442
15260	7863
