6912	-2791
-6065	-2583
-9119	-7440
1569	429
-10645	-3971
-9882	-8134
42	193
-12936	-2583
4622	1581
-9882	-848
-8355	-5359
9966	-3277
-3012	-2583
-1485	-5359
42	1581
5386	-6053
13783	4217
4622	-5706
9966	-5359
9203	-5359
6912	-12298
-12172	-1889
-13699	14335
-3012	-848
-13699	6299
6149	-6747
3859	8520
-15989	-2583
8439	8520
-2248	53028
9966	-4665
5386	-7787
-4538	36277
22180	-7787
-3775	-4040
-11409	-4665
9203	-2583
13019	14488
-5302	-8134
12256	11296
-14462	-4956
1569	-7787
-13699	12683
2332	-2583
-721	-6747
42	-6747
-6065	8520
-14462	4356
2332	4356
-7592	7132
-12172	-1542
-9882	3315
-12936	-3971
-3012	5744
-3012	-8134
7676	11296
-10645	26562
-15989	-6400
6149	14071
-6065	2274
805	-4665
-9119	1581
3095	5050
-9119	9908
8439	18471
23707	-8134
-7592	6646
-12172	-3763
17600	-7787
-12936	-501
-721	-5359
-8355	-6053
-6065	-7787
-11409	-7232
-1485	-7787
11493	-6330
-16753	-5567
-9882	-6400
9966	-7649
-11409	1581
20653	-3901
16073	-2583
6912	-7094
18363	-6747
-7592	-5192
-11409	10393
6912	-2583
14546	-709
6912	-3971
-8355	-7787
-721	14071
19127	3662
6149	887
3859	-3277
-7592	-487
15310	21010
-6065	7132
7676	1400
-3012	-6053
-2248	2968
-9882	1997
-9882	2968
-13699	14071
10729	-4804
5386	14071
-7592	54319
16073	-6747
-7592	-1681
3859	9908
42	-3013
4622	-5359
-6065	-1126
-13699	-3971
17600	2968
-6065	-7787
-1485	-8134
7676	-1889
1569	-5359
-3775	-7440
9203	-501
-11409	193
3859	-6747
-10645	16847
-1485	5258
-12936	5050
-15226	-1195
1569	-7787
-9882	19303
-14462	6729
-13699	1581
-8355	-4110
32104	-1889
14546	887
-3012	-2930
10729	-6747
-3012	-8134
-5302	2968
805	5744
-14462	-7787
-8355	887
13019	4842
-12172	-1750
-4538	-3208
-14462	-7787
-7592	-5359
16836	-7232
-9119	5744
-3012	-3416
19127	-3971
11493	-7440
7676	-460
5386	-1945
13783	8783
-14462	-7649
9966	193
-11409	-4665
8439	193
-9119	-2999
5386	-6747
12256	1581
4622	-7787
-6829	7132
19890	-6816
-3012	8520
-3012	-1126
-7592	-7440
5386	193
6912	-3971
11493	-5359
-10645	2594
3859	-2181
-11409	-6053
-721	-3305
10729	-6747
17600	-5359
4622	9047
2332	2968
7676	-3971
1569	-6538
42	-7440
-721	4023
1569	-6053
-721	-501
-2248	-5844
6912	8520
-2248	7132
9203	8381
-6065	-307
42	-1889
9966	-6302
11493	-2583
-13699	-7094
13019	-4665
-3012	-6747
805	-7787
1569	776
6912	-5359
-9882	-973
7676	-6053
-5302	4509
1569	-4623
12256	-6053
13783	4356
-14462	11642
-6065	30587
-12936	-7440
7676	-3971
5386	1761
-1485	-8134
-12172	5508
1569	-6747
9966	-4720
-3012	-1195
-2248	-4665
-4538	-3624
-5302	-2583
805	-501
4622	-7787
-6065	9908
25997	-6400
-12172	5744
-14462	-5359
4622	193
-12936	-7440
10729	5744
-1485	-2236
10729	-1126
-9119	-2902
1569	-1195
-11409	-2167
-5302	9908
3095	-4665
-5302	2968
2332	-4665
2332	-7898
-3012	-6747
-12172	-9522
3859	-5567
6149	-362
14546	-6400
2332	8520
30577	-1542
-10645	11296
1569	-1195
6912	-1126
-721	-6747
-7592	-3277
-6829	984
4622	10310
7676	-7787
-3012	-2583
6912	2968
-10645	-6053
4622	-4665
-13699	-7787
6149	6785
-5302	-3554
-3775	-6816
8439	-1889
3859	-1112
-1485	-3346
-14462	262
-4538	-6747
5386	-4665
-13699	-6400
-11409	7132
11493	11365
-12172	-6400
-14462	-2583
-5302	-2444
12256	5536
-7592	193
1569	-2444
-1485	-7649
7676	-6747
2332	-4665
-15226	193
-3775	97342
-4538	-7787
-7592	-2305
10729	7132
-6829	-7094
2332	-1265
7676	-7787
25997	-6747
3859	2996
9966	-5706
-1485	540
12256	-4665
16836	-2583
-8355	5744
-721	7132
3859	-2167
1569	1095
8439	-918
-10645	-2583
-15226	7826
6912	1858
2332	-2514
-12172	-5359
1569	-6053
14546	-5151
-9882	-2722
8439	-1195
-6829	-1195
-9882	-7440
3095	16847
-13699	7312
11493	111221
3859	1234
10729	193
-721	-6747
-9119	9908
-11409	-3679
-4538	-1376
8439	18235
-15226	5050
-2248	-1195
3859	8048
6149	-2583
15310	-6261
-10645	-7440
16836	4356
7676	-501
4622	-6816
-4538	5161
-9882	-2583
3095	-1750
8439	-4457
9966	-4526
9203	4426
9966	2691
805	-8134
-10645	-6747
-8355	-6469
3859	-6747
22943	-7787
-12936	18235
-9882	-6747
-15989	13891
10729	-2583
-3012	-3971
8439	-10910
-15989	-501
-9882	-4012
3095	-8134
4622	-1195
-15989	-1195
4622	22398
-721	1581
-3775	-5012
-8355	6591
-9882	-5359
42	-7787
3095	10685
18363	-5012
11493	-2583
13783	-3971
-5302	-10730
13019	-1195
-4538	15459
1569	-7510
8439	-6538
1569	-1889
-9882	-2167
-2248	-7440
4622	-1195
3859	-2583
-8355	-6580
-7592	-8134
-3012	-5858
-2248	-418
15310	-5914
-4538	-3971
-5302	-4665
18363	-3971
-5302	9228
-9882	193
11493	-5012
24470	540
10729	-2236
-13699	-2583
6912	-3971
-14462	-7440
1569	5258
5386	-8134
-11409	11296
-6829	-2583
-12172	-6747
-5302	-10216
16073	15001
-10645	-501
-15226	-3624
-11409	-6747
11493	-5012
-3012	-4665
-14462	19623
-12936	-2583
-10645	-4318
29814	-6053
-9119	3107
17600	-5844
-12936	-571
-2248	-8134
6912	-3832
42	-5012
-13699	-2028
5386	-1195
-12936	41828
-14462	-5359
2332	6299
-12172	-2583
-5302	-4207
-1485	-4665
6912	9561
5386	-7440
-7592	-6747
13019	2968
5386	-7649
805	4356
3095	1581
6912	10615
-3012	-1195
-4538	-987
42	12753
805	-1195
5386	8520
10729	-5359
-6829	-2583
11493	-501
14546	-6053
-4538	-6747
5386	262
22180	-5359
4622	-7094
-9119	5744
-12172	-6747
-9119	-6747
4622	-4179
-6829	-6400
-7592	-1889
-721	8520
5386	-6400
42	18235
-1485	-612
14546	-1889
10729	8520
-15989	-987
8439	-10147
7676	-7094
-14462	4079
9966	-1195
42	-3679
805	-4804
5386	5744
42	1789
11493	1581
4622	7132
805	-2583
6149	-8134
-7592	-2139
-5302	-7094
10729	179
-3775	-3971
1569	-5636
8439	2968
6149	12683
1569	-2583
7676	3454
-9119	-7787
-10645	16153
16073	8520
1569	-8134
-8355	-4873
15310	-2583
-721	887
-6065	-11604
-13699	-3624
-5302	-5359
-9882	-2583
-9882	-3277
-15226	-2583
-6065	16847
-5302	5744
-11409	11073
-6065	7132
7676	-3138
11493	-5914
13783	193
13019	-6747
14546	-7787
-10645	2968
8439	1012
-5302	-6747
14546	-6053
-15989	-3624
3859	-3138
19127	-4318
2332	-5359
-11409	-5359
12256	-6885
-6065	6230
11493	-2583
7676	18235
8439	193
40501	-987
12256	-3277
-12936	-3971
4622	-1889
-4538	32807
-3775	3385
-3012	-5359
6149	-5359
-2248	-6053
9203	-6053
-13699	-6053
-4538	789
-12172	-2583
8439	-6400
-6065	-5886
-7592	-3277
-10645	-501
-9119	-2097
42	-6747
-9119	6424
805	-5359
-2248	-5012
10729	-7440
-6829	-3693
15310	-3971
3859	-7787
21417	-3416
-9882	2968
3859	1581
-2248	2469
-11409	75275
-9882	-5983
-4538	-10216
-8355	-7232
-15226	470
-3775	-7787
9966	-5359
5386	-2444
13783	13696
-4538	-3971
10729	3662
13783	-5359
-10645	-3971
7676	-6747
-14462	193
-14462	-6053
-2248	-6538
-6065	-8134
16836	193
13019	-3277
13783	193
7676	4356
3095	193
-3775	19623
-12936	18235
-8355	-3971
-9119	-4387
13783	-7094
-11409	-7787
3859	1581
1569	7132
5386	-5359
-6829	1608
-12172	-1639
-12936	7826
3859	9908
10729	2968
-1485	10241
9966	193
-2248	7132
13783	9450
-9882	-1237
1569	11989
-12936	26562
805	10726
6149	-7094
-5302	-2583
3095	-418
-14462	2261
4622	-3277
6149	-3277
-14462	-2236
11493	2968
16836	-7232
-3775	-2541
12256	-7787
-6065	-2583
13019	2968
9203	-293
42	-10744
5386	33501
3095	-4373
-6065	21010
-2248	-3832
12256	-7440
-1485	8520
-6829	-5359
10729	-6400
14546	-7649
4622	4356
-5302	-7718
14546	-1195
6149	-7510
1569	-5706
-6065	2968
-9882	-2236
7676	-6261
-6829	-6747
805	-2722
-6829	-6053
-3775	-5012
3095	-6053
-4538	-85
-12172	8131
3095	-7094
-4538	116772
12256	-6747
-12172	-7440
2332	1581
-9119	-5359
805	-154
-4538	-4720
13783	5744
-9119	24341
6149	-8134
-5302	-6053
16836	6660
-1485	-2583
42	-1195
2332	-6053
5386	-7440
10729	-307
-9882	9908
-3775	-1195
20653	-3208
5386	-5359
-9882	-7440
7676	7812
-2248	1858
15310	-2236
-13699	-6747
3859	4356
3859	-1473
-3012	11851
805	-3971
10729	-4665
-5302	7132
5386	-3346
4622	15459
-1485	-918
1569	-2583
-12936	-3971
42	2274
1569	-1681
42	-3971
6912	-2583
-9119	-3554
-5302	12683
12256	-6747
2332	887
-7592	3801
6912	2968
-11409	2968
16073	-7787
-721	-3208
805	-5844
26760	-10216
-9882	-4665
-15226	-2583
-13699	15459
-3775	4703
-12936	2968
19127	21010
-1485	12267
-8355	-3860
-10645	-2583
-2248	7132
-13699	2274
17600	-2999
3095	-6053
-12936	-5359
9966	55707
13019	-7787
6912	-6053
-7592	6979
-15226	-1889
-9119	-2583
8439	-6747
3859	-3069
-15989	16847
-8355	-7329
2332	14599
8439	-6400
19890	-501
3095	1123
31341	193
-721	-6858
13019	-3277
3095	-7787
-1485	-2583
16073	-7787
-6065	1955
5386	-10910
-13699	-5567
-14462	-2236
-1485	-4804
6912	9630
23707	7132
-12172	137
-8355	-2583
-8355	-7440
9966	-5359
2332	-2861
2332	2968
-6065	7132
-3012	-5706
-3775	7132
-9119	9908
6149	-5359
4622	7826
4622	11296
29814	-2583
-9882	-5359
-9882	-1889
11493	-6053
5386	-6747
13783	-7787
-8355	11296
10729	-3277
-12936	36277
-13699	-6816
3859	24494
4622	-5636
-9882	-4665
3095	-501
-12172	-3971
6912	-6955
22180	-2583
-3775	-5428
19127	-6747
-14462	-362
-12936	13377
-12936	-154
6912	-2583
-1485	-6622
4622	-6747
-11409	-3790
-9882	-6677
3095	-3277
-6065	1581
-15226	4356
-9119	18235
-6065	748
-1485	-7440
-8355	-8134
21417	-3194
-6829	13003
-16753	-7787
-13699	-2874
14546	-7440
-8355	-807
-15989	-6400
4622	-5359
-13699	-501
-15226	2968
10729	-4665
5386	9699
-6065	-4665
12256	2955
-6829	-9869
-8355	-2583
-11409	-6747
-4538	11296
-9119	-6053
42	8520
-13699	-5359
-6829	-3554
19890	3107
2332	-6400
-15989	-5359
10729	-6747
13019	-4665
1569	14071
-5302	-154
42	-8828
15310	7132
-15989	193
-14462	567
-5302	-2583
6149	-6747
3095	-5206
-8355	-3971
-14462	-1195
6912	2968
3095	7132
-14462	12184
-10645	21010
-9882	1581
13783	-7787
2332	2968
2332	12892
1569	12406
16073	-3138
13783	-3971
-15989	2968
-721	7132
4622	193
8439	-5359
3095	-501
13019	-6053
9966	-6053
-13699	-6747
-9119	-7649
42	-3624
9966	-2583
-2248	4356
15310	-2583
18363	-6747
2332	3315
1569	-5359
-12936	-1542
-11409	4842
9966	-2583
-10645	887
7676	-1750
-4538	7132
12256	-7787
-14462	-4526
7676	-5220
18363	-4665
-6065	-8134
-6065	-1195
-2248	2968
-9119	-6094
6912	21010
3095	-5706
-9119	27478
-16753	-7787
18363	-2847
42	8062
3095	193
-2248	-4276
-13699	-3277
3859	-6747
11493	3246
-1485	-3208
-1485	16847
-6829	-1195
6912	4564
-8355	7979
8439	-8134
17600	193
-7592	15459
-4538	193
42	-4318
7676	-8134
-3775	-2583
-15226	-1195
-12936	-2583
805	-7371
-721	-7440
-2248	-5359
-9119	-3790
-3012	11296
-1485	3940
-15226	-3971
-12936	9908
14546	-7649
15310	11795
3095	-501
-14462	30031
-8355	-5359
-12936	193
13019	7132
-2248	4356
13783	-6747
3859	-7440
-3775	-4040
8439	-6747
-3012	7132
-4538	5342
16836	-5012
3095	-3485
-9882	-10452
8439	-3971
13019	-6122
-721	-973
6912	-6053
-6829	-6191
1569	-7579
-9119	-10910
805	1234
-11409	-5359
6912	-5359
6149	6938
805	10213
-8355	-1195
-15226	-7440
-9119	-2583
-13699	2968
7676	7132
11493	2968
1569	193
-12936	-1195
-13699	-6747
-9882	-7787
-9119	18221
22943	-8134
42	-5359
3095	-6400
-1485	-6538
18363	-1750
-7592	2968
-10645	2469
18363	-4276
-3012	23786
9966	-2583
-2248	7132
-3775	-4665
-14462	-779
-721	4356
-4538	-3971
3859	3704
-9119	11143
-15226	-7440
4622	-5609
-5302	1581
9966	7132
16073	-1195
12256	-7371
1569	-7787
-10645	998
805	-5803
-3775	-3346
5386	193
1569	5050
13019	-1889
1569	-7787
2332	-2236
6149	-4387
42	-1625
-10645	-6747
2332	9908
-15226	4356
9203	193
-15989	-1889
-14462	-6400
21417	-6747
-10645	2274
-8355	-3277
-6065	193
-9882	3968
-14462	-1958
6912	-8134
1569	-2236
19890	3177
-13699	193
15310	-2583
16836	-7440
-5302	-1889
13019	12947
-15989	-9522
15310	10602
-1485	-6677
-3775	193
10729	-3971
805	-2583
-721	19553
9966	-6747
-10645	-501
7676	-3971
-3775	-9522
-12172	-7163
6912	-3971
3859	9908
1569	-2583
-13699	-10910
-6065	-6747
-1485	567
42	-7510
7676	-10216
-10645	1234
4622	-3971
-721	-3971
-721	-3360
3859	-2583
11493	-6747
13783	-3971
8439	7271
13019	-3971
-13699	-2583
9966	-1889
-8355	-7787
-13699	-3971
-6065	2968
5386	-3277
9966	-8134
-3775	193
19890	-2583
14546	-5359
-5302	-3277
3859	6133
-14462	-2777
-3775	7687
12256	-4276
1569	1858
4622	1581
-4538	-4096
-2248	-1889
-11409	-5706
3859	-5359
-9882	-7454
8439	1123
22180	-4318
-8355	7132
-8355	-3971
1569	-2708
10729	-6538
3859	-7371
6149	-6400
9966	-6053
42	21732
8439	-6053
-9882	2968
-4538	4467
6912	-7787
18363	12336
-1485	8881
-9882	1581
-12936	9450
-16753	21010
-4538	-6330
-16753	-2236
-12936	-5359
9203	-848
-9119	-5886
9966	-6747
13019	193
-4538	12336
2332	-7649
-14462	-1195
16836	-1681
15310	-6747
12256	-6747
9203	-5359
3859	-6053
-8355	7132
2332	-6400
-2248	14071
42	-12298
-6829	-15
-5302	-1709
-8355	2968
4622	11296
-13699	-7787
13019	1955
-8355	7132
-15226	-10730
-9119	-848
6912	-2583
-6829	-1195
-6065	4703
42	-3624
6149	8409
29050	-10910
-1485	-6747
-15226	-8134
3095	734
11493	-3971
-15226	-1195
2332	3662
3095	-7094
-3012	-6580
9203	5938
-7592	5744
7676	93179
14546	-2236
-7592	-5151
-6829	5744
42	13169
6912	-6400
-12936	-432
-9882	-598
-2248	-6400
-11409	3662
6149	12683
805	-6053
-4538	-3208
19127	-6747
-9119	-4984
-13699	9922
-10645	8520
805	-9522
-13699	-1986
14546	-6747
-5302	14071
-9882	16847
-9882	4356
-3775	193
8439	-7649
-5302	8520
-1485	-10771
3095	970
-10645	-7440
15310	-3971
-4538	-1889
-6829	9214
4622	2968
1569	-6053
-5302	21010
4622	193
1569	-5359
-8355	-1889
42	165
-3775	5578
-4538	5744
1569	-1195
-3775	10282
-5302	4356
13783	3357
-6065	678
-4538	-1195
2332	-5636
-721	8520
-1485	4356
16073	1581
-4538	14071
6912	-3971
42	-8134
-6065	2968
-12936	-848
-3012	-3971
11493	-2736
23707	-3971
-15989	-5359
-15226	-7302
3859	-6747
16073	-3624
21417	-6747
8439	5328
10729	9908
1569	2968
-1485	-85
-15226	-7787
-3012	-7787
-1485	-3277
-1485	27284
7676	-6747
16073	-2763
22180	-1889
-16753	14071
-8355	-3319
10729	-2236
19127	4773
3859	-1820
-12172	-3971
-6829	7895
6912	193
-721	-3624
-4538	-5359
13019	-6747
-5302	8520
-7592	-7579
-2248	-6747
-1485	-3832
-12172	-3693
17600	-6747
-12936	8520
-11409	-6747
-9119	-7787
-11409	4356
2332	-6400
12256	16222
3859	-3624
9203	-6400
3095	-1889
5386	2802
-14462	-4665
11493	12892
-2248	-1889
1569	-5359
42	-5359
8439	-7510
-9119	-6747
-15989	-6053
-6829	1581
17600	401
-6065	3524
6912	-3693
-11409	-3277
-6829	-3971
-4538	12184
-3012	-3971
15310	3246
-5302	4356
805	-2583
7676	-5359
-721	2968
-8355	-501
3859	-4137
2332	-10841
-2248	-7440
9966	193
-9119	-2583
-721	-1556
10729	-6747
-12172	2968
-3012	2968
13783	1581
-1485	-6400
-15226	5744
-14462	-7579
805	-6747
11493	-6747
4622	-7649
-4538	-251
-14462	-9522
-9119	-8134
5386	-2583
-721	-9383
-6829	7132
-2248	1581
6912	-5359
-721	-7440
-6065	7132
15310	2968
42	-3971
24470	-3971
16073	-2583
5386	-3971
805	4356
-14462	-2583
9966	-6330
-12172	-5983
12256	-10730
13019	-6053
3859	-848
-14462	-6747
19127	-3277
-3775	-6747
22943	-5359
-9882	12683
6149	-3832
-12936	10602
20653	-2583
42	-3277
-721	-3277
-6065	-7787
2332	3510
-11409	3676
-10645	4842
-6829	-2583
-10645	22148
6912	1581
-4538	-335
-3012	-2583
-14462	-2583
42	-4318
6149	-6330
-12936	6091
6912	26
-6829	8520
11493	-6747
5386	-1889
17600	4356
4622	-1195
-7592	-7787
-2248	-2583
-14462	-293
8439	14071
-3012	-7787
-12172	-12298
805	193
7676	-432
-9882	-7094
42	-3971
3095	10116
-721	5050
805	984
14546	-4387
42	193
-9119	-2583
-13699	-6747
-5302	-3971
-10645	9908
-1485	24203
-12172	-3693
-9882	193
-8355	5744
-6065	-4665
13783	-1195
-6065	-3971
1569	-3971
-11409	1581
-8355	-4665
13783	234
42	-6747
3859	-7024
-1485	-1528
13019	3468
-4538	96
6149	8867
-14462	15459
9966	8700
-9882	2080
-6065	-7094
14546	-6747
-13699	2968
25234	-501
-1485	-5359
-13699	4356
-9119	5744
-721	-7440
-3775	38289
15310	-7787
-2248	-2583
-9119	1234
7676	-4526
6149	-2625
16836	-5359
3859	-6400
-12172	-3971
-721	-2902
13019	13086
-15226	-3277
42	8520
-2248	2968
-6065	2968
-5302	-6747
13019	-2583
42	-7787
6912	-9481
805	2968
-15226	-2583
-2248	4356
10729	-418
5386	11296
9203	12281
-11409	-1195
1569	-7440
-4538	-3971
10729	7132
13019	17652
-3775	-2305
-5302	-1487
-5302	-5359
-3775	-6053
5386	-1195
805	-4457
3859	12683
-7592	7132
-10645	10726
7676	-6053
16073	-1195
2332	-1195
-10645	11642
9966	7132
-4538	1955
42	-3277
-9119	-5359
3859	-5359
-9119	-7787
2332	9214
-6829	-6400
5386	-1195
-721	-1195
-11409	3524
-2248	12434
42	-5359
7676	5314
-2248	7132
11493	-3971
-12936	-3971
-13699	-10730
-8355	-1611
20653	-8134
-4538	15459
18363	-1195
16073	-6538
-2248	10602
-15226	-2583
6912	-6747
-11409	6674
-8355	-5359
-7592	-3180
16836	-4318
10729	-6330
-3012	-6191
-2248	193
-2248	-3971
9203	-1195
7676	-8134
1569	-8134
-5302	887
5386	-612
4622	-1362
1569	-6747
7676	-2583
-10645	5258
1569	-6747
22180	-2583
-7592	-7787
11493	-5359
2332	-6747
-1485	-7787
-5302	-3971
6149	2483
-6829	105669
4622	-1056
-6829	-2583
-1485	5397
-6829	4148
-1485	4495
7676	8520
-6065	12336
-16753	-6747
42	21010
6912	14071
-14462	1095
-3775	-2541
19127	12683
2332	-1945
-9119	193
-15989	11296
-5302	9908
9966	1095
-15226	3454
-10645	7132
13019	-7440
5386	-5359
-4538	-6053
3095	-2583
-3012	-6747
805	54
-6829	-3971
21417	-7787
-11409	3662
-5302	-7787
22943	27950
-9119	-6747
-12172	-5359
-7592	-4457
9966	5744
-13699	9686
13783	-7302
21417	-5983
-7592	8520
15310	11296
11493	-7468
3095	-4665
-12936	41828
6912	-2583
-7592	-2583
-13699	-7302
2332	2968
-3012	193
-15226	-7649
6912	-6747
8439	540
-8355	21010
-10645	-1889
6912	-3277
-9119	-4873
-13699	8520
10729	2968
-10645	4495
13019	-7787
-6829	9908
-10645	-2097
-1485	-2583
-721	-1931
1569	-1542
16073	-2833
16836	-7440
10729	7132
805	-8134
-7592	-1889
-6829	-918
2332	-1889
-5302	-4942
3859	1955
25997	-5706
805	-6747
-2248	2968
-6829	193
-16753	-7787
3859	-2583
-2248	7132
-3012	193
-9882	193
5386	7132
5386	2760
-8355	-6400
-7592	-3971
3095	-7787
-8355	-6747
-3775	-7787
805	-2458
11493	-7094
19127	-7787
-9119	-7440
42	-4776
4622	-3971
-4538	-4679
-7592	3454
9966	4356
21417	-3277
-14462	-460
-15226	6008
22180	6327
-15226	-8134
-9119	-1972
-11409	-1403
-6065	887
-15989	2483
26760	-3971
-6829	8520
-5302	-7440
-721	-7232
42	-6747
-10645	21010
16836	-1681
-10645	-5359
-12172	-3194
-5302	4356
42	-3277
42	2968
-15226	193
-3775	16958
-6829	10713
-1485	6383
3095	-7440
13783	-5359
-6065	-3971
-2248	55707
-7592	-7302
-15989	-4665
-6829	-4623
-6065	13974
9203	193
-7592	1581
6149	-7094
19890	14071
-5302	-6053
3859	-1181
25997	193
-1485	-1972
5386	-3971
-3012	-6747
11493	1581
-10645	15598
-15226	-6747
-4538	-5359
1569	7132
6149	-6053
-16753	-3180
-9882	-5359
-1485	2968
-6829	25174
-1485	-3971
-2248	15459
16073	-6747
-1485	-1195
-13699	-2583
-6829	-7371
6912	2968
-11409	-1889
16836	-2042
7676	-2583
-14462	-5359
-15226	11989
8439	-5359
10729	1997
18363	-6053
21417	-5359
16836	-2583
7676	-1889
-9882	-2583
13783	-8134
-15989	193
