-8240	-351
11093	-7753
-159	-22425
15735	-2646
-4436	-5347
-159	4198
-9648	4259
2700	-12911
-6349	-8951
-3705	-2656
5548	25552
6826	4279
-6660	-7093
-9906	-4087
-159	3528
-6112	-6809
-5908	14078
13339	-351
-159	-2443
20205	-351
-159	11042
4312	-7398
-159	6422
-13065	-9378
-2276	19865
1711	-3184
13736	7366
-18406	-16424
-159	-9164
-159	-351
18400	18840
-159	-351
8288	-351
3678	7721
-159	-351
9534	5995
-22318	13001
6268	-351
10061	-351
3044	-7195
-159	-7651
-3135	-6098
-4081	-351
9696	2025
-8530	4239
-159	10889
-23038	-4737
-4586	33390
14897	6148
-159	5264
-3630	4757
14102	-351
-159	-4534
8331	-2311
9244	7447
3570	1639
1894	-17359
-2340	-2473
-2276	10981
-11636	50510
5924	1944
9266	-7337
-159	3386
-159	-4006
-58565	-4940
10856	-11378
6461	-351
6203	-2605
-17729	-9195
-13323	-13896
-8476	3975
-159	-5225
9696	-8504
-159	-351
-159	-16110
11899	-351
7837	-351
-159	-11652
26180	4086
-14075	1578
9072	8513
1883	-351
-8842	4066
5945	3183
3699	6188
-7961	-351
2571	-3945
-159	-3945
-4156	6290
3452	-6037
2023	1822
-159	-7002
2829	1548
3860	5356
3882	1924
5762	28192
-7670	6381
-6735	-3184
-6467	-2646
5311	15134
8202	-7540
-159	-19410
3001	3284
3774	-351
14467	3223
-159	-16709
-159	17936
12576	11052
-159	-351
-3049	27186
-8541	8940
4054	-12150
-19040	3965
-9615	-351
-159	3122
-2147	-3884
4355	3731
5741	-9418
-159	-2564
3452	-19755
19056	23500
-159	25531
19539	-351
-159	10697
25933	20982
-11657	-351
-4479	-2910
1948	-7743
3785	46722
-10217	-2544
-2136	11346
-9454	6219
-6499	1771
7170	-7743
2754	-351
3710	3528
5805	-351
-2276	-16922
20044	1934
-3974	9701
-8272	1619
-2093	6858
6096	-4737
-3748	7021
-11313	3426
-15784	-5001
-12958	-8697
1894	-5661
17250	13814
6708	4005
9330	-4961
-4382	-9225
-159	-7337
-6649	-2554
-2093	-6098
18346	10879
-6531	3386
-20953	2015
7256	-3895
8137	6879
-4479	-351
5741	-11551
5977	-6159
-14462	1903
-2093	20800
-159	8666
-3651	-4077
8428	-4879
-3060	4117
-8455	-2676
-6338	-2270
-12667	37046
2012	-2463
-4006	-3966
5784	5549
-4189	-12607
-2125	11854
-3243	10605
9470	-351
-2362	-351
5311	5092
3237	14159
12318	-7073
-6488	-7682
12242	-8372
-159	-7205
-159	3345
-159	3112
16100	-351
10792	-4118
-159	1913
-36126	12179
14779	-3092
-17020	-7215
2549	-351
-159	-6078
1926	13154
-2394	-6595
-159	-351
-2233	4980
-2383	-2392
-3039	2269
-2061	-351
5967	8503
-4361	6381
-2243	-11317
-159	-351
11866	3223
3001	-4016
2775	-7682
15219	22252
5988	-13246
-12592	-2544
-159	8331
-4189	10889
-159	-6829
-159	-4940
7837	3965
-6606	6737
-3888	5955
2990	-4839
9083	-351
1840	14819
-159	-351
8245	-10891
14349	-3813
5311	-3955
1819	5934
-12066	3193
2990	1842
1754	1832
6246	-10769
12285	-2676
-4081	-15206
-6015	-15480
3817	13580
-3436	3254
-17170	-351
1786	-3204
-159	-2392
3269	-351
16401	1944
-5747	4137
7568	1934
1786	44356
-2179	-2250
3957	-9835
9943	1497
-4081	5315
-29442	-351
-2104	3142
-10894	25176
-21060	6828
3151	-4077
32865	-351
6106	-351
5655	3183
-4232	-351
2055	4401
28985	-2879
2582	5437
5956	-351
12468	7143
2109	-351
-6478	-4118
-3103	-4138
11490	-7814
-4489	-4940
1754	-2575
3398	15002
20259	-7631
-31162	-351
-2072	-2625
17831	-351
-4199	4188
-159	-351
-159	6919
3742	4198
2925	15591
-159	-4615
-2985	1913
-2286	-3895
9019	6310
-2179	-4768
-159	14443
12576	1883
5397	-351
-12753	9945
2797	-2503
-6467	-1640
-17955	-4920
-159	-17247
3667	8727
-8938	-351
-2125	-4737
-6359	-4778
8965	-351
13672	6970
-1996	-14576
-8283	3173
2861	-11337
-11560	15449
-2050	-2676
-20985	3589
-3168	9773
7482	-2554
-8304	2228
25256	1893
2958	-351
2893	-7956
8857	3457
-6134	-4900
1915	7061
-159	-351
2786	-9124
1851	-7743
-6037	-9591
2861	6473
10727	-17359
-6069	-7347
-27078	-351
12952	-351
12210	-15226
-16085	-4687
-6230	-4707
1722	-25248
-159	-2564
-159	-4961
-3318	3294
-3823	-351
-159	13164
-25552	-5296
-2888	-10647
-9100	3325
-25369	3233
-2125	472
3989	8178
-8809	8148
-13742	-17826
39054	8107
-2093	-2331
6558	12514
10351	-2615
6397	5488
-6402	-11337
-5650	-42134
1776	-11642
-159	-6047
-6209	1903
5322	17449
-2297	-2666
-5962	-46967
5999	-4615
7708	-351
-4307	4330
8750	6564
-9787	-7631
-3286	-11388
-7789	4330
-3737	-2534
-159	-2920
6536	10971
5343	-13510
-3318	8513
2925	3284
-4318	7173
-6198	-4331
9577	-351
10050	-11815
6063	4878
-2254	10504
-8089	3132
-159	-351
3011	-14851
-3221	-16221
-4511	29704
-13441	-10667
-4199	3558
-14150	10341
-159	3924
2721	3640
-159	-351
7837	3193
2625	10453
5687	-351
3807	10920
3087	3355
14209	-10931
-8938	-7489
19550	7102
-28067	-9774
-28862	19794
6418	8777
5655	16941
-159	6858
32929	-351
-9744	4036
6654	1893
2549	-14272
13983	-4707
3001	-351
-12334	-3803
34573	18738
2829	-351
-3748	-8413
11748	18464
13822	-4047
3022	-11439
-159	-351
2721	3355
-2372	-4189
-159	1944
8546	-351
15950	6219
-8423	-7306
25858	1974
-7778	1964
-9916	-4179
7815	13895
-11539	-4209
-13774	-351
-6714	-351
13554	-16455
-3060	-3895
-159	-351
14639	-351
-3211	3995
-5983	3315
-10282	-2585
37776	-7621
3495	-351
-159	11235
5805	4259
-8906	2269
14424	-351
-2039	-351
-2867	-14038
3850	-7327
9567	3203
1980	-4199
-19910	-8240
20689	-8352
-20813	-12728
-10056	-16770
26481	-5011
5977	4076
-3082	-7570
15391	1913
-159	-351
-9293	17601
-6080	15672
30887	-4940
3216	-7672
38711	17794
3108	1893
13801	-2564
-159	-2300
3710	3508
-159	10778
-159	-3996
-4264	-6128
-9529	-351
-159	-351
-2147	-7895
-159	3690
1926	-12485
-9949	-9347
13156	-351
6493	1985
-159	-5438
5655	13296
-159	17347
-159	6310
-159	7579
-3071	5406
-3071	-4087
-3114	-2311
-159	3548
2925	-19978
-11904	-4047
-159	-2564
-6177	-4747
-159	-9489
17519	1883
-159	13814
-159	-11439
-3049	-2290
-159	-4575
-159	-351
26471	4127
-7079	-3925
-159	7072
-8186	-18973
6461	3843
-5822	-2473
-2276	-2676
-2050	-4514
-3877	6747
-6714	-4047
-6445	-4636
-8562	-4920
1991	19926
-159	7072
14768	6686
-6660	6635
19056	1792
2904	-8352
1958	-4362
-6402	11113
6106	1883
-3361	-12343
-5596	1619
9137	-351
-7617	9102
-6338	8361
6235	-351
-3232	4269
-159	11753
5687	17946
-4124	15591
-7090	11001
-3006	3995
6203	-2564
5859	9295
-6531	11062
-159	-3935
2592	3416
-19599	-6941
-4081	6564
-3157	-351
-14226	7031
-159	-4057
9244	4066
10974	-9296
-4189	4066
-2125	-6047
-159	-8636
-8186	15225
2700	-7235
18572	-26142
-16214	-351
-9454	-351
-12227	7031
-8347	-351
5988	3213
2797	-351
7342	-2544
-3318	-351
-3759	1893
1808	12666
-19244	-9571
9997	6473
1733	3396
9309	1883
7772	1995
1948	6919
-159	6879
-2942	-2889
6354	-7022
-2254	-2534
-5833	3325
2947	24221
1937	-2625
6439	-2615
21130	1497
1690	10788
4000	18393
12318	6828
9234	-4839
2571	-351
10061	3203
-6263	1700
-17428	11042
-18094	-4077
-14000	-2564
10459	18515
7439	-22303
11179	1974
-4189	-18770
-6349	-9317
4075	14189
-11969	-7712
-10873	18576
2678	-11601
6074	20322
-15418	-24527
3860	3254
-4382	6361
22849	8788
-30119	22465
14994	40549
-159	7001
5451	-10748
-3372	-351
-159	4239
-15784	-16485
-3264	1893
5300	-351
-22275	-11886
20732	4168
-3469	-351
1937	21003
-2985	4553
4065	-7966
-2265	3995
-17310	9011
3345	-7682
19647	-4006
5462	24039
-159	21307
3140	14129
-5607	-351
3312	-351
-5768	-4981
2754	-351
2786	-4798
5977	4147
-159	-3925
-3071	-15531
4247	1954
2786	-351
-3243	2005
-2297	11001
-2362	-2676
10211	1842
2743	-351
-159	-11591
10824	-16973
13468	-351
2754	4107
-9691	6269
-28991	-24629
-16547	-351
-159	1781
9416	-24466
-3082	10250
-9153	-351
1980	-24842
11866	-3996
9244	18363
-2243	1954
5999	-351
-13817	6564
5601	3985
-6101	3274
5655	12159
-4189	-351
-159	8605
3925	5447
12253	-2575
6891	-7032
-159	-9540
-56157	-4859
-3716	-351
-3232	8930
1819	-6321
-159	-2646
4032	3589
-13667	7975
-2072	4097
-13011	25318
-159	-3996
-20813	-2971
-3189	-351
11404	-351
12855	-4788
-6585	3386
-12098	-3996
-1749	6929
-159	-7266
19088	-2412
-3039	-2910
-13667	22099
-159	7163
-3125	-16719
-159	-3895
3570	7031
2044	-2595
-16901	3386
6203	20282
9846	-351
2797	-11754
8578	1954
-14913	-2940
-2233	27156
2947	3355
8481	-15663
-159	-4747
-159	-351
-159	-351
7095	-12007
-3630	421
18884	-4900
10394	-4138
-12829	7031
-159	-351
-159	6686
6020	-10819
-10873	-10170
5838	1822
7245	-7073
3968	-2646
-5629	-14505
-3103	-11774
-6381	5213
8234	10829
3495	-11642
8073	2340
-6692	3914
5784	14189
-7563	-2615
-159	10402
-5822	-351
5343	-2696
-12399	1924
-2899	3538
22999	4066
15069	-7976
-159	1528
-4232	-351
-159	1913
-10002	6320
-3329	-11875
2668	1802
-159	4066
-8444	8991
-37824	-9043
-17449	-8921
1894	8148
-4113	-4016
-4296	-351
7708	-351
-17772	-18993
-16643	-7063
-4156	-5133
3076	1832
2786	-351
12640	1761
-9443	-18354
-3049	11854
6149	-6920
-12796	6970
-2942	12098
2786	6747
-3286	13367
-2233	-40408
-159	-4077
-159	-351
11974	13529
-11915	1934
-159	-4839
1765	-351
5730	-6149
3001	-11429
-5736	-4727
-159	-351
-12431	18708
1937	-4920
13736	4330
-3415	-6128
-6714	-3143
-6510	-10271
-3576	3376
16466	-5011
-8541	-12535
6214	-13561
-3823	-11855
-14344	48499
-2125	10077
6182	-7154
8234	14352
-159	-25065
-6220	6168
8008	-13957
-4457	-7672
-4296	-22364
-3178	6087
-159	-4940
8180	7498
-3232	-15033
11243	3274
-6510	-12018
42289	-2646
-159	-351
2775	-351
5300	3284
-159	-4027
-3071	11478
8642	-6870
-6177	-2290
-3221	-7865
26309	-351
1808	-2686
18572	-4077
6504	-351
-159	-4250
-8992	-7367
-4296	18789
1905	-2300
3441	7427
-4189	3254
9491	1599
2872	-2605
-9443	1497
14510	-2696
7729	15225
-2931	6026
8073	-3945
-13495	-2585
5655	-22933
3957	-7367
-3178	-6139
8428	-4727
-8842	-351
18884	-351
-4296	10829
1958	7031
-12270	11336
2582	-29949
-6123	4665
-3221	-3986
20732	-3844
2882	-3174
-159	13519
-159	-11337
-6080	-351
9588	4198
3151	-351
-159	-351
10674	13763
9266	-351
3731	-4910
6235	16606
-159	14403
10609	6341
8213	-3925
1690	-5682
3678	-6667
-5596	-17216
-5693	8524
3151	-2280
2797	13123
19442	-351
12146	11032
-6295	7417
33542	10189
-2254	-351
-2093	-13541
7815	-351
2764	7366
-6241	1761
-4081	13245
-2512	1964
-12646	17469
2614	10686
1905	-7855
-5833	11133
-16815	-10647
-16450	-6931
-12270	-11429
-6252	-4697
2668	-6920
-8369	5873
-159	21622
8137	-3163
13285	-30762
14016	-20263
6461	-9378
3108	-6037
-2340	-4128
2958	-4514
9803	-10901
-6467	-351
-5693	3203
5945	-13713
-159	-351
-3146	-351
-18481	4198
-14419	-351
-8938	-9124
-8369	-3895
-159	-2595
2668	-351
12242	4056
-8423	-30264
-6628	-12038
-17106	-16495
-3146	-8494
2689	-2625
9438	1548
2625	1792
-3221	-2869
-5908	3345
16305	-351
-159	-8210
-7810	-2778
1690	4960
5580	1842
-2222	4310
10125	8808
2797	-4148
-6370	-2260
1851	11032
-2201	-2575
-3039	-351
-6467	-27319
2732	-351
-11872	-12810
1840	-351
-2394	-5235
10426	3203
2904	6818
-4092	-8433
-19298	-8301
-8240	-9459
-159	-351
3001	3985
5967	-351
-6295	7285
8642	-351
-3178	-7093
-3254	1954
-13043	6960
-7928	1609
-8079	10636
8567	-17054
-6273	-351
-5929	-19613
22688	10818
1604	3162
-24929	-7134
-159	1974
7751	4310
6311	20932
-159	5386
-62304	-5083
-5736	9021
5902	-18384
4204	-351
10835	8970
1894	3274
1948	-351
15456	-17653
-4189	-26446
-3318	-2615
-9433	-351
2904	-2920
-3243	-351
3731	-28071
-159	7082
9749	1873
-12442	-2808
-10894	2472
-2362	6879
-12936	-351
-3984	2330
8105	-2473
6074	-2605
-3769	-351
-8444	4259
-5747	-10007
-12796	-14404
2625	-12099
5967	1670
5677	19256
-25359	13966
-11346	-351
-2201	-2625
10330	-7662
3936	1924
21216	3650
7955	-351
-4049	11509
1872	-351
-13957	-4788
-9454	14210
5311	13438
5494	1517
1733	-351
-6241	-5438
-3512	3315
-10690	9082
-159	8321
15423	-351
-159	7112
15251	-4595
-4511	-351
2839	8889
-6230	-3163
3807	3193
-6230	-11652
11737	15885
-4275	-2554
-2921	14220
3903	-351
1733	16545
-16622	-3945
6504	-13388
25998	-7885
8718	-4280
8320	1903
21334	3396
12586	-2798
-2985	-14871
3774	-4869
-2018	6422
9610	1934
8363	-7154
2023	-3884
25600	7965
-7638	-351
-32709	-3813
2012	-351
7976	-18963
1926	1903
-159	14494
-10303	-6768
9459	4330
-159	-3285
-159	3122
-3017	-351
-11432	4320
-3243	1913
-6381	-351
-3017	8077
-12592	-351
-2061	-2646
-3329	-2930
6816	-17683
3130	3193
-159	-4443
5924	-351
4065	1528
-7445	-351
3441	-351
-3071	3569
5848	-2432
-6639	15875
2743	-2544
7106	3305
15756	-4027
-2233	3284
-15698	-6829
-3114	-4768
-3286	-6809
-159	14880
-8025	-4879
18067	7579
2668	3193
7396	1853
-2158	-5275
-6134	-12728
-3060	1954
3721	8158
-7563	3325
-9906	-6819
-6467	3284
3710	6188
-3017	-17166
2754	2238
18067	3386
-3307	-7032
1894	1883
5784	-16252
12189	-351
-6230	-6047
-159	24516
6182	-14668
-6499	7610
3645	-21989
-159	21998
-5586	4005
1851	-11439
-3049	-351
9384	9762
-12829	1649
3807	-2575
-2158	-4179
6085	-11601
-4887	-7022
8406	1842
-2243	-5113
12210	-7347
-8347	-8890
45148	1781
-2211	-14719
-5768	12260
-2265	19845
7031	1558
-159	-11053
7718	-19755
-159	-8352
-4232	-18069
3011	-9164
33176	-5773
-5908	-351
-14806	1842
-4264	-8261
-6370	-19897
5752	-351
34219	-3976
-159	-2463
-13409	4107
1991	-16749
-159	-2656
6794	-3935
-4113	7935
8428	-351
3613	4056
-16063	39361
-159	-2199
5451	8483
-2104	-351
-6768	-351
-6499	-4636
-8476	-13541
-17589	-2290
9491	1842
-6359	-6849
-2942	5376
6386	1944
3130	-351
1636	-4047
-159	11093
2077	3193
-43402	-9428
-3103	-18415
6096	5356
16391	8392
2925	-5204
-3350	1954
-6445	-2595
-10507	-2615
-6187	-351
3989	-351
1894	-5966
7310	-4524
-159	14200
5677	-351
1754	13286
-2007	5477
-8917	1954
5483	-24913
-159	4239
5709	-7479
-7079	-9855
-159	-351
12533	-37351
6826	-7865
5505	3386
-20749	-4219
-11335	3254
-11045	-4057
3624	6879
2775	-9103
2711	-5692
5666	-351
2764	-11662
-26122	8849
1765	13174
-8799	-2747
-3576	-351
-11281	-351
-2340	1934
-3275	6371
3065	-11439
2055	-7530
6321	-18526
-16579	6127
21957	-4067
3710	1792
33799	-351
4140	3264
1926	13966
-159	-7672
-14752	-351
-3383	6148
-9916	-6788
2797	-2605
-3092	-15876
-6284	-351
-159	22211
-159	-7073
-3318	6209
-12399	1853
3850	32070
-159	-351
-10529	1883
9534	7346
-12528	-4595
-23038	-2635
1937	-28680
2732	17337
-5596	-351
-159	-14647
-3221	-7540
11866	-351
-9734	1812
-159	-6413
3946	-15876
-6499	-11551
-2222	3315
-3071	13184
5279	-7022
2904	10625
-2286	5427
-10239	-3874
-3221	-4697
-159	-4443
-16063	-351
-34214	-11388
5816	-351
5752	-351
-2201	20150
14908	11590
2968	6381
11394	3203
-8444	-351
6096	-9378
6053	-2960
-8208	1781
-159	-51018
-20437	-14455
-3802	2086
-4457	-351
-3243	-2270
-8863	-351
-8025	-3895
-3264	7234
-159	-2625
-3641	-22527
6010	7386
-159	-351
-2168	-1092
7374	-9215
-16579	5752
-7842	-351
-8208	12423
13414	4178
13597	-2250
-8165	-351
-6553	-8758
6525	-7611
-6402	8493
1743	6371
2925	5366
-9841	1893
-4414	3294
11780	-20882
9567	20546
-4189	-7885
-3383	-351
-2394	21206
1872	7082
-4296	-2605
4075	8300
-7971	-4443
-6241	1822
12834	-6098
8578	23094
-9519	1964
-14688	-6870
-4017	9153
-4264	-22354
12371	13448
2625	3142
-159	3294
-3619	8585
-13248	3355
-159	1517
-159	-4209
2936	-351
-159	-2656
-8283	-351
-2319	-351
9062	-2229
-12033	1903
-159	-11276
4065	2076
-159	-351
-8240	6594
-159	6209
-6091	-6880
-3028	-351
-159	6300
-13248	-13571
10394	11062
-2329	7224
3850	10768
8868	3416
10351	1731
1991	-4819
-3114	18667
-10110	-351
-159	-27076
7041	-8098
10674	-2392
-8627	-351
6149	6818
-3114	-2260
6160	4239
1937	3345
6525	-2676
-7187	9214
10233	31735
8223	-351
-8347	22922
-159	1670
-8014	-351
-2362	-6778
-159	5437
2968	4097
5741	-4778
1776	-6413
-2039	4381
-2899	19002
2023	2381
-16686	3122
-6220	-9124
-8616	-351
8438	-351
-159	-351
-3060	-22933
-11131	10818
1840	16931
-25283	-4788
-159	-351
-6273	27146
-6198	-2199
-2050	-2676
-159	-351
