10037	-8055
-4585	5045
-15943	12368
4866	-5717
-7696	-7713
3474	-2371
-2977	-7341
12947	-5835
-6282	-2038
9193	-8466
10617	-9494
-17330	10760
-6838	19341
6590	27978
-23	-6501
2477	10701
6917	-8423
15268	-9063
21566	-7317
-23	3433
-17483	16427
11896	-8651
7505	-5552
8085	-9412
-13433	-5682
6073	7532
7990	15400
2998	-2144
-885	-8913
10500	-7215
-2771	-3940
6913	-7419
919	-9376
-7920	10525
10060	-7678
5898	-7137
8947	3465
9939	-9314
5292	8516
-6677	-4627
3654	-2717
-13002	-7215
5768	-5729
-5693	-4933
9202	-9184
-18529	-5835
-2591	-4242
-4270	-5984
10365	-5854
1943	-4521
-11534	-3191
-2636	-7592
17490	5955
2127	3414
7461	-8082
14316	14231
-5990	-6650
9553	-9514
-4971	-9161
-18933	14878
-9245	-5905
-11063	-1787
14913	-2191
-9061	-8725
-2555	-4913
11676	-4285
2446	-5937
-7880	-8608
7537	3641
-11283	14921
-16791	-1344
13548	-5042
542	-8600
-625	9466
-15225	-6039
5629	14486
-6650	29692
1669	-285
11865	12792
-11449	19267
11622	-2462
6563	-9466
5997	10952
-12351	-8623
-4858	-8623
-13249	7979
475	-9047
3088	-3246
-11853	-536
-11835	6952
13544	-5105
8296	409
11137	-8651
-3049	14262
-5025	-5564
-12724	-9392
-3301	6748
19016	14808
-10407	13447
12201	-4019
-8217	10317
21230	551
-2677	-5788
7057	2916
16861	-9251
7268	-653
11708	3610
-15777	-8337
-17846	-9212
-4306	-5438
-6636	8975
-17038	11027
-1761	527
394	-9439
14657	-8357
12403	-5156
1561	-8341
-91	2225
5939	13494
7416	8520
13616	-8910
-13622	-4415
2854	-8635
-11453	10289
-149	-4987
-7067	18777
-4118	12933
-12001	11854
4758	3869
-5307	-4642
2715	-3791
13598	-6117
1270	-1920
6064	-5744
-6107	-9180
8480	-9423
8233	-3046
789	476
10926	-6980
-16378	-2277
-13106	-8729
-1967	-3564
3954	-8733
-14407	-9286
-10529	-8874
-5698	-7125
-8217	11266
1952	-5972
-1298	-1669
14891	9642
19093	-4670
-2299	-9384
9966	-355
11393	17769
-6520	-677
780	5955
-16405	13960
-18206	3998
-6695	-8400
-16693	-8384
14886	649
-2169	10709
-1289	15015
15470	-3874
-9819	-8490
15178	-3289
-14048	-9517
9167	17475
10864	-8027
1095	-8196
-5945	9571
-18816	-3995
587	-8043
7546	9018
19528	5061
-4347	-5933
4197	-2662
-2654	-8753
6486	19706
5261	-8933
8453	-563
-3148	17800
147	-3728
-13546	-5611
-3152	8297
11151	-7341
16556	16482
-17775	-9506
-16293	-9372
1660	19232
19600	994
8758	-9447
1175	24440
-17052	-3379
7200	-6521
-7660	-8525
5544	-8321
-1613	-3532
15609	-2003
7348	-7878
-10533	-6168
7039	-9337
12915	-4654
3730	12423
-17986	10077
-3390	20816
-14493	-3764
-14448	-5941
933	-5282
-17164	-6364
20529	-9455
-7108	-8396
12493	-602
11788	29210
11371	2849
9930	790
9894	16714
8740	9568
-7121	4033
-1563	6995
-4715	-7698
9072	-8039
-580	-8345
-9626	-6768
-17249	21330
3209	-6725
7290	-3583
-7494	-7164
16484	4171
5997	-6290
14778	-1081
-15072	-7631
3465	-7674
7707	19628
-6919	9073
-1613	-869
10635	-7125
-11548	-6125
3685	-7349
9539	-9298
3384	-5074
-18870	-5160
-540	-8655
20368	-8651
982	-9392
-6766	-7435
6675	-4780
-12899	-8768
-7171	23122
-8809	6159
11775	17067
12170	14305
6872	-7929
2603	4151
1054	7716
7479	-7266
-5671	16792
13845	-8843
-17236	-7886
4848	17890
951	-8870
-18206	-8937
242	-5391
6244	5877
6666	2465
15146	-799
-2888	1041
14123	-9510
5705	10799
6805	17400
6082	-8306
6630	-8984
-7660	6755
-3808	-1458
2293	-8109
10037	-5564
-4073	-8690
4955	-9164
-13218	582
14900	24013
1427	20812
12812	-4536
138	7834
-4885	-3583
-17685	-9196
7303	-9455
-9263	6653
-831	-9259
-4854	-7176
-16670	3355
10626	-7553
2809	3049
4215	-7466
7232	22161
-7247	-8768
3725	-9435
-8432	4022
-6340	-497
-4270	-9286
-7426	14215
-16544	-7380
7950	-8941
-9788	-1975
1095	233
13880	20648
2702	-5117
-9352	13262
-9478	-1301
10805	12741
354	-9490
12049	14105
5629	-340
-10901	-3811
3290	-4411
-2088	-9380
3618	-6215
-2133	13133
5050	-8764
5404	-3728
18837	-9427
-2156	1453
-2187	880
-12104	-3932
1216	3892
-3705	-9023
5624	18067
9288	-8168
-11853	18447
13687	-9247
1799	-53
11645	-269
12691	-9337
-7480	-6419
1225	-5258
-2282	-7945
-8279	3590
-1312	-8549
-5456	18749
-5851	12093
-3184	18330
9297	16027
16395	7395
9696	13211
13212	-5717
-903	-9416
-2210	-8415
10006	-9455
-5213	-5599
-1698	-9227
7160	-9466
834	-7933
179	18588
444	9387
-1936	-9400
466	-2779
6244	-8886
-9236	-9274
-1666	11387
-18870	15623
-2820	-5929
7155	-7796
-4715	-8172
89	7010
-17433	-8341
13710	-5901
-8284	-195
224	-8780
3205	15914
-16028	-8333
-836	-8757
15272	4645
565	-9157
3312	-8933
13827	-7764
-21052	-2391
-18587	-9223
6935	-9388
7272	-3564
-10960	10576
1660	-2524
11595	3935
-8580	-7607
-3741	-1265
9400	19581
3106	-8788
-11471	319
10370	4465
2253	10509
-20554	3422
-2941	-2532
10320	-9459
-4643	20836
-12966	18039
-2977	-7878
2069	4845
-2120	-6415
-6744	20577
7977	-9349
3941	-7356
-2600	-7502
1638	-9494
-21573	14062
16965	4147
-12935	-2505
11609	-6827
978	-5027
-8634	-7800
18181	-9333
5490	10270
-2201	13348
13616	15215
15007	5634
-15656	-9078
-8423	1480
-13343	-9517
7752	-6713
-16217	2202
7896	-1963
-3557	1912
-7444	-9451
-7004	-7325
10657	-3881
23317	-9412
1566	10783
15937	-7231
-11144	25025
-19759	-8184
15613	19459
9198	-4862
-14246	-7784
5517	-2364
-8410	9175
2536	-8282
14073	-9176
-8863	-8074
7860	23981
4798	4288
7604	-8639
3214	-7043
11874	-5999
-8594	11811
1315	-7682
4542	-9290
-14439	-8349
-611	-3838
-5002	-8541
15093	-6925
6320	-8180
1404	-8529
-10632	-8753
16255	-8768
-8217	11768
-9321	-8160
-6205	25511
3119	-7278
-10699	-5635
19730	-7705
7425	-3572
-6488	4598
7856	-8529
-15265	20059
-2564	-8737
-14466	5438
8246	-9282
5984	-8611
-12042	-2352
-10515	25154
-18506	-7549
-11386	-5489
-3916	-9314
-670	-6254
-14924	17239
-827	-7317
-13052	-3619
8134	7328
6019	-7505
-3916	7065
14635	14635
-8764	-5050
102	22318
16983	24323
-14026	-540
-8055	19204
12430	-9031
-6394	-6529
-2255	6520
3420	-9015
2908	10328
-4585	-6607
-827	-1505
-20841	29378
-8001	13607
-822	-8835
16354	-8215
-118	-9172
-4365	-2834
-1936	-8129
-14179	-8831
6311	-9521
-18915	12078
-13968	3484
-14425	11917
-10758	-8913
-14789	-2371
-18021	16380
19393	16435
-19018	-9357
-7063	26499
1503	-6490
-9052	4045
4771	-5874
-7759	-7094
3443	15816
-8154	12501
9557	8493
-2937	5649
15559	17227
-15422	6093
-3247	1480
-5334	-7125
-15548	-8635
-3337	-7270
-7763	-4654
-6587	-8957
5876	-9227
9849	-7125
15744	-9365
-10327	7187
1876	-5897
11770	-3403
-16666	-9380
1979	13486
9458	29566
16210	100
-5864	7265
10046	-8800
10823	-1387
6055	-9514
15039	-7380
3285	-1999
10046	-7074
-16657	17961
19537	11411
-4073	-9525
-2789	-3458
1925	11219
-11799	-8278
6437	-9396
-15193	-8823
-11166	-8862
7519	-5556
13732	13462
11860	-9427
12085	-4030
-1788	-6784
-11067	25040
-16993	8167
3995	-8525
14536	-5564
-16275	-8090
2527	3422
-11337	13549
-16693	-5560
-149	3214
-16266	9599
9903	2888
13153	-685
16224	-8560
3398	-8737
-15454	11736
9158	27280
-1595	-9015
-9159	-9106
6109	-8733
7366	-1014
-13599	7822
7241	1406
7856	24597
-1514	-8235
6432	4967
11034	-4858
-3233	-7960
9651	-2575
1974	-8459
3492	20393
7443	12862
-1289	11909
1377	-7607
12376	-9455
5472	-9286
-16468	-9435
8807	-6105
1665	-8812
-7144	23001
6652	15694
-903	-9192
-2376	-8388
12008	-8623
-16239	-8894
13575	18659
7609	-6635
-10834	10752
816	5379
-17694	10023
9000	-8262
-14039	16270
-13685	-2960
-2677	18671
8094	5571
-4535	-8572
-14394	8685
-16922	4994
2405	2986
-3494	-7207
7981	11842
-16271	-8937
1763	-8094
-5379	13960
-302	-8529
-10084	-3179
8978	13843
-5236	-9466
17	-8757
4551	13650
3088	-7792
-8455	-2599
14487	-8717
-5011	-6819
3407	-9447
7887	26225
-5213	-6968
8291	-7431
5368	-4521
-18021	11301
17382	10721
4502	6822
6567	-3175
-12540	-9423
-2344	6853
-9770	-9188
5113	10281
-4315	-2415
3101	5057
15093	-8560
-2964	-8917
8233	10430
-7377	4888
6320	17506
-8688	8230
1431	3700
16507	-9451
-6506	-7682
-8221	876
-8208	5006
-10205	22260
6082	-7576
-1393	8587
-7979	-9180
10356	-5223
1449	-6721
5638	-7631
-5689	-9474
-5896	-9133
5916	22856
5804	11403
-15157	-9404
-6484	10921
-8172	4747
1198	-8262
6778	-3858
-7727	-9278
2720	-9298
5651	-8133
-13523	16180
-15346	-4921
3258	15172
-7139	-8447
11214	-5187
10262	-6560
-10322	-1297
-18327	-9341
937	-8219
8583	21087
-18075	10262
14078	20620
10213	2
-5671	9034
583	633
-10847	6716
1297	-9314
7968	-7313
-9043	9226
-1631	-8631
-11732	-9059
5835	-9133
16992	-9078
4192	-6662
-9725	6697
12466	-7376
19268	9152
-652	20071
-13110	-8921
-11153	14658
-20491	-7674
10877	-9372
-5357	11172
-5348	-8831
4767	15188
-14565	8638
-9070	-8325
11357	-5042
-6596	-3215
-6282	-6395
-5370	-8906
18675	-7458
11555	-9047
75	-2493
7586	-8196
394	9152
8318	7163
15030	-4238
