-21336	-3621
2600	-5616
10359	6792
2199	7123
4257	10534
6115	6780
5084	8147
-22340	9152
-915	6049
-3509	9243
1506	-13656
-2603	-2757
9308	-13371
11921	-1158
345	9274
11413	5471
61	-4900
829	10176
9579	7386
11508	10983
8564	10740
6009	-11513
6292	-19938
-742	-1036
-1572	-14349
-198	-12343
-17042	-16824
10351	9563
1160	-14783
5100	9586
-5323	10770
-1466	5227
8327	1100
12976	8090
-18955	-20501
6056	-22119
12220	-13816
10075	7431
11496	-1797
7119	8935
-19726	-12548
7961	1226
9713	9255
9595	5090
46	-3598
9095	4854
11591	6255
-14215	10028
10953	10496
11221	10587
1837	-15240
-19254	10488
9713	-16706
11402	-16873
2451	-9133
-10181	10968
11862	-156
2506	1774
-12464	10991
-3548	9940
11461	5768
1348	-4877
12338	-2551
-12027	-518
-9543	-17224
-21230	-5501
-261	-10146
1860	10443
10276	-21480
9556	-1409
1124	1888
10185	7347
-13444	-1508
-13279	-16481
-19344	8946
-12440	-20924
11650	-21868
-18041	-16119
-22300	10770
-600	9925
-3158	10016
-1336	-10420
6670	-12998
11898	6156
9902	-18480
3655	849
-13	9552
-4363	2299
-16085	8048
5391	8912
9697	4637
-4056	10793
9485	6643
-13160	9769
-1844	-2764
11059	4283
-17211	-14555
10020	3495
-17514	-9217
-5560	10542
10610	9700
-12853	4580
-14377	6034
-1454	-4489
-12523	10245
475	10016
5312	9616
11248	-8307
10854	-19447
-17774	-19839
6387	9700
1041	7751
1537	1130
4462	-8741
10335	8954
2427	9677
3726	1728
-2816	3510
368	2261
8564	-3370
2829	-17201
-151	4899
-13900	-2787
-10161	8855
-18899	-16584
-5969	-370
-285	-13972
10233	9971
5273	-156
11390	-6746
10351	9845
-3832	4169
8693	-1850
-2422	-6952
-954	-16024
-1230	8048
6576	10694
-860	9369
9001	-8147
-2958	9083
-5087	-21640
7355	-19839
-19915	9826
11693	5950
9792	4637
-19498	-17566
12960	-7614
-15558	9757
11260	-5524
2002	10656
-6174	5410
-13074	-21217
10229	-3370
-978	9186
10051	2809
9863	5341
-19679	8261
-2635	6369
-12751	-1306
6906	-1477
-12310	10176
4958	-2117
11532	-5113
9721	826
-269	5912
11862	-271
10571	6666
-12125	9902
10288	7667
-616	2939
-12598	-27
-5001	8056
12582	-1919
11614	6746
6422	3860
4320	2185
10681	-19131
11953	-10550
-13432	10511
9001	6803
5391	9575
-13247	-804
7615	9312
-12275	-2376
-7862	-5787
5997	-2505
-11909	7637
7757	9502
-9271	-20646
-1430	-15788
7875	-6061
-9645	8604
3206	8162
7654	-632
-2367	-4885
-7449	4682
-13271	6110
6481	9655
10217	-1135
-12109	9780
-11401	186
947	7100
7757	4861
1986	10256
7025	10899
4328	677
-2556	10336
-10999	-1820
4446	6540
510	8718
-1120	-21982
9721	9141
7985	7622
6033	-2974
13232	-693
11032	-6891
11213	9403
-2934	10039
6103	-12685
-1596	-2307
-9996	9856
10311	3963
-923	11326
9760	1328
1821	-15050
1207	11097
-3013	9814
-10440	9038
-14688	-10976
-16447	1728
-12806	-21137
2380	3632
-15243	-10976
-2686	11432
-13011	5493
-19018	9186
-5725	-2125
10587	9045
-8783	10016
-1419	-21842
4470	-11650
-486	4953
-3985	-13222
8599	2893
-11956	-4131
-7378	5471
-1820	4511
7910	10009
2281	-1820
9721	9552
7442	-7843
-482	-14501
9949	-17376
-3040	-15491
510	-10565
-2257	506
11961	10473
-7181	133
-5465	10062
-7500	2215
-6799	6392
-14495	7979
10185	-11772
-2068	3327
-978	-5947
-21667	9872
10311	9826
4163	-20243
11579	5295
12063	7751
9981	-4298
-1454	-7135
1348	5516
-5473	-2174
10976	-13702
-7225	-3861
-7307	-1043
2459	10976
11874	-1508
-13279	5958
3265	4717
-17093	-15868
-13845	10313
-20588	7271
10713	-8604
10658	-22965
4934	6403
10114	8558
-13562	9655
-15955	-16881
-2910	10816
9784	10382
7300	-14600
-18010	4591
8587	-2444
187	6335
10492	-3507
-13550	-8045
-592	8969
-2296	4214
9996	9038
-2115	10370
6233	7123
624	2901
-1513	-16805
9996	-13770
-13562	278
-12228	7827
3490	-15971
7914	9529
9579	10405
-21029	-4512
11496	-22413
-8618	1682
-663	10450
-1324	7644
-12798	10328
-17313	-16565
-9319	1092
9674	8604
10929	10085
-17715	10085
-10468	-18126
5415	-1873
3265	-1546
10240	-5684
6954	8688
-20895	6118
-1348	-255
10146	-2026
10906	-21868
-15857	9266
-3961	5181
-4977	-12149
-16164	6689
-14475	-12411
7796	7271
10965	4705
11602	3677
6281	-2688
46	-15971
11366	4294
-2934	7031
9910	3715
-22942	10443
-1549	8090
11201	-14456
8253	9708
11484	-5776
3431	476
10854	-11680
-11893	4637
-14924	8550
-3178	7979
11602	-2170
3002	5158
8434	-20132
-12558	-3895
1337	-16382
11319	9902
-21249	7191
-14605	-15651
9642	2196
-14731	-12617
-13192	3441
-3147	4976
10666	-19051
-403	-13336
9886	-20387
-1182	9552
12409	-2665
-7343	-1900
-15471	-13999
-9945	5082
2380	10222
7591	-210
-1938	-10805
341	-5197
1915	10031
-2068	10359
-9567	2082
10233	-2140
10303	-12274
9327	8250
-17845	9666
11295	-17810
-4859	6719
-1454	-1363
2238	7614
-16117	9449
-4044	-13953
7615	10953
-15136	-5878
-13562	10176
-6457	5745
8788	2299
3809	6997
-19403	9826
10099	7553
-1572	9655
8182	19
9166	2002
-14357	10770
11012	-15845
10547	-18114
427	-8764
10610	-13142
11260	8901
3879	-17376
-7477	9278
11366	-9678
1301	-941
-10913	9460
7639	9666
10146	6757
4352	-21526
11768	9940
-14152	-22150
-18474	5581
-18120	917
8528	8844
-1655	10306
-21737	6700
11886	9940
10705	5684
-9405	-8193
-15601	-20696
-439	7302
-23123	7804
10571	-19474
9335	10580
5525	-13919
3903	8170
-7189	-826
9272	-14456
-6847	10930
8009	-2414
4824	4877
6670	5113
-15794	4214
-2863	10519
376	9449
616	8764
-15290	-2779
9579	-19816
-10622	10899
-23993	-16394
-340	2421
-5001	-15960
4895	9083
11508	2802
7898	7108
2498	-14296
-13389	430
-600	-13234
-25	-1820
-222	7393
-22694	8855
-15317	-1089
-380	10031
6210	10473
-11165	-305
11378	-8867
-13279	8413
-14924	-2163
-16258	9045
9886	10073
1726	4020
10976	8695
-3406	9221
-14652	-17863
5383	-18286
-9838	10785
-891	7957
-8665	506
-14373	9700
8446	118
10831	-14737
12031	1328
-11456	10123
10004	-17010
4234	-2551
5737	8855
12228	247
-16416	-12586
1313	-5422
1325	-5570
-13979	-15507
10477	9426
9477	3632
11354	8436
-17703	10245
8135	8969
-6252	-164
12480	8889
4092	10656
-214	10199
9119	4968
8422	-12343
-5052	10256
-1033	-3073
9933	10542
10713	7941
10953	636
-14558	-1226
12409	8444
10122	-17734
10760	8855
3183	8033
10051	6963
-13727	-14296
-7225	8474
10618	-746
4226	9232
-8736	-14136
-14731	9266
-17089	301
5808	-13401
-167	4351
-12645	-9080
10158	4157
2116	4443
-11645	9879
-568	-18137
-9496	-16767
10374	-14600
9981	7134
-340	7043
-22458	10077
4682	-16040
7820	-4260
3915	-17962
4210	-11444
-14924	8688
5985	7827
1868	9061
9091	11021
2167	-14543
11874	6072
-5796	8459
11378	9369
11295	-5798
10067	9712
8398	-12491
9839	2094
6080	6872
-14652	9826
-12050	-10199
-23048	10511
687	9026
5710	6552
-14058	-14737
10146	7386
-13019	-11673
8410	-13428
3100	-15221
-427	8969
-1001	8672
-14699	10656
-5441	9335
11602	-13085
3112	9712
10854	9152
2104	-2254
4289	1637
-12629	9449
6588	-2764
4033	10747
11012	-3545
8386	10328
-9260	-156
10547	5927
7135	-15594
3313	8056
-1454	1568
6529	10039
-5843	6894
3769	-12906
13236	-20863
451	2215
-6658	-3522
8823	-1889
-9248	-3895
187	10214
2380	10899
-16589	-11033
-12601	9403
-13963	3860
1703	8981
6068	4591
9902	-15301
-19498	-9027
-13649	-4001
5485	3814
10028	8981
9792	-9971
-4080	3243
10894	3624
9036	-3678
7276	-1455
11591	7248
5820	9826
-687	10427
-19714	6483
9705	6769
9477	6118
2671	10854
9256	-14113
-20576	9597
5714	-12518
-624	-18217
-2824	1237
-2871	-23208
7772	7644
8174	575
-1915	8866
-23072	-15172
-13034	-883
9382	10785
-883	-11749
10209	7530
-24135	-335
-80	8101
7757	-3986
-10936	9666
12740	1405
-15290	-8216
-1655	-2650
10729	-15567
10666	-13679
-12050	-17178
9036	6746
5592	8741
9969	9780
8481	-27
9485	-1523
-14676	9643
-757	1465
522	8250
3797	10382
10587	-21693
203	-12069
-7402	-9948
-734	-678
-7461	8642
-3123	-18434
-16061	-335
-4375	-12149
416	9814
-18624	10869
-1643	6620
-1080	8832
-1856	10762
-2025	10336
-17868	9114
11402	-23806
-8114	1488
-2674	1633
12315	-11182
9308	4031
-2470	-1896
8111	8056
652	-15263
-14522	9228
12701	-19359
9201	6986
3726	9643
4816	12380
-3891	-14227
11272	-16721
-13349	-10828
-14081	10625
-10511	-21251
5915	9685
5533	438
-718	7507
-13979	-18982
-1265	9243
7969	6331
11685	7336
11272	-7234
11839	4089
-20316	-2345
-592	-1462
12016	-210
-13822	9502
8989	-1835
-12956	5699
10209	10839
8973	9563
-2792	-15415
-2733	-20326
5407	-986
-2056	9152
-13507	-19
9430	10427
-16400	3084
-4363	10016
-9661	-10976
3265	-1569
-13223	-3153
9839	9940
8253	4157
-5772	232
11720	-10192
11827	-16119
9595	10443
-22411	2581
-2733	-23680
-21454	-17612
9532	10724
-12971	-15731
982	10656
11768	-13097
-6953	-9347
-2257	10869
9437	6148
-4469	-1462
7615	-1123
-14511	9894
11472	-4443
-9763	-358
-16612	6460
-23001	6064
4021	10028
10374	10085
3407	9826
2214	-1180
7166	-1622
-4328	-7763
2884	9723
10587	-9712
-16164	10427
4801	10519
10453	-210
-3099	-762
-6457	3769
8764	2185
-11613	-13873
-10586	6712
9926	9457
-2887	2276
-17230	6552
11036	2227
-1395	-6815
6033	-20418
-2863	-18446
-72	-849
-344	-16595
-3572	-12617
8823	-21171
10492	9186
10953	7804
1112	932
-2674	-12149
11992	-11147
5297	10146
10114	1161
11484	8733
-14176	-1919
-7650	8855
12228	4397
11839	-16005
9721	-20638
9532	-3027
11248	-16805
-13314	7271
-15408	3198
11213	-3826
10705	6163
11331	9209
2518	10439
5926	10854
1372	-895
4494	-4108
11602	8048
-14019	-16119
-2391	7363
7095	-10321
9036	-13793
10406	-3925
9485	3792
