-5360	-8467
-1449	7221
-2347	10534
-8830	13971
-1473	-8467
3424	7627
9099	-8467
1252	-8467
-15437	-8467
4952	6752
-10690	-8467
10747	-4639
28004	9893
-387	10877
-12112	10580
23275	3877
-9474	-8467
-2775	-8467
-3496	7674
-6418	-8467
-7590	-8467
2146	10502
7725	6971
690	-8467
8950	-8467
949	6221
10344	-8467
-1795	12159
-8421	11627
-286	-8467
-12098	21222
26029	-8467
-4726	-8467
13587	11096
-8513	21690
-2136	6471
-8772	8252
-13539	13565
18849	6971
5067	10534
4640	6971
3876	-8467
11843	-8467
-12703	-8467
373	11799
699	7096
-6038	-8467
-11973	-8467
8763	18643
12819	-8467
-7013	-8467
291	-8467
3900	-8467
-13443	-8467
-7523	-8467
2324	-8467
-2045	-8467
-10497	-8467
11343	-8467
6634	-8467
1372	10018
6860	-8467
-3400	12159
-2737	-8467
23448	-8467
-12011	-8467
-16432	18643
8926	-8467
-9474	10955
-4726	-8467
-17681	6221
4717	-8467
-6172	5752
1997	-8467
6754	10752
-7979	13081
4524	-8467
-5149	-8467
-7701	-8467
-11329	10018
19565	-8467
959	-8467
-8325	-8467
-5894	-8467
-10939	-8467
3424	-8467
-13823	-8467
-15975	-8467
-16360	-8467
-3986	6315
-10690	11534
-12444	-8467
26086	-8467
10262	12174
6504	6752
1550	-8467
-7431	-8467
20882	10877
14356	7221
867	-8467
-4303	-8467
10176	13565
-15610	-8467
-16533	-8467
10598	-8467
3780	-8467
863	-8467
12021	-8467
3784	-8467
-3217	11080
-12150	12315
-10589	-8467
-12641	-8467
13746	8877
-1362	-8467
14409	-8467
843	11034
-4087	-8467
-7734	-8467
-2972	6971
10464	-8467
-10694	7158
11579	-8467
18484	-8467
-12150	13096
-848	-8467
-6369	-8467
-2304	-8467
18532	11299
1766	6486
-6788	10065
-8292	-8467
5413	-8467
-3313	-4639
-11132	-8467
4832	-8467
9344	-8467
-4087	17425
9868	12174
-4668	2627
2958	-8467
-3409	10580
-2088	-8467
12165	-8467
1185	16674
-1449	-8467
-4500	-8467
-1641	-8467
-10589	3408
14597	-8467
10185	11487
7119	-8467
-2631	11034
-18508	-8467
-1434	-8467
3635	-8467
-16615	-8467
911	-8467
5067	6236
7187	18831
2842	-8467
3780	-8467
-8479	11534
-310	13846
8008	-8467
5077	-4639
-11795	9893
5264	-8467
-12122	9190
-7359	11518
15216	9033
-6836	13877
-9032	3721
3837	6752
-9815	10127
9517	-8467
-6994	11190
15586	-8467
18638	3877
5913	4971
2131	-8467
11050	-8467
7691	-8467
-8695	-8467
-5841	18471
8484	-8467
-11564	-8467
9243	-8467
-1391	-8467
-14640	752
-2439	-8467
22252	6565
-6225	10018
-2496	11080
17590	-8467
-15130	-8467
-353	3346
27494	-8467
-17287	18471
-17009	10534
8349	6643
-6369	13565
-1502	10002
20368	-8467
-7258	-8467
4082	-8467
8369	10596
-6840	-8467
26029	10955
-1449	-8467
2175	-8467
-2381	9659
-10493	-8467
-9301	-8467
3131	-8467
377	6221
-8354	6221
-2362	18753
21718	-8467
9527	-8467
-7254	5908
-1112	11080
-2218	-8467
10699	-8467
-13265	-8467
5130	-8467
2131	-8467
11636	-8467
-41	3783
5024	10580
13040	-8467
-2400	-8467
8008	-8467
-1276	12174
8806	-8467
5149	-8467
377	-4639
-13933	3564
11113	-8467
-16802	6471
17047	9190
-6355	-8467
-1747	-8467
16884	-8467
5678	-8467
-2631	-8467
13645	3877
1905	8252
-12256	-8467
-7013	-8467
-752	12471
-15543	6643
373	13971
-8325	-8467
-4899	11534
-6480	-8467
3246	-4639
-10915	16518
18128	10924
-8888	5205
3020	-8467
1670	3877
-3693	-8467
-16946	-8467
-14567	10018
-20046	9893
18556	17128
-7840	-8467
-7624	-8467
-6403	-8467
-14510	10752
6230	-8467
-6062	-8467
8003	18643
-11694	7143
-5139	18753
11867	5643
8907	-8467
-8570	-8467
-2871	-8467
-3433	-8467
8042	-8467
5139	6486
17047	-8467
-12256	-4639
-6187	-8467
-1449	-8467
-10589	6643
4082	11627
3323	-8467
-1617	-8467
-3347	-8467
2098	11127
-5432	-8467
-6110	17628
3832	-8467
-3630	-8467
-2559	6752
-5740	12159
-6816	-8467
2929	-8467
-13419	17628
18426	-8467
24832	-8467
-16821	10002
6240	13971
7119	-8467
810	10018
-6028	-8467
3780	-4639
15351	12940
-646	-8467
-11002	-8467
24832	6486
17888	-8467
14231	13846
7384	6221
-6869	-8467
5207	-8467
-4399	-8467
1838	18878
21238	17628
10632	10502
4447	-8467
-8950	-8467
-13755	-8467
4178	8252
-353	-8467
3020	6221
19085	-8467
19186	13971
12564	-8467
-10666	-8467
5096	-8467
-440	13565
-6836	11080
-1776	8252
5543	9596
4736	-8467
1257	-8467
-7715	13565
-1968	-8467
23155	11096
4717	-8467
-14572	-8467
-795	-8467
-12439	-8467
2540	-8467
-6369	-8467
16509	-8467
-3092	-8467
19714	-8467
-6538	7143
2045	17049
2468	10018
-15682	-8467
-915	-8467
6826	-8467
-10925	16518
9287	3721
-14346	10018
-1276	-8467
6057	18643
-13347	6221
-12198	11627
-7042	13252
15116	-8467
-968	-8467
22958	-8467
1665	-8467
8849	-8467
-1679	-8467
-3525	7221
959	10018
-10656	10534
-11564	7143
4914	7237
-13928	8908
-3726	6486
-305	10018
7802	-8467
-16749	-8467
15668	-8467
-18705	-8467
3059	6690
-1675	7143
-15639	-8467
11420	18471
-7970	6236
-680	-8467
14645	11034
-4534	-8467
-8859	5533
-2866	10065
-6345	-8467
1430	3877
-9219	17628
1958	20440
-353	-8467
-10646	-8467
21238	14346
-1117	14674
3059	-8467
-13486	-8467
14649	8096
-13486	4315
31	6690
-6812	13971
-5077	17628
-4082	7237
-2256	-8467
-14226	-8467
-9421	14409
-7287	18471
3664	-8467
11978	-8467
-17686	-8467
-12208	-8467
13232	-4639
2679	6752
14649	6471
5716	-8467
26442	-8467
23756	-8467
-4760	-8467
8470	-8467
2299	-8467
1905	-8467
685	-8467
6773	13877
-4303	-8467
16235	-8467
20257	-8467
-4870	-8467
-1910	7221
964	-8467
3198	7237
2900	-8467
-11338	-8467
15702	-8467
-5759	-8467
2083	10924
925	7221
964	18409
-2813	-8467
10233	13565
5207	9127
445	-8467
1113	12252
-7230	7143
-1852	-8467
4121	-8467
-7201	7158
-430	-8467
-7359	-8467
1194	-8467
-13289	12784
-13986	21847
-15783	-8467
-9656	13565
-15019	-4639
84	-8467
-10060	13565
-3140	-8467
11872	-8467
24832	18471
-1208	-8467
-9008	-8467
-4274	-8467
-2655	-8467
-13976	-8467
4534	-8467
-1290	-8467
-9113	-8467
19325	-8467
9709	8205
-1353	-8467
1348	-8467
-16326	-8467
-7201	-8467
-4817	6486
14649	13565
12804	22003
20041	10502
-2775	-8467
-13318	5486
-12708	6486
-14149	-8467
2410	12877
21478	-8467
-15533	11627
5067	-8467
-8763	-8467
-8715	-8467
3020	-8467
4524	-8467
6653	-8467
3131	-8467
-1780	10018
-14755	10596
-10762	-8467
-1732	13565
17590	-8467
-9815	16690
-2261	-8467
-15716	-8467
6216	11627
7163	12159
9114	7221
-5255	-8467
-2958	11221
9690	-8467
-14611	-8467
-286	-8467
-7138	-8467
2078	3877
-11939	10284
1583	-8467
-1266	17049
-4837	-8467
9099	6971
-2227	10534
22968	8330
-310	-8467
-13525	-8467
1939	3877
2083	-8467
-9032	17128
-627	6315
-6139	-8467
-6725	10580
12448	908
-5841	7237
4250	10955
-2674	5752
9056	-8467
-7465	-8467
-1526	-8467
291	-8467
-12093	22800
-15870	7237
6480	-8467
-4620	8565
-1852	11034
12501	-8467
-5639	6846
-10646	-8467
4029	11096
2290	-8467
2540	-8467
6245	-8467
3347	-8467
-12876	9190
4303	-8467
-12208	-8467
-13549	8252
-5942	-4639
-18580	8127
-14270	11096
21238	5127
-6542	-8467
-6201	10002
3222	-8467
-1257	-8467
-1891	-8467
-4885	-8467
4596	-8467
2271	3877
-9608	-8467
2621	-8467
5317	-8467
-2674	-8467
-12410	-8467
-5332	16518
964	3768
10517	-8467
6326	10002
8431	9190
11492	-8467
3025	-8467
-3645	-8467
9661	-8467
2083	-8467
200	7237
15043	6315
19008	-8467
17	18753
2593	-8467
26029	-8467
-12938	-8467
3510	19503
493	-8467
1439	10596
-1574	-8467
-15461	-8467
3323	-8467
15606	-8467
-6807	2705
-2616	7237
4779	6205
-12122	20268
-13876	-8467
-12419	-8467
-7172	10596
320	-8467
867	22784
4861	9018
-13232	-8467
2665	16221
15625	3877
5207	-8467
-3650	18753
-1208	-8467
10051	-8467
670	16518
13929	20753
21238	-8467
1305	-8467
-944	-8467
-1713	11127
867	-8467
-3409	-8467
10560	-8467
-6932	-8467
8633	-8467
-6134	-8467
-14981	-8467
-7542	17128
1583	-4639
-7172	-8467
2069	11096
-11098	-8467
9950	-8467
810	-8467
-1506	-8467
3424	-8467
-9757	-8467
6230	6221
-5360	8502
-10906	-8467
-12977	-8467
-9656	-8467
-14106	-8467
-13337	13565
11809	-8467
-6677	-8467
4337	-8467
2737	-8467
-15610	9190
-9858	11096
12578	-8467
2256	10596
-8008	10534
-11122	9893
670	-8467
-15250	-8467
-16653	17049
-6418	6565
-12434	-8467
2170	18753
4981	-8467
-6105	17128
-6908	-8467
-3751	-8467
-18551	-8467
5543	6565
-17057	-8467
-13385	6643
-13169	11127
11242	-8467
15130	-4639
-3549	9659
-12410	3564
12319	11127
-7076	-8467
-1756	16690
-6903	-8467
-6466	9221
-8320	-8467
8796	-8467
3131	10924
-7230	8237
18066	-8467
3025	-8467
-14467	-8467
906	17049
-15226	-8467
257	6971
-5327	6236
-7369	-8467
-9512	-8467
-6566	-8467
1665	-8467
12588	-8467
12698	10924
14669	-8467
-1232	8252
-2045	11034
1608	-8467
16355	-8467
-2280	7221
12285	10252
-8080	-8467
-12496	-8467
9051	10018
3607	-8467
-4961	9190
3501	8252
2593	-8467
4717	10534
-2674	-8467
-6523	-8467
-13539	-8467
19445	-8467
6711	12159
24534	9033
10680	6565
12117	6471
-3751	13877
613	6221
7460	-8467
-1208	7237
-1559	-8467
-1122	-8467
-1665	-8467
3280	-8467
7643	10018
4645	-8467
1728	5440
-14034	19972
-4039	10955
-8916	-8467
9954	-8467
-310	-8467
-747	-8467
-4303	14659
2122	-8467
-8061	-8467
9940	-8467
7273	10752
-6139	-8467
-7955	11846
-1449	-8467
21838	-8467
-10122	-8467
-15000	10752
-10545	-8467
2266	-8467
12809	-8467
19142	-8467
-3943	13206
18604	13721
-15615	-8467
5418	20487
-1266	10018
-689	6565
16591	13565
-17566	-8467
9988	13565
22439	-8467
7763	-8467
3160	10877
8883	-8467
17590	-8467
-10002	11096
26567	-8467
-5721	-8467
-5788	-8467
12021	22003
-19455	-8467
3131	10284
-14620	-8467
-15245	10877
-15130	-8467
-6427	-8467
18013	-8467
2179	-8467
-1631	-8467
-7893	11221
-16326	5861
-12679	17628
1281	11080
973	9080
-14572	-8467
-15399	18831
2155	-8467
-11708	18753
2155	10065
-146	18831
-36	-8467
-1252	-8467
-7768	17628
11752	6221
-3251	-8467
-2722	12159
1502	-8467
6033	20440
6504	-8467
1684	-8467
-1252	-8467
-5029	-8467
-3813	-4639
-5687	6221
24832	-8467
-6908	-8467
12141	17628
-1828	6486
18729	-8467
-12938	13565
17408	-8467
21430	9190
-5312	-8467
2251	-8467
11781	11096
18321	10065
-4870	-8467
-5418	-8467
12021	9893
9114	13565
11516	-8467
1194	-8467
-4322	12174
7139	10018
589	-8467
9604	18643
7533	17628
-6043	-8467
11074	16221
-17364	-8467
12525	-8467
2002	13659
2324	-8467
-12246	-8467
5716	15284
24198	-8467
18013	18862
-11146	-8467
10233	5596
-13462	18753
-1434	-8467
-6773	6315
4640	-8467
3193	-8467
25731	-8467
-15221	6221
5923	-8467
5077	15034
15971	6236
-8835	-8467
-2242	17049
-9608	13831
-4716	9190
21651	16518
-1449	10877
-10771	17628
3953	6486
2910	6221
-1324	6315
1641	10018
-10939	-8467
3510	-8467
-10416	18753
2641	-8467
-10939	-8467
-3558	-8467
-7162	-8467
-7076	-8467
-550	-8467
1728	3877
1934	-8467
7177	-8467
9806	10752
-2501	10018
-10060	-8467
-12737	10580
-5370	-8467
13996	-8467
-15322	-8467
-3558	-8467
464	17159
3059	-8467
320	-8467
-12146	13909
14058	10018
15212	-8467
-9743	10596
-5692	-8467
15553	-8467
4976	18831
9945	-8467
10824	17003
-310	-8467
12165	12159
-3352	-8467
11632	-8467
-4039	-8467
1785	-8467
2862	-4639
-3837	-8467
-8186	6971
-8354	-8467
-1257	19487
-7359	6377
8537	10502
6000	4971
1319	-8467
-2453	17471
-10219	-8467
1425	-8467
11603	-8467
3909	7237
-2674	3877
-13784	-8467
10598	-8467
-5846	10752
-1651	-8467
-12049	-8467
-11060	-8467
-8585	3877
-7033	6971
5678	-8467
-13587	13877
-3606	4986
6230	-8467
13756	5596
-17311	7221
4645	-8467
-13981	-8467
2372	-8467
10858	22003
6932	-8467
-3726	-8467
11420	6971
-6254	-8467
-1232	7221
6571	-8467
-5793	-8467
11809	19987
-9950	6471
-5298	-8467
5024	11096
11785	-8467
2838	-8467
1905	-8467
14332	-8467
-12761	3877
-276	13565
8349	-8467
-16048	-8467
-1852	-8467
-2304	9659
7874	21987
17047	-8467
-12468	18753
23073	-8467
-1824	7221
-12583	-8467
-13981	-8467
-6206	-8467
-6749	5049
17408	-8467
-11160	-8467
5279	-8467
10719	12409
-8378	17128
-1655	-8467
1137	-8467
12045	-8467
925	-8467
-12559	-8467
-14149	-8467
-5327	4346
8008	-8467
12381	12174
3534	18831
-11045	-8467
-13606	-8467
-7359	7237
-12468	12159
-2910	3877
-2357	-8467
4073	10924
1257	20284
3659	10534
-13385	-8467
7883	-8467
13876	7221
-7196	-8467
12453	-8467
6004	6486
3486	-8467
-7821	10534
-17321	11127
-13347	-8467
10944	-8467
-8402	10502
-2141	-8467
2199	10018
14169	-8467
-3847	11096
12458	-8467
3717	-8467
-11122	10752
9757	-8467
26029	-4639
-1713	-8467
-14149	14971
-8301	10002
-12818	-8467
9998	10018
-3212	6486
-8546	-8467
-14279	10955
-8008	6971
1252	10018
9123	-8467
22674	-8467
17408	6236
-16845	-8467
5264	18753
-5740	-8467
9806	-8467
7710	-8467
-4202	6643
27	10752
589	10065
-3948	-8467
-4784	-8467
-1689	10534
-4116	-8467
