-3083	-1259
5989	-2469
-59	-2469
-3083	46397
-12155	9660
2965	-12171
12037	-3364
18085	21431
-3083	-1045
-9131	8586
18085	15008
9013	-12099
-15179	-3543
5989	1096
15061	3237
2965	-11741
2965	-12457
-12155	11442
-9131	4168
-3083	2808
2965	1777
-59	8586
5989	3559
9013	10018
27157	-3543
2965	-12457
36229	-8462
12037	29
-59	1454
5989	-687
-3083	-9286
-21228	-1753
5989	8944
-3083	7590
-59	2170
-59	12015
-59	-13138
-3083	23571
-3083	-14133
2965	8586
2965	13225
-6107	2170
2965	-1753
12037	20715
-3083	5915
5989	-4682
18085	4805
-12155	7161
-59	7948
-6107	6910
-9131	18216
9013	-8892
15061	3345
2965	-1753
-3083	-14312
2965	14901
-6107	9839
-6107	10798
9013	-3543
2965	7519
-59	-8283
9013	-12887
-6107	3846
12037	-1045
30181	8092
2965	-7109
-18204	-13882
-3083	6445
-3083	-11741
-9131	9660
30181	1096
-12155	738
-59	-2899
2965	-8176
2965	-1045
-59	-12099
-6107	9660
-3083	-7181
5989	16648
9013	-13173
-3083	7805
-59	273
-59	-12278
-12155	-1045
-15179	-5255
-9131	-4324
-3083	12259
5989	5378
9013	54961
-15179	-1474
-12155	4662
5989	-7252
2965	1454
2965	-11741
-59	15402
-15179	-10245
-15179	13941
9013	7877
-6107	-6035
-3083	-10317
-3083	1633
-59	-1188
-59	32163
12037	-5684
-3083	-9250
-59	738
-6107	-8749
-3083	-11391
15061	-9994
-3083	-5040
15061	-12457
15061	1812
-9131	-12815
-3083	-2111
18085	380
5989	-6250
-3083	-3185
-59	-10317
2965	-11391
-6107	11442
15061	-5004
5989	173
-6107	11442
-3083	-11741
-59	5879
2965	-11033
-59	18932
15061	-42
9013	-3185
-3083	1096
-9131	-15207
24133	2879
-3083	-16059
-12155	13941
5989	-8355
-3083	738
9013	-10675
-9131	12158
-3083	-937
-6107	1454
-3083	-13173
-59	-16166
-59	2521
-12155	7519
15061	380
2965	-14240
18085	9982
-59	2557
-59	-8892
-3083	-6393
-59	7877
-59	2206
-3083	-4252
-9131	18216
-12155	4304
-15179	-14527
-59	23571
2965	-2326
-6107	-8176
-3083	6237
-59	-5892
-18204	-12099
9013	2808
-6107	8800
5989	-1582
2965	-12672
-12155	-14240
15061	-9393
2965	-15314
-59	4662
5989	-9608
-3083	3774
-9131	13941
-9131	13189
-59	26743
-3083	1812
2965	6094
-12155	-5541
-9131	-11741
-12155	8944
-3083	-9780
39253	-5434
21109	-2469
-6107	-5648
24133	-6321
-3083	2521
2965	1096
-6107	3882
-6107	16433
21109	-4789
-59	-8176
-9131	23070
27157	-15665
2965	16505
-59	11084
-6107	8586
-59	9839
-3083	11263
-3083	101
-12155	15366
15061	-13531
-6107	-12099
-6107	-8963
-59	1454
-59	2170
-6107	-13739
-9131	2170
-9131	2879
-59	11084
-9131	-8104
-9131	-16095
5989	2170
-59	4304
-6107	-4610
-59	-13245
2965	-10424
-3083	5020
-59	4304
-15179	16612
-3083	1096
-9131	-2863
2965	4168
-3083	-6751
5989	8944
27157	-6035
5989	22999
-3083	11156
-9131	2879
-9131	1025
-6107	-8892
5989	-6321
-18204	8586
9013	-5505
-6107	-9608
-9131	-14240
-3083	-13173
-3083	11872
-9131	1812
-9131	-3894
-18204	559
-59	-1045
2965	-9393
-12155	16863
-9131	-5326
-59	27459
-59	-687
5989	5987
-59	3595
-3083	-3543
5989	-5290
-9131	9910
-3083	16433
-59	-9178
-12155	738
2965	380
-12155	-12064
-6107	524
-6107	-7002
-59	-1753
9013	4662
-3083	7877
2965	-14598
15061	-3185
-59	14650
36229	10726
-6107	-7109
5989	-1045
-6107	-13317
-6107	6910
-3083	5342
-6107	5629
-3083	-10317
-59	-3185
18085	12158
5989	5378
-12155	20077
18085	1096
-3083	14013
18085	309
-6107	-13882
5989	-9250
-12155	-15099
-3083	2593
-59	3022
-3083	8944
9013	4555
-59	9946
2965	-15601
-3083	15724
5989	8228
-6107	6094
18085	2521
2965	-5398
-6107	5736
-12155	-1367
-12155	-9429
5989	3953
-9131	5306
-59	10547
-9131	5056
9013	-2827
-3083	738
-3083	738
-6107	7519
-18204	-5684
-6107	-5326
15061	-14025
-3083	-9851
-9131	-11212
-3083	1096
15061	-2004
-59	-5255
2965	-11741
2965	4096
-59	7519
2965	-11283
2965	5020
-3083	-12422
-6107	17865
18085	-1753
-3083	3237
-12155	5987
-3083	7268
-3083	-10245
-9131	-4252
-6107	667
-3083	21073
5989	3416
-3083	4376
9013	1848
-6107	5736
-6107	-7818
-59	1096
-12155	25820
9013	-4968
2965	-7109
2965	8621
-12155	2879
-6107	1633
-9131	-3615
-12155	7304
-3083	-14598
-3083	-11741
5989	-1753
-12155	-5255
-9131	5163
-3083	29135
-6107	7877
-6107	989
15061	810
2965	-3715
15061	-3508
2965	-4181
-6107	-329
-3083	-8355
-6107	738
-9131	6803
-12155	-7610
-12155	-1403
-6107	21073
-12155	4519
15061	989
27157	14292
-59	18860
5989	-16023
-6107	7161
15061	-6751
-59	-11391
24133	-3185
2965	9660
-12155	380
-59	-9959
-59	-12815
-6107	-3615
-12155	6445
-59	738
-12155	9194
-59	4304
-59	-9321
5989	11765
-3083	-8749
-59	-2469
5989	-14598
-59	-10352
-3083	-12135
-3083	-11534
-59	12509
-12155	-11247
-6107	14292
12037	3953
-6107	9695
-3083	3595
2965	-10854
-15179	-5362
-59	-579
-9131	4304
5989	14292
-6107	24996
-9131	15366
-12155	244
-59	7161
5989	-4861
-9131	2700
-59	4662
5989	-15808
-9131	1204
-6107	-11741
-59	-5469
-59	-11641
-6107	6803
-6107	29
5989	-4252
27157	-6644
-59	5736
-6107	2485
-3083	-12815
-59	-1403
-3083	-2613
-59	-7109
5989	-257
2965	-4753
-15179	-7109
-59	17149
2965	2521
-3083	-4968
-6107	-11391
-6107	8586
12037	-11176
24133	-9250
12037	-11391
-15179	2450
-3083	-12314
-3083	-4968
-3083	-6393
-12155	5736
9013	-10854
-9131	-11391
9013	27531
-3083	-16131
-59	7519
-12155	-9608
2965	-8534
-6107	-4324
2965	25354
-59	11442
-3083	14292
-3083	-5684
-6107	-3787
-6107	16082
-6107	-13882
-9131	-6107
-3083	18574
-12155	-12887
2965	11657
-59	-2827
15061	-5784
2965	-9959
-9131	3595
2965	-2111
-59	5808
-6107	-5784
2965	8228
-59	-16381
30181	1454
-9131	-13882
33205	4304
18085	8944
-6107	-15665
5989	5342
-9131	-11068
-6107	26135
2965	2170
5989	13046
15061	-6751
12037	-7109
12037	-7395
-9131	-12243
-18204	12545
33205	3237
-59	1812
-6107	2736
-12155	-1403
-6107	5736
-59	-3329
-59	-3185
-3083	-10675
2965	-3042
-59	-7288
-12155	-8641
-12155	11693
21109	21681
9013	-4252
5989	-6178
2965	-3257
-6107	-1753
-59	-6858
-9131	-3615
-3083	-3185
-9131	2879
30181	7877
9013	-15207
51349	10333
-6107	25032
-12155	2099
-59	-6751
-59	8586
-6107	-973
-3083	-11391
-59	-5684
2965	11800
18085	-4610
9013	-15135
-3083	-10675
-59	-15243
15061	-3185
-12155	-2111
-9131	6803
-15179	3953
2965	5235
-6107	3953
-59	3738
-3083	-7360
-6107	-12457
-6107	14435
-6107	-9994
-3083	9015
15061	-12529
-59	6445
-3083	9302
-3083	3237
5989	273
-6107	-2111
-3083	-6393
9013	-7109
27157	-2756
-3083	-2111
2965	-6751
2965	-5398
-6107	10726
-3083	6624
12037	-6178
-59	3595
-3083	-7646
-59	6302
2965	8586
-6107	-4610
-9131	13225
12037	-6536
-6107	-9357
-6107	-2827
-59	3882
18085	2170
5989	7161
21109	8163
-3083	6094
-6107	-2827
2965	-15665
-6107	8228
18085	5736
-3083	-4252
-6107	-12457
-3083	-16274
-3083	-10675
-12155	-10567
-12155	12194
-3083	1454
-3083	-3221
-9131	-10317
-12155	7125
-59	13297
2965	-13882
-3083	-8426
9013	-16166
-15179	5020
2965	1096
-9131	-364
-59	5736
-6107	137
12037	738
9013	5378
15061	-8999
27157	6373
-3083	40154
30181	-9357
-9131	4096
-6107	-7324
-6107	-13173
-6107	-1753
5989	22855
-6107	-8212
-12155	6094
12037	15724
-9131	19147
-6107	-14956
15061	5378
-3083	21789
-3083	4304
-9131	-7467
-59	-11283
-3083	-9744
-3083	-12744
-3083	9839
9013	5736
5989	-7288
-59	6445
-15179	-7324
-6107	-4968
-3083	-2111
-6107	33202
-18204	11693
-59	-6536
-3083	-42
-3083	-9250
-59	-6715
-6107	7877
-59	19290
-9131	4240
24133	-1689
-6107	-687
-3083	8056
-6107	3237
-6107	1454
12037	23750
21109	-4825
9013	-15457
-12155	29
-59	1562
2965	-3257
2965	20357
-59	-13811
-18204	-5928
24133	2521
9013	-9500
5989	21180
2965	8944
-6107	-9250
-3083	-14169
-15179	8908
-6107	-13245
2965	7161
-9131	-13703
-6107	-687
-3083	6094
2965	5772
2965	7519
-59	5736
12037	-4753
2965	-9608
-9131	2170
5989	-2398
-59	11657
-59	-7467
-3083	7340
12037	2879
-12155	-11605
-59	5736
-59	2879
2965	-7037
-59	-10317
-3083	18574
5989	-8212
-59	16791
-9131	-2219
-3083	-4968
-6107	2664
2965	16154
-12155	17507
2965	-15665
12037	4304
-59	9803
-59	-329
-9131	-8892
2965	-11741
-12155	18574
-12155	-6357
-3083	-14598
-6107	-9851
5989	1096
-59	-9887
-59	5378
21109	-1045
-6107	3094
9013	8371
-59	14292
-18204	-8534
2965	-687
-9131	-830
-59	5736
2965	-11741
2965	8092
-6107	5736
-9131	26070
-3083	-9142
2965	-2827
-6107	-14956
-12155	9015
-6107	1454
-3083	-7467
-9131	2736
-3083	8586
-59	6803
-3083	-7360
-59	-6715
12037	3595
-59	-10889
-59	-15135
-3083	-8892
-59	3953
2965	-3615
2965	22318
-59	-4610
-3083	18932
-59	-14133
-6107	244
-3083	-7431
-3083	-5326
9013	-6751
9013	-2827
12037	-7746
-6107	-2827
27157	-5684
-9131	380
-59	-8641
2965	-12457
-3083	-10317
9013	-14598
5989	-6321
-59	-11033
-3083	1562
5989	1096
-6107	10018
2965	5378
15061	-4252
-6107	-12099
-9131	4769
-3083	-2720
2965	6022
21109	-7818
-59	3953
2965	-1403
-59	7877
-59	3595
2965	-150
51349	6094
-12155	-6035
-3083	7519
-6107	-472
5989	1454
-3083	-4753
-3083	29
-3083	-3894
-6107	6094
18085	5521
-3083	-11391
5989	-7818
5989	-13173
-3083	15080
39253	380
-59	-3185
-3083	3559
21109	-794
5989	-12171
-18204	-5856
-9131	11442
-59	16433
12037	1204
-9131	380
2965	738
-3083	7161
-18204	-4252
-59	3595
5989	-8534
-59	-3114
-59	1096
-59	-14598
-6107	-9959
-3083	-6715
-3083	30703
2965	-12815
12037	-8391
-3083	-11741
-59	-1045
9013	9731
-6107	11442
-6107	16791
-3083	2170
2965	6094
2965	6803
9013	10977
-9131	15581
-6107	9660
-3083	11442
-12155	-5684
9013	8228
-6107	16827
-59	-12099
-3083	-7109
-3083	7519
21109	-9250
5989	1096
5989	-4610
-59	-3615
12037	-9250
9013	-3543
-9131	-13739
12037	-10317
-59	-11741
-59	13225
18085	7447
-3083	13225
2965	-7818
-15179	2521
-3083	6624
2965	-2326
-59	11442
2965	5843
9013	-10782
5989	-3185
5989	-12636
15061	15008
2965	4240
-3083	6094
5989	9230
5989	22147
-59	-12959
-6107	10476
-59	-10496
-3083	-13531
-3083	-8176
-18204	13225
9013	8979
21109	-4897
-12155	-4610
5989	-8534
9013	-9608
-9131	2450
-18204	-14562
18085	3953
-3083	9266
-3083	-6393
45301	-3543
-6107	-13954
39253	3917
-3083	3953
21109	-3894
2965	-14240
-9131	3882
5989	-14025
-59	9302
-6107	-1753
5989	-10496
-6107	17507
-6107	-4610
-59	-16381
-3083	14292
-9131	738
-3083	-8820
-6107	810
-9131	8944
-18204	-5684
-59	738
2965	15545
15061	-6035
-6107	10870
2965	10547
-59	-3185
-6107	-1932
-9131	-3894
21109	-2827
-3083	-7288
-59	-11741
-6107	14614
-12155	2557
-3083	2414
-6107	1454
-3083	2879
2965	4061
-59	-12636
-3083	24316
-59	8657
-9131	-8534
-59	11084
2965	12688
24133	-5076
-3083	14292
9013	5736
-6107	5736
18085	8299
-6107	3595
9013	-329
-3083	-8713
-59	12975
5989	-11104
2965	244
-6107	12867
2965	-1045
-6107	12652
-18204	41407
2965	9302
12037	-4825
-6107	5736
9013	-10317
-59	1096
-6107	-14598
2965	12473
-3083	-8892
-59	-10675
-18204	-3543
-59	7877
-3083	-6035
2965	6660
-6107	-14169
2965	10225
2965	8944
2965	-13882
-9131	2879
24133	4304
2965	-10066
30181	-10961
-3083	-4610
-15179	101
-3083	-12815
2965	-7145
-59	-5326
2965	-2040
-3083	-1403
21109	-1045
5989	-11920
-6107	-1825
21109	6910
-9131	7161
2965	-5684
-3083	-6071
-3083	7877
-3083	-6393
-6107	5414
5989	-14348
-59	-11741
-12155	738
-12155	-8856
15061	-1045
-6107	-6465
9013	6516
-9131	-4395
21109	-2111
-3083	-7961
-3083	-13603
-12155	6874
-3083	-3715
27157	-13603
-3083	-16632
-59	488
2965	8944
2965	17435
-12155	-4073
-3083	10368
-6107	-10675
-15179	10368
9013	18538
2965	11800
-18204	-16524
-3083	-14598
-59	667
-9131	-7539
12037	-2469
15061	3595
-6107	3595
-15179	-10603
-15179	-10567
-59	-1045
-18204	16791
-9131	-6751
5989	-13317
-9131	1454
2965	-11391
-12155	-2935
9013	-13703
5989	703
-3083	-14598
-3083	1812
-3083	-3543
-59	-14527
2965	3738
9013	-2720
-9131	-2827
2965	-14813
-6107	3953
-9131	1204
18085	-15314
-9131	14364
-6107	-9286
-3083	14686
5989	11514
2965	11156
-9131	1812
27157	-9608
-59	-14598
2965	7519
-3083	12158
-6107	-4682
2965	-12994
-9131	-4682
-15179	-3078
-59	7161
5989	-13846
-59	-7818
-21228	29
15061	18080
18085	5306
-3083	-3894
-3083	10655
-9131	559
-6107	-6536
9013	18932
-12155	1132
-3083	-7467
-12155	8228
-59	-11426
18085	-11391
2965	-9959
-59	5378
2965	-10030
-59	7161
-3083	-9959
-59	-13882
5989	5378
27157	917
-6107	9982
30181	10440
-6107	16827
2965	-8391
-3083	5306
-3083	18753
5989	18216
2965	-3543
-9131	33917
-15179	6803
-12155	2879
-9131	29
-15179	-579
2965	14686
-15179	33917
2965	-4968
-59	-2111
-6107	7161
18085	-329
21109	-12815
24133	-2577
-12155	-8534
-59	2879
5989	29
-59	-2469
-9131	-3185
-59	-13173
-12155	-436
12037	-14097
-3083	2170
5989	-9644
-6107	380
-59	17507
2965	-10317
-3083	8944
-3083	11335
-9131	-14240
12037	-4682
-6107	9660
-3083	-15844
18085	-2469
2965	173
5989	-10675
-3083	-11068
-6107	-13531
-3083	-3543
2965	5378
-3083	1096
33205	2521
-6107	4304
-3083	-13954
-3083	-6823
-3083	4096
-9131	-8963
5989	17865
-6107	19361
-3083	8729
2965	12158
-3083	-3543
-3083	-13531
2965	9552
-6107	7161
-6107	1454
-6107	-221
21109	-4073
5989	-1753
-59	-10639
-3083	17149
-6107	-11104
-6107	-10675
-59	47256
-59	-6035
24133	14084
-59	-7288
9013	-14598
2965	2342
-18204	11800
-6107	-7818
-59	380
2965	-12994
-3083	16254
-3083	-5999
2965	3774
5989	2099
5989	5736
-12155	7304
9013	-12672
-3083	4913
5989	25712
-59	-11033
18085	-14598
5989	16791
-15179	-1403
2965	-329
-6107	-14598
21109	13368
15061	11263
-59	-1753
-3083	-4897
-12155	-15243
-12155	29
-12155	-9608
15061	6803
2965	-3823
-12155	7161
24133	-2899
21109	8621
-59	19290
-3083	9660
-3083	2521
2965	-16059
2965	5306
-9131	10368
-12155	-830
-59	6445
5989	-830
18085	21073
-6107	-12815
15061	-15665
-6107	-3787
-9131	-1045
-3083	3237
-59	-4467
9013	-8534
-9131	-3185
-59	-12815
-12155	-11741
-9131	2170
-15179	-1403
-9131	16791
-12155	24638
-6107	-11391
2965	-6751
2965	-722
-6107	-1403
-3083	3524
-3083	1991
9013	9302
-6107	-4610
27157	-687
-6107	16684
18085	11800
9013	2170
24133	-10675
-6107	-14527
5989	8586
-3083	13225
-3083	-14920
9013	3237
-12155	-1789
2965	12158
2965	7519
12037	-3894
-9131	-472
-6107	-2613
-6107	-11741
-59	953
-3083	12509
-59	380
5989	3917
-9131	-14598
15061	-1753
5989	-6393
-6107	-3543
-12155	-2899
-6107	-14276
-9131	2879
-6107	-3543
-12155	4268
9013	10018
2965	-7467
-9131	-472
-3083	-15314
-3083	9660
-59	-11033
-3083	-6751
2965	3488
-59	5414
-3083	-8534
27157	5342
-9131	12509
-12155	4662
-59	10368
-12155	7232
-3083	738
-59	-543
-3083	-9994
-59	15366
2965	-8892
-59	-4610
-3083	1454
-15179	7877
2965	3953
-59	-8176
2965	7877
-3083	-5684
-3083	5485
18085	14578
-3083	7805
21109	6237
-6107	-364
-12155	-687
-3083	-6751
12037	-8892
-59	-5577
24133	-722
-9131	-6715
-6107	1812
5989	-4252
15061	2521
-6107	5378
-59	15366
-12155	-3751
27157	-2792
-9131	15402
-6107	29
-9131	3595
5989	3667
-6107	-4252
-59	-11462
-3083	-10245
21109	4304
5989	2879
2965	2170
2965	-13460
-6107	-6035
-3083	-2469
2965	774
2965	380
5989	-4646
-3083	-15808
-6107	12123
-15179	9660
9013	5020
-6107	6445
2965	-13667
21109	-15314
2965	-329
5989	10726
-3083	7698
-12155	244
12037	-4109
-3083	-4610
2965	-3894
-6107	6445
-12155	-4610
-9131	5378
-12155	-2469
-9131	5020
-12155	309
-12155	-4002
-9131	23571
9013	-4610
2965	6166
-59	6445
-6107	13941
-6107	-1403
15061	-6823
-12155	15617
-9131	2450
9013	11800
21109	-1152
-3083	-7467
5989	-7109
-3083	7877
-9131	5020
-59	2700
-6107	6094
-3083	17972
-15179	3595
15061	-10603
-3083	-14598
-3083	17507
-15179	-11212
-59	-4252
-3083	-15171
21109	2879
-59	-8176
-3083	22283
-3083	21001
-12155	559
-59	-5928
15061	13583
-59	-329
15061	-687
-59	-2827
39253	3595
2965	-12243
-9131	-1224
-6107	11800
-9131	37483
2965	8263
-6107	5378
12037	4519
-3083	2879
-15179	1311
-59	6094
5989	12158
2965	-12099
-12155	5987
9013	380
-9131	-9994
2965	1419
-12155	-13173
5989	-5004
2965	14220
5989	29
2965	-1403
-15179	-13173
12037	416
2965	-2827
2965	18180
-3083	-16381
-3083	12903
-3083	-2111
9013	-2720
2965	6445
18085	-8247
9013	12158
-59	7590
2965	-794
-9131	-15737
-12155	6094
-12155	13225
-9131	-6966
-59	-10460
-6107	-14204
9013	-3543
-59	738
-6107	-9959
12037	-7467
-18204	7877
-6107	10834
2965	3774
12037	-14598
-59	6094
-3083	10018
-9131	-6035
-6107	5485
-12155	8228
-6107	1812
-3083	2027
-3083	-16310
-21228	-15952
24133	-13531
-59	7805
-3083	-3543
-3083	-2219
-12155	-9959
-15179	-5684
2965	-1331
-12155	3667
-9131	-3185
-3083	1096
-3083	-2326
-3083	-10388
-3083	11084
12037	-11391
-6107	28777
-59	1454
-59	-11391
-6107	380
-9131	9302
-9131	1920
5989	-7431
-3083	20357
-15179	-15665
-6107	-14276
12037	2879
-9131	-16381
-9131	8979
18085	11550
-9131	-5326
-3083	3738
-15179	-6894
9013	18216
-59	6094
2965	-14598
9013	-15601
9013	14614
9013	-12350
-59	-3543
18085	-4252
-6107	-687
-9131	-901
-3083	-5255
-59	7877
-12155	-4252
-6107	4304
-3083	-8892
-6107	7161
-3083	-12243
15061	4662
-59	-10102
18085	13225
-3083	-1403
2965	1096
9013	-8534
-6107	-8892
-6107	-15952
-3083	10297
-3083	9660
-3083	2521
-3083	-4897
12037	-7818
2965	-4610
2965	-1331
-15179	-6178
-9131	2170
24133	-14598
21109	-3185
9013	1096
-3083	7662
5989	2879
-12155	14120
-9131	-6071
-6107	18789
-6107	-10066
-6107	8586
-59	11800
5989	3953
2965	2557
-9131	-7961
2965	2951
5989	-1753
2965	-1403
5989	-6035
-3083	22147
2965	380
-59	-15952
18085	-4825
15061	-651
5989	-4252
-3083	-16023
-3083	-15314
-15179	-14383
5989	11407
12037	-4610
5989	-12064
-6107	-10531
-3083	-12457
-59	-9608
-3083	5378
-15179	-12314
9013	12158
-9131	15115
-12155	309
-9131	-3715
-59	-8212
-59	-11741
-9131	10368
-3083	-2827
-6107	-5784
12037	-8892
-9131	-11033
9013	3953
-18204	-9536
24133	1096
-6107	-4252
27157	2879
-59	-14240
5989	882
30181	-10818
-3083	-11741
2965	-14562
-9131	-8963
18085	6445
-59	-16023
2965	-5784
-3083	-2827
-12155	738
-59	-687
-12155	7411
-3083	5127
-6107	2808
12037	7877
15061	3166
-3083	4304
5989	-9071
2965	-2792
-3083	7161
9013	14084
9013	14435
-3083	5987
2965	-1080
2965	-12887
-3083	1812
12037	1096
-6107	-7109
-6107	5808
2965	17149
-9131	3166
-6107	16082
5989	-12099
-59	-8534
-59	-9744
-6107	25712
15061	-4968
-6107	-6393
-59	-9815
9013	5020
-3083	9660
-3083	5664
5989	8944
-6107	12509
12037	12223
2965	4662
2965	738
-6107	-4968
-59	-7431
-3083	-1546
-15179	4662
-6107	-9959
-59	2242
5989	5736
-6107	-3185
-9131	29
-9131	-10675
-6107	-1045
-6107	-7467
-59	-2469
-12155	-12243
-59	-8677
5989	-12457
-3083	16154
-3083	-13846
-3083	8586
-12155	-7782
-59	-13030
2965	-10317
2965	5020
-6107	-11033
-6107	-13531
-12155	-3543
-9131	-4145
-6107	-3543
-9131	-7002
-3083	-12815
42277	3595
-12155	26421
-15179	-6393
-6107	-3543
-59	-14598
12037	20607
-9131	-4288
2965	-7109
-9131	17077
-3083	10368
21109	-11033
-3083	-329
12037	-5684
-15179	20006
9013	-10889
-6107	-5326
-18204	-8068
-6107	9731
5989	-12959
-9131	-11426
-3083	1025
-6107	-2111
-3083	27781
-3083	-3894
-3083	-11570
-59	-13173
-6107	-15457
-6107	-6250
18085	-5999
-59	-4968
-3083	2378
-9131	-11741
5989	-10782
-6107	3237
-15179	-3185
24133	-9250
-9131	6445
-59	10726
-3083	-10997
-59	1311
-59	2414
-18204	2521
2965	-9608
-6107	3595
42277	-2076
-12155	-4037
18085	17865
5989	-14240
-59	21789
2965	5378
-59	10726
-9131	-12959
12037	12438
-6107	-400
-59	2808
-59	4662
-3083	-937
-3083	-10675
-9131	-14598
-3083	3882
-3083	-11741
-9131	-11033
-9131	-7539
-18204	-5999
-59	4132
-9131	5414
-3083	-1152
5989	-10245
-59	3237
2965	17507
2965	4698
-3083	2063
9013	-12099
-3083	10018
18085	-3751
-59	-14992
18085	7877
-3083	-7818
-15179	12509
-3083	-11885
12037	5378
-12155	5020
-6107	-3543
-12155	-16238
15061	-12099
-3083	-3185
-3083	8944
5989	-6679
-59	3667
-9131	-7395
-59	-6107
2965	10018
21109	-5684
-3083	1025
2965	-5856
-12155	2170
-3083	11084
-3083	10726
-12155	-5326
18085	2170
9013	-7109
-3083	-3185
-3083	16433
-3083	2170
-59	-6250
9013	-2183
2965	2987
-9131	-8641
-59	-7109
24133	-436
15061	1454
-59	2951
2965	-14240
2965	9302
2965	-4252
-59	-16023
-12155	-11283
-9131	-6679
30181	3559
12037	-15529
-6107	6910
-15179	2521
-6107	-9887
-3083	-2469
-21228	19039
-9131	-2111
-6107	-2111
-12155	2521
-3083	12509
2965	-6787
-6107	8586
-6107	11263
-3083	1454
-6107	4662
21109	-10961
5989	-15386
-6107	17077
27157	-5999
5989	1096
27157	-16489
-6107	-7818
12037	-3150
-9131	-12028
-3083	-11498
2965	-4968
-9131	-6930
-9131	-1259
57397	-14455
-6107	-1753
-3083	3237
-59	-10317
-9131	-1045
-9131	29636
-3083	-14312
-6107	-5326
12037	2879
2965	-2255
-6107	-2398
-3083	7519
-59	-12815
-9131	3953
9013	9302
-3083	12509
-59	309
-3083	-7539
-3083	-10782
-12155	-6035
2965	-1152
5989	-8176
-9131	101
12037	17149
-3083	3846
-6107	15724
36229	13762
2965	19791
-6107	10018
-12155	2593
-59	-7818
-3083	-8534
-59	11979
2965	2879
-59	-10317
-6107	-10317
-3083	19039
-59	11084
-6107	-2613
5989	-12099
2965	1705
-3083	3810
9013	-3966
-15179	-8176
30181	5378
-59	16791
-15179	29
-59	21645
5989	1311
-9131	-10925
30181	-2219
-6107	-8247
-6107	8586
-6107	-8892
15061	1096
-3083	4304
-15179	-8104
12037	738
9013	-12314
12037	-9887
-12155	-11741
-3083	11657
5989	-6035
-59	-2469
9013	-8784
-18204	5306
-9131	-6751
5989	27567
-9131	7734
-59	-1403
-6107	-5684
-6107	2170
2965	7161
