4121	-10587
-353	-20153
9114	-2218
-2304	3757
1439	-8192
9243	6638
-8061	813
-8570	2484
-8830	713
22968	-1394
925	14895
-7542	239
9950	3919
15668	-22398
-7590	8609
6240	-11048
613	13772
-1266	5416
-627	-10100
3876	15992
-12818	6788
5678	9531
3717	3158
-3409	13323
-2400	-7169
28004	3619
17590	950
19008	14159
-7172	-9589
-3212	-2941
-17009	4156
19565	925
14669	-4563
200	-3365
-13549	-15289
7710	9793
-3726	8347
-4870	8845
24832	-3365
-9656	4044
-1473	4068
-18508	7037
3424	-4276
12804	9407
3780	-6720
7874	2360
589	-1320
3020	3308
959	9906
13929	8184
2324	14982
5067	-2218
4250	3757
3059	813
-8916	-8055
-11708	-16536
11867	6289
11636	-2218
11781	3794
1257	-571
14649	876
-8325	15743
2410	14159
-10589	-1320
-3313	6476
1958	-696
-6725	-2105
-146	-2505
-11564	-20029
1934	10928
19186	10155
4981	-11173
-3650	-3365
6932	18973
8806	1175
-1968	16504
19085	-10674
6711	15992
12564	-12919
-8546	15182
-2045	1300
-10771	1474
-944	9806
-7624	7037
17047	6476
-276	21006
2679	-2218
-8354	-3053
373	614
-3558	16217
9287	1961
973	3757
-17057	1487
5279	-20029
10858	-7568
5716	10380
8950	3420
11872	10280
23756	5416
-13928	177
-7287	-22398
2862	90
10233	-20178
685	-4899
14409	1112
-12256	16242
-15543	-3128
-13539	2048
-14620	-9913
-11795	9531
867	1499
9661	21380
-13419	10380
5413	2385
-2218	-1070
-15226	10380
-6908	9793
3131	489
3020	1112
1252	3906
-6038	-12296
3607	-11672
31	52
670	52
3659	15182
-10545	-7681
-10656	-1868
-4899	-14179
16509	-571
12117	-3365
2324	-7394
-7431	-1070
377	52
2155	-12919
843	-2105
-11002	-7681
-747	-17908
-10589	3407
-8950	-2505
3832	-22398
-2501	10928
-13525	2098
18426	713
-6542	3420
10262	11153
-5759	-7930
11603	9157
-12112	526
12381	14396
-2362	3906
12045	-10549
9517	-22398
-7369	1474
3025	-1320
2838	2659
-13462	-9913
-5327	-20029
-6466	-7394
2665	950
2199	-4014
-13539	177
-8763	3295
11579	9407
2593	-12919
-12150	-4899
2271	18973
-16749	4792
-1434	-2218
-18705	-2068
-6903	-3340
-8402	-3365
20257	6476
-15783	-1993
15625	-12320
-12122	888
-1732	-11185
3780	12063
-5360	3233
3198	2672
12141	-20029
810	-4064
-3751	-11921
589	-6147
-7042	-2941
-10589	1112
-12049	1474
-13486	14159
17590	3420
15130	4044
-6028	-2218
-11329	4293
2083	6039
-6677	-3028
-6206	-12919
4717	-2941
-8008	-6683
4640	2048
-16946	15992
5067	10429
-7840	-1507
14645	7411
25731	21380
1665	10429
3534	4156
-16360	2821
-12150	3794
2098	-20029
4645	14396
26442	-22398
6773	4418
-1526	-6147
10719	988
12819	3420
-1449	-2105
-9008	-20029
21651	15182
-310	813
-10694	1462
10747	-10587
-4039	14159
2266	5278
1194	3420
5207	16242
-6134	614
-13933	2672
3510	-1868
964	-20029
-20046	801
23073	3420
27	12063
-1506	888
-7013	8184
3900	14159
18604	614
-3558	-17783
-1891	-4937
-1910	6289
18532	-15264
15702	489
-6110	-10400
-12468	13323
7163	4044
18849	-4313
-9512	-2218
2083	-14166
959	-7681
-15682	-2218
-15975	3420
-5846	10380
6826	3794
-4082	-22398
-6840	5291
-310	-3365
-9656	-20004
-11146	-6371
-18580	-5560
-15130	-1756
-2141	888
11752	14757
-1780	3420
-1252	3545
3909	5416
84	489
-12410	3919
-10690	801
-7359	3794
5096	16242
18066	14159
2146	8908
-2737	7037
-14106	14159
-10646	10330
22958	14159
17888	-1981
-7523	5391
-10939	-22398
10632	-1394
7177	4068
-14981	14396
7273	2821
10517	3619
10233	27317
22674	-13044
-1276	10928
24832	1499
22439	52
4645	1162
13876	-1145
-2357	10280
-5139	-22398
-2775	925
-12122	-434
-3943	-1943
-1665	3420
-3726	8908
13756	5914
4337	21380
-13289	-5735
13746	2484
17408	12724
-10762	3233
1425	52
2179	-9302
-430	3956
9806	-9801
7187	3757
-16533	10928
-13318	1112
-5788	925
-1232	876
-1391	950
-2559	3420
18484	-7681
-12011	988
-1117	6413
-7172	3794
15971	3619
-15716	-14416
-4620	8908
-9474	3757
-1434	239
-7970	-7681
-10939	12275
1641	14159
-310	6413
26029	-6720
-1324	6064
1252	3295
3635	8908
-5029	-13418
-13986	-2941
18321	-17783
8008	13323
15212	27317
-6807	177
3280	5914
-3409	7037
-6749	-9913
-11060	4156
17408	-434
-9219	-22398
-12208	-2442
-8695	-1943
-12737	-8192
6860	-12919
-5841	-1394
3664	-22398
-1252	801
12165	-17783
11420	-3128
17	27317
-14755	14982
-1631	3295
-3630	8347
-6773	713
1997	9407
23155	-9552
3246	925
1583	-7394
-5149	-18781
16884	-1158
-6201	-14541
-6566	-6957
5077	1424
8349	13810
-5841	-5111
320	-13917
-4760	-2218
-1852	988
2251	3420
18638	3757
-7955	-2218
11074	14159
-6427	-12171
-12876	-7656
9527	526
17047	-1819
-2242	-17908
14356	4792
-7013	-3565
2540	7411
-11122	8609
-15250	-12919
12165	239
-6418	-22398
7763	11901
6571	7049
-305	-10549
7139	-10425
-353	8908
2155	489
-2958	-7394
-7254	8908
15043	-2218
-11122	-3664
-12761	9606
-11160	-5573
9099	14757
-2775	-3128
21238	3295
2083	813
5264	-8192
3837	-1681
11516	8347
3059	-14790
-10666	8908
-286	-12919
-8292	-11921
-13587	12151
6504	3420
-12419	-15164
-14346	-14179
-10060	813
10699	-1981
2131	-1320
9604	10679
4524	-2218
-4116	-20029
-7230	-1943
-12256	-2941
-2347	1337
11978	-18781
-5639	-2941
810	-9302
-286	352
16591	-1993
-3400	-7968
-14640	13273
5024	-2218
5149	14396
9690	-16287
-1828	3308
13232	15743
8349	-7169
1838	876
-1449	4730
-9301	-11709
-12146	-1332
-2280	-20029
9988	177
-8325	1487
-7196	-1320
10176	-3365
-6254	6413
6057	16504
-16326	-2517
8796	3757
-14279	2484
10598	14159
4082	-10512
9757	-13468
-7076	2385
690	988
2468	-4899
-2813	-22398
21238	-1868
4029	3407
12809	11777
9954	-1781
-8513	2659
12021	8908
-2674	2659
2593	2709
-11045	-9589
-7465	-9302
-2381	16242
-13606	-534
-13385	9157
10464	9033
-11694	9793
-3549	5914
8907	1300
-9474	3233
-16326	21143
15553	-20029
11809	3308
-2256	-1868
-1747	13897
-8008	-6957
-3645	-20029
-10493	-8192
-13347	1487
-6869	-7169
-5942	-696
-1290	-20029
5317	10679
670	-8641
-1641	-4737
10680	2672
3222	-17534
1665	-12383
-13169	-2105
11632	-8678
1305	16504
-10002	5914
2290	-22398
-8585	763
-16615	-8641
1785	3295
9051	1175
6230	-2218
-6908	3420
8042	-9913
-1713	6476
-11564	1337
26029	14159
867	-197
-19455	15743
-6139	14396
-6369	-2405
-1559	13897
-1852	1499
-3837	-1781
-6355	7037
-9757	-12919
-10219	15880
-14567	-210
21478	-20029
-14226	-10100
-2674	14757
9998	-2218
-6187	-6147
-5432	4068
-7715	-22398
-13385	-10512
-1208	12063
-15615	-22398
21238	-20178
-6172	-7656
3323	239
8633	3619
-646	-4937
2122	-1981
9344	-14715
2641	4044
-1795	-3340
-5327	10429
-4817	-2941
-2631	3158
6480	10330
2299	12151
2170	-12383
-7359	-14753
1372	-10512
18729	-22398
8470	-3365
-8859	352
2958	-6558
-15130	9157
-4500	6039
12501	551
-15245	-21026
-6480	3407
-7701	4917
26086	9531
4303	-22398
-4303	-2405
-848	-9851
-4961	-2218
-17566	-7681
-15437	-22398
-16048	925
-5360	10330
-7162	4792
-680	11153
-5740	-11672
-1655	3158
1728	-17908
20882	-7681
4717	-3128
14649	-12919
9114	11864
6216	-9427
-4885	-2442
-4837	3407
-9608	-210
4861	-2218
-14572	2385
8484	14396
-5077	9157
-7138	9806
964	14857
1905	11402
7533	6413
26567	16217
-12198	-7681
-3140	-2405
14597	-22398
-1679	-20029
2910	352
-14467	-7656
-1208	-7681
-13755	-10649
17408	-1781
17047	2659
8369	-2941
13587	21006
6634	15269
4534	-20178
-4202	713
-14611	-17908
-14149	-12919
4640	-14179
2621	-21026
-6836	4044
-12410	6476
11242	-2567
9709	18973
-9032	352
4073	-3365
13040	3420
-1574	-4899
7119	-20029
-9815	-571
8003	-20029
13996	-1981
5077	3757
-11132	-1569
-3948	-4313
18013	-22398
-3751	-3365
-4784	-1070
-8715	-210
-387	3794
-15221	3545
5543	-19904
4082	4418
8883	3407
-4399	-12919
6326	-7169
-7258	177
-12708	-14665
3323	2572
257	-9689
-5740	-3627
-12703	526
-2722	1300
-14149	713
-5255	526
-12093	-571
-4534	-20029
7725	-4899
-14034	-4687
-6403	-9302
-1353	-3365
-12559	2659
-5894	876
-3347	1112
23275	8184
-12434	-22398
464	14396
-4726	925
1550	2385
1939	12250
906	-7992
6230	-8641
2540	-2941
-17321	-447
12448	10280
320	925
-1208	2821
-5312	-1981
3953	4418
-12938	-1419
-15000	-1981
-2496	-4937
1608	813
-16821	-1981
8008	-2218
-2655	16242
-6538	9793
2929	13897
10824	-1993
15351	21143
-5793	-7681
6504	-6147
9868	2484
-16432	52
-2631	3420
3510	14396
-3496	-210
2256	-2405
-3986	-1993
12021	601
19445	18973
2372	-3053
14649	21143
-11939	-2505
6245	-12919
3780	13323
-9421	-12919
5207	10429
-1449	-2405
6754	3757
26029	1300
-8186	-2941
-9113	888
-6812	-10100
445	8783
-1689	813
4976	4967
-15399	-1158
-5298	13897
5543	-3053
11843	-172
-10416	11777
18556	-9302
-12977	-1320
-10122	-12919
-15870	-7681
-8888	5416
11809	8908
3486	-434
12021	15743
26029	-7681
-2453	1961
-10906	10928
-14270	12724
-13443	489
867	6850
23448	-3565
-8301	-3689
911	8609
11113	-2218
8926	838
-7359	11739
-9032	10280
-2136	6975
7691	4156
1430	1474
-1257	-10100
5418	10679
3131	16504
-10925	2048
10185	-9801
-9858	15992
-12496	9407
5139	-12171
-10060	8908
-6225	-3565
-4274	14757
-3352	-17534
1137	8908
-13876	12724
20368	177
4952	1474
-310	6064
-9743	6413
1905	14396
-6418	-21026
-15610	-22398
-1756	15880
-9815	-20178
-440	-20029
-6836	-659
-7230	9033
4717	4156
-7893	27317
-12444	3295
-7359	813
-6369	-534
7460	-12919
-2972	-2218
-4668	-8192
15216	8347
-6788	1337
3193	3919
-1122	-22398
1257	2821
-1112	2385
4779	8609
-13981	12063
-4322	-6558
1905	4293
-353	-5061
-7201	5914
1670	-2218
699	-14428
-6062	-9364
291	-20029
-17681	5790
11420	1175
5067	6039
-8378	10679
-3217	-8641
18013	-3365
-8772	1487
-1502	-22398
-18551	4792
4596	-8554
-6994	-20178
1113	-22398
18128	3233
-14572	-3340
9056	5391
-13337	1923
7384	3308
-8421	-3053
-3847	1300
-17311	-1981
-15610	-2941
24832	4792
-7033	-20004
2002	-12919
3424	801
2737	-2218
-5692	1487
863	16217
-1276	11402
-968	601
15116	-10549
7119	15880
3501	15880
-1449	3794
-12583	14396
-17686	16217
-6523	3919
-15533	888
-6816	-16224
-4716	5416
-15019	-1943
9099	-2080
1728	1923
-4726	-1781
-3525	-7681
1348	-1868
9123	13897
17590	-2941
-8080	-2218
1766	-5386
1502	-1981
11785	-14179
14332	614
6000	-2105
9806	-13630
-1449	-10512
12578	988
-8354	12724
2175	6289
4178	1911
-16845	15182
-6345	14982
-10646	3158
1583	9806
-4087	27317
-1824	6064
3131	2547
-689	11153
5130	-3066
-4870	4418
493	21143
-12208	-1394
-7768	-7656
24534	-21026
10560	-210
3784	-3340
-8835	6975
-2674	6912
964	614
-12246	-22398
-7201	13323
-7076	6663
-12641	-17908
19325	-12919
-3251	1300
3160	14159
-12098	-2218
-13347	7037
7802	9793
14231	-10587
10598	10679
-6043	15992
3347	-9751
291	3295
-752	-2218
-10690	9531
1319	5914
-2866	3582
-10915	10280
-7734	-3365
-1257	-9801
5024	-12919
21838	1499
7883	352
1281	1300
-7821	-9676
377	-3565
12458	-5436
-11973	2297
-1617	-8055
6004	-7556
1185	-14790
-12938	13897
8431	9806
16235	6289
24198	-17160
-4303	14159
6653	-6957
-16802	-12919
22252	-2505
4447	-1444
1684	10330
-36	8347
-550	-3340
-795	-3652
15586	15743
-1675	11402
7643	6413
-2304	-1195
949	4418
21238	14982
2069	-16536
5913	-1943
14169	-17783
-6932	-12919
9940	-1981
21430	-22398
925	950
-14149	-2218
-1776	14982
12698	13149
-2910	6413
12285	813
3131	-9552
2131	-4313
1194	-3565
8849	-4899
-8320	18973
-915	9157
-13784	3545
14058	-8529
-13486	-9302
-2227	-6433
24832	239
-10939	3295
-13265	551
2842	-6558
-13981	-9302
-2045	10330
3020	4044
-3092	-1993
6230	-3652
10344	1337
4832	-12919
8008	4156
19714	1923
-13232	3619
-1232	21380
12588	-2218
-3693	10429
-11338	9531
4736	3420
4914	-20029
12525	3233
373	-22398
8537	12063
-4303	-7681
-5721	-9302
-17287	4156
-4087	-22398
-6369	15880
-2439	11153
-12439	6912
21718	-3365
-14510	8908
-4039	-434
-3433	2821
12319	-1394
-3606	3295
-1852	2484
2900	-2405
-5370	-1070
20041	16217
15606	-16910
-9950	-20029
-9608	1923
-41	-2505
-2871	13897
10944	-21026
11050	-2405
19142	8908
-17364	-5685
-2674	-2218
5207	-6957
-12468	21006
5264	-12919
5678	-447
5716	8908
3059	-9464
3424	-3365
2078	-4612
-15639	-1694
-5687	4068
6033	4792
-1713	5191
-10497	-4313
11492	11739
-6139	16504
-6105	-22398
-5418	526
16355	10280
-1266	15269
-1362	21006
8763	-1694
-1651	14159
-1449	3757
13645	3158
12453	-2442
27494	12724
-2088	-13630
-15322	-2218
-8479	-4276
10051	-2218
-13823	1175
-13976	5964
-11098	8184
-12679	-20029
-5332	11402
3025	-16287
-16653	-12919
-2616	813
11343	-434
5923	876
4524	5790
2045	6476
-2261	5166
9945	9806
-15461	-9302
-7979	11402
-3813	-6683
